   10   24   30    1   10     /NEON               /GCR PROJECT      
--------------------------------------------------------------------------------
   7.69897   8.00000   8.30103   8.69897   9.00000   9.30103   9.69897  10.00000
  10.30103  10.69897  11.00000  11.30103  11.69897  12.00000  12.30103  12.69897
  13.00000  13.30103  13.69897  14.00000  14.30103  14.69897  15.00000  15.30103
  -0.69877  -0.52268  -0.30083  -0.15470   0.00020   0.17629   0.30123   0.47732
   0.69917   0.84530   1.00020   1.17629   1.30123   1.47732   1.69917   1.84530
   2.00020   2.17629   2.30123   2.47732   2.69917   2.84530   3.00020   3.17629
   3.30123   3.47732   3.69917   3.84530   4.00020   4.17629
---------------------/ IGRD= 1  / IPRT= 1  /--------/ Z1= 1   / DATE= 19/04/20
 -55.82062 -55.43989 -55.05410 -54.54164 -54.15191 -53.75825 -53.23447 -52.83390
 -52.42560 -51.87545 -51.44955 -51.01083 -50.40644 -49.92872 -49.43501 -48.77573
 -48.28976 -47.82982 -47.27743 -46.90097 -46.55374 -46.03920 -45.82175 -45.53361
 -39.43255 -39.44994 -39.46652 -39.48520 -39.49253 -39.48416 -39.41257 -39.26929
 -39.02405 -38.57169 -38.17491 -37.75211 -37.16635 -36.70507 -36.22929 -35.59404
 -35.12640 -34.68345 -34.11915 -33.75712 -33.45553 -33.03754 -32.73182 -32.42654
 -27.60323 -27.60051 -27.59773 -27.59377 -27.59015 -27.58510 -27.57277 -27.55144
 -27.50437 -27.35753 -27.14184 -26.83045 -26.31917 -25.89404 -25.45523 -24.87557
 -24.45166 -24.05056 -23.56191 -23.22252 -22.90645 -22.53544 -22.28162 -22.03138
 -22.15538 -22.15616 -22.15694 -22.15790 -22.15851 -22.15887 -22.15816 -22.15530
 -22.14722 -22.11390 -22.04823 -21.91499 -21.59331 -21.24746 -20.85168 -20.30621
 -19.90287 -19.52088 -19.05715 -18.74201 -18.46088 -18.15203 -17.95210 -17.75657
 -18.14508 -18.14483 -18.14457 -18.14424 -18.14394 -18.14354 -18.14307 -18.14182
 -18.13831 -18.12881 -18.10951 -18.06078 -17.89845 -17.66326 -17.34013 -16.84764
 -16.47027 -16.10896 -15.67729 -15.39913 -15.17003 -14.93032 -14.77611 -14.62542
 -14.91570 -14.91573 -14.91576 -14.91583 -14.91585 -14.91579 -14.91597 -14.91548
 -14.91334 -14.90927 -14.90275 -14.88561 -14.81995 -14.70064 -14.49228 -14.09778
 -13.76137 -13.43134 -13.05245 -12.82899 -12.66205 -12.49213 -12.37848 -12.26665
 -13.25872 -13.25871 -13.25870 -13.25863 -13.25857 -13.25856 -13.25836 -13.25829
 -13.25850 -13.25720 -13.25316 -13.24341 -13.20698 -13.13457 -12.99076 -12.67417
 -12.37628 -12.07568 -11.74247 -11.55897 -11.42807 -11.29781 -11.21047 -11.12448
 -11.54718 -11.54718 -11.54714 -11.54730 -11.54748 -11.54748 -11.54744 -11.54737
 -11.54706 -11.54592 -11.54394 -11.53941 -11.52109 -11.48318 -11.40057 -11.18444
 -10.95045 -10.69781 -10.42721 -10.29315 -10.20200 -10.11190 -10.05066  -9.99025
 -10.10503 -10.10507 -10.10523 -10.10463 -10.10392 -10.10387 -10.10399 -10.10394
 -10.10396 -10.10358 -10.10247 -10.09989 -10.09093 -10.07264 -10.03037  -9.90345
  -9.74323  -9.55641  -9.35739  -9.26598  -9.20557  -9.14407  -9.10060  -9.05747
  -9.44598  -9.44599  -9.44597  -9.44505  -9.44408  -9.44379  -9.44381  -9.44369
  -9.44344  -9.44308  -9.44225  -9.43999  -9.43374  -9.42176  -9.39351  -9.30569
  -9.18681  -9.03989  -8.88029  -8.80828  -8.75940  -8.70817  -8.67192  -8.63596
  -8.91061  -8.91056  -8.91022  -8.91028  -8.91061  -8.91048  -8.90957  -8.90891
  -8.90878  -8.90776  -8.90632  -8.90489  -8.90015  -8.89133  -8.87278  -8.81466
  -8.73166  -8.62267  -8.49910  -8.44265  -8.40264  -8.35964  -8.32949  -8.29961
  -8.44599  -8.44602  -8.44611  -8.44580  -8.44548  -8.44557  -8.44512  -8.44444
  -8.44414  -8.44320  -8.44190  -8.44047  -8.43688  -8.43104  -8.41935  -8.38347
  -8.33023  -8.25590  -8.16665  -8.12420  -8.09245  -8.05719  -8.03236  -8.00771
  -8.18714  -8.18716  -8.18723  -8.18678  -8.18640  -8.18652  -8.18557  -8.18428
  -8.18382  -8.18315  -8.18231  -8.18155  -8.17887  -8.17440  -8.16613  -8.14050
  -8.10166  -8.04589  -7.97579  -7.94080  -7.91360  -7.88319  -7.86204  -7.84105
  -7.89817  -7.89818  -7.89819  -7.89818  -7.89836  -7.89869  -7.89699  -7.89486
  -7.89419  -7.89431  -7.89440  -7.89433  -7.89223  -7.88888  -7.88376  -7.86759
  -7.84258  -7.80551  -7.75525  -7.72815  -7.70626  -7.68138  -7.66399  -7.64668
  -7.63479  -7.63479  -7.63479  -7.63478  -7.63477  -7.63477  -7.63470  -7.63424
  -7.63323  -7.63303  -7.63295  -7.63133  -7.63060  -7.63017  -7.62633  -7.61668
  -7.60297  -7.58032  -7.54681  -7.52742  -7.51154  -7.49224  -7.47762  -7.46286
  -7.51160  -7.51160  -7.51161  -7.51157  -7.51161  -7.51174  -7.51106  -7.51038
  -7.51052  -7.51055  -7.51004  -7.50949  -7.50889  -7.50796  -7.50562  -7.49899
  -7.48887  -7.47243  -7.44701  -7.43146  -7.41845  -7.40161  -7.38808  -7.37433
  -7.41387  -7.41387  -7.41387  -7.41387  -7.41387  -7.41384  -7.41397  -7.41415
  -7.41419  -7.41371  -7.41321  -7.41298  -7.41246  -7.41163  -7.41027  -7.40586
  -7.39851  -7.38632  -7.36701  -7.35445  -7.34304  -7.32804  -7.31624  -7.30428
  -7.33688  -7.33688  -7.33688  -7.33688  -7.33688  -7.33688  -7.33685  -7.33683
  -7.33686  -7.33673  -7.33643  -7.33603  -7.33556  -7.33516  -7.33437  -7.33146
  -7.32637  -7.31758  -7.30273  -7.29246  -7.28310  -7.26968  -7.25819  -7.24639
  -7.30122  -7.30122  -7.30122  -7.30122  -7.30122  -7.30122  -7.30120  -7.30124
  -7.30134  -7.30080  -7.30031  -7.30052  -7.30001  -7.29919  -7.29893  -7.29669
  -7.29238  -7.28581  -7.27382  -7.26462  -7.25594  -7.24337  -7.23260  -7.22151
  -7.26554  -7.26554  -7.26554  -7.26554  -7.26554  -7.26554  -7.26555  -7.26552
  -7.26546  -7.26581  -7.26618  -7.26612  -7.26558  -7.26518  -7.26482  -7.26276
  -7.25938  -7.25432  -7.24448  -7.23665  -7.22971  -7.21866  -7.20821  -7.19733
  -7.22229  -7.22229  -7.22229  -7.22229  -7.22229  -7.22228  -7.22232  -7.22219
  -7.22188  -7.22355  -7.22515  -7.22460  -7.22403  -7.22429  -7.22364  -7.22163
  -7.21922  -7.21553  -7.20776  -7.20167  -7.19718  -7.18819  -7.17806  -7.16735
  -7.19380  -7.19380  -7.19380  -7.19381  -7.19380  -7.19378  -7.19385  -7.19364
  -7.19318  -7.19571  -7.19812  -7.19725  -7.19665  -7.19734  -7.19649  -7.19445
  -7.19259  -7.18963  -7.18300  -7.17806  -7.17524  -7.16767  -7.15776  -7.14715
  -7.16360  -7.16360  -7.16360  -7.16361  -7.16360  -7.16358  -7.16367  -7.16339
  -7.16276  -7.16620  -7.16947  -7.16826  -7.16763  -7.16877  -7.16770  -7.16559
  -7.16424  -7.16193  -7.15636  -7.15261  -7.15162  -7.14558  -7.13590  -7.12540
  -7.12927  -7.12927  -7.12927  -7.12928  -7.12927  -7.12924  -7.12936  -7.12899
  -7.12818  -7.13266  -7.13689  -7.13531  -7.13463  -7.13629  -7.13495  -7.13273
  -7.13189  -7.13019  -7.12566  -7.12325  -7.12435  -7.12010  -7.11068  -7.10029
  -7.10491  -7.10491  -7.10491  -7.10492  -7.10491  -7.10487  -7.10502  -7.10459
  -7.10364  -7.10886  -7.11378  -7.11192  -7.11122  -7.11323  -7.11171  -7.10938
  -7.10887  -7.10754  -7.10366  -7.10218  -7.10479  -7.10181  -7.09257  -7.08225
  -7.07058  -7.07058  -7.07057  -7.07059  -7.07058  -7.07054  -7.07070  -7.07019
  -7.06906  -7.07531  -7.08121  -7.07897  -7.07823  -7.08074  -7.07893  -7.07644
  -7.07636  -7.07548  -7.07240  -7.07220  -7.07694  -7.07578  -7.06678  -7.05657
  -7.02732  -7.02732  -7.02732  -7.02734  -7.02733  -7.02727  -7.02748  -7.02686
  -7.02548  -7.03305  -7.04017  -7.03745  -7.03665  -7.03979  -7.03763  -7.03490
  -7.03529  -7.03489  -7.03268  -7.03404  -7.04147  -7.04261  -7.03391  -7.02381
  -6.99883  -6.99883  -6.99883  -6.99885  -6.99884  -6.99878  -6.99901  -6.99831
  -6.99678  -7.00521  -7.01314  -7.01010  -7.00927  -7.01282  -7.01042  -7.00752
  -7.00820  -7.00806  -7.00635  -7.00871  -7.01791  -7.02057  -7.01207  -7.00203
  -6.96863  -6.96863  -6.96863  -6.96865  -6.96864  -6.96857  -6.96882  -6.96806
  -6.96636  -6.97570  -6.98449  -6.98111  -6.98024  -6.98423  -6.98157  -6.97848
  -6.97945  -6.97956  -6.97833  -6.98173  -6.99280  -6.99706  -6.98876  -6.97879
  -6.93430  -6.93430  -6.93430  -6.93432  -6.93431  -6.93423  -6.93451  -6.93366
  -6.93178  -6.94216  -6.95192  -6.94815  -6.94723  -6.95172  -6.94877  -6.94545
  -6.94673  -6.94709  -6.94636  -6.95091  -6.96410  -6.97019  -6.96210  -6.95219
---------------------/ IGRD= 1  / IPRT= 1  /--------/ Z1= 2   / DATE= 19/04/20
 -71.82719 -71.83274 -71.83828 -71.84534 -71.84999 -71.85313 -71.85955 -71.86361
 -71.85586 -71.97331 -72.18750 -72.29246 -72.33077 -72.38796 -72.44230 -72.50902
 -72.56226 -72.58988 -72.53524 -72.38449 -72.17665 -71.88797 -71.68399 -71.52396
 -65.24012 -64.99837 -64.73070 -64.36139 -64.08540 -63.81425 -63.46494 -63.20658
 -62.94825 -62.60228 -62.33575 -62.06413 -61.69498 -61.40676 -61.11057 -60.69813
 -60.37067 -60.04544 -59.57018 -59.14919 -58.73713 -58.27375 -58.00085 -57.80391
 -43.98830 -43.96215 -43.91930 -43.81547 -43.67075 -43.44072 -43.01688 -42.63600
 -42.23311 -41.68718 -41.26869 -40.84546 -40.27434 -39.82995 -39.37392 -38.75024
 -38.25914 -37.74811 -37.04917 -36.52078 -36.02021 -35.45319 -35.12543 -34.88938
 -33.78659 -33.78433 -33.78115 -33.77488 -33.76680 -33.75123 -33.69391 -33.58645
 -33.38975 -33.00074 -32.63966 -32.24966 -31.70899 -31.28610 -30.85336 -30.26433
 -29.80271 -29.32509 -28.67333 -28.17857 -27.70605 -27.16471 -26.84883 -26.62133
 -26.13628 -26.13482 -26.13298 -26.13074 -26.12983 -26.12965 -26.12845 -26.12076
 -26.09547 -26.00770 -25.86945 -25.64328 -25.22319 -24.84295 -24.43512 -23.87043
 -23.42714 -22.97063 -22.35194 -21.88644 -21.44864 -20.95882 -20.68015 -20.48133
 -20.13778 -20.13944 -20.14146 -20.14400 -20.14483 -20.14371 -20.13970 -20.13703
 -20.13792 -20.13968 -20.12662 -20.07726 -19.91596 -19.69885 -19.39670 -18.90422
 -18.49123 -18.05988 -17.48637 -17.08194 -16.74706 -16.41986 -16.23875 -16.09749
 -17.12701 -17.12655 -17.12599 -17.12529 -17.12505 -17.12529 -17.12634 -17.12681
 -17.12519 -17.11898 -17.11056 -17.09558 -17.04308 -16.94281 -16.75206 -16.36056
 -15.98808 -15.58157 -15.05575 -14.72111 -14.47963 -14.26596 -14.13203 -14.00605
 -14.06432 -14.06442 -14.06455 -14.06472 -14.06478 -14.06468 -14.06451 -14.06447
 -14.06436 -14.06393 -14.06255 -14.05805 -14.04132 -14.00801 -13.93360 -13.71555
 -13.44274 -13.10324 -12.67575 -12.45109 -12.31190 -12.17804 -12.05520 -11.91073
 -11.56016 -11.56016 -11.56017 -11.56009 -11.55999 -11.56009 -11.55982 -11.55904
 -11.55859 -11.55864 -11.55843 -11.55702 -11.55169 -11.54128 -11.51670 -11.42798
 -11.28484 -11.06488 -10.77852 -10.65017 -10.57060 -10.45986 -10.33122 -10.17046
 -10.44441 -10.44436 -10.44432 -10.44430 -10.44431 -10.44426 -10.44412 -10.44405
 -10.44410 -10.44359 -10.44247 -10.44137 -10.43858 -10.43268 -10.41942 -10.37141
 -10.28629 -10.13980  -9.93989  -9.85242  -9.79179  -9.68902  -9.56643  -9.41280
  -9.57091  -9.57070  -9.56986  -9.56884  -9.56882  -9.56891  -9.56882  -9.56867
  -9.56856  -9.56839  -9.56804  -9.56726  -9.56488  -9.56111  -9.55373  -9.52791
  -9.47998  -9.39185  -9.26478  -9.20652  -9.16142  -9.07416  -8.96727  -8.83446
  -8.84730  -8.84720  -8.84682  -8.84643  -8.84654  -8.84656  -8.84634  -8.84616
  -8.84603  -8.84613  -8.84610  -8.84485  -8.84222  -8.84010  -8.83616  -8.82240
  -8.79717  -8.75029  -8.67898  -8.64234  -8.61088  -8.54598  -8.46461  -8.36202
  -8.46267  -8.46268  -8.46274  -8.46267  -8.46241  -8.46224  -8.46222  -8.46220
  -8.46196  -8.46155  -8.46121  -8.46035  -8.45864  -8.45700  -8.45406  -8.44505
  -8.42916  -8.39901  -8.35141  -8.32520  -8.30135  -8.25111  -8.18766  -8.10627
  -8.05279  -8.05277  -8.05267  -8.05239  -8.05216  -8.05209  -8.05212  -8.05199
  -8.05167  -8.05113  -8.05078  -8.05044  -8.04965  -8.04843  -8.04640  -8.04111
  -8.03239  -8.01590  -7.98882  -7.97233  -7.95617  -7.92170  -7.87833  -7.82221
  -7.69559  -7.69556  -7.69542  -7.69526  -7.69528  -7.69535  -7.69524  -7.69506
  -7.69524  -7.69466  -7.69309  -7.69231  -7.69246  -7.69219  -7.69075  -7.68784
  -7.68415  -7.67549  -7.66009  -7.65053  -7.64089  -7.62007  -7.59356  -7.55830
  -7.52893  -7.52894  -7.52894  -7.52896  -7.52897  -7.52890  -7.52878  -7.52878
  -7.52886  -7.52837  -7.52738  -7.52681  -7.52680  -7.52664  -7.52567  -7.52366
  -7.52114  -7.51526  -7.50463  -7.49773  -7.49071  -7.47575  -7.45640  -7.42954
  -7.39606  -7.39606  -7.39607  -7.39607  -7.39607  -7.39606  -7.39605  -7.39606
  -7.39606  -7.39603  -7.39597  -7.39597  -7.39582  -7.39524  -7.39396  -7.39204
  -7.39051  -7.38731  -7.38047  -7.37484  -7.36936  -7.35846  -7.34407  -7.32391
  -7.28918  -7.28917  -7.28917  -7.28917  -7.28916  -7.28917  -7.28918  -7.28918
  -7.28919  -7.28919  -7.28922  -7.28948  -7.28953  -7.28888  -7.28794  -7.28681
  -7.28576  -7.28334  -7.27850  -7.27484  -7.27107  -7.26280  -7.25191  -7.23724
  -7.23735  -7.23735  -7.23735  -7.23735  -7.23735  -7.23735  -7.23735  -7.23735
  -7.23733  -7.23737  -7.23739  -7.23704  -7.23639  -7.23616  -7.23607  -7.23566
  -7.23459  -7.23243  -7.22853  -7.22561  -7.22252  -7.21579  -7.20692  -7.19461
  -7.18733  -7.18733  -7.18733  -7.18733  -7.18733  -7.18733  -7.18733  -7.18733
  -7.18731  -7.18737  -7.18741  -7.18706  -7.18666  -7.18676  -7.18640  -7.18558
  -7.18509  -7.18397  -7.18111  -7.17836  -7.17563  -7.17057  -7.16393  -7.15420
  -7.14327  -7.14327  -7.14327  -7.14327  -7.14327  -7.14327  -7.14327  -7.14327
  -7.14327  -7.14327  -7.14326  -7.14328  -7.14329  -7.14329  -7.14341  -7.14296
  -7.14178  -7.14050  -7.13835  -7.13620  -7.13436  -7.13109  -7.12635  -7.11927
  -7.12049  -7.12049  -7.12049  -7.12049  -7.12049  -7.12049  -7.12049  -7.12049
  -7.12049  -7.12048  -7.12048  -7.12052  -7.12041  -7.12004  -7.11961  -7.11915
  -7.11882  -7.11823  -7.11670  -7.11509  -7.11347  -7.11044  -7.10633  -7.10013
  -7.09935  -7.09935  -7.09935  -7.09935  -7.09935  -7.09935  -7.09935  -7.09935
  -7.09935  -7.09934  -7.09934  -7.09938  -7.09928  -7.09894  -7.09847  -7.09816
  -7.09819  -7.09773  -7.09639  -7.09519  -7.09382  -7.09166  -7.08891  -7.08351
  -7.07605  -7.07605  -7.07605  -7.07605  -7.07605  -7.07605  -7.07605  -7.07605
  -7.07605  -7.07605  -7.07605  -7.07605  -7.07596  -7.07581  -7.07568  -7.07573
  -7.07574  -7.07508  -7.07375  -7.07296  -7.07194  -7.07108  -7.07018  -7.06569
  -7.05950  -7.05950  -7.05950  -7.05950  -7.05950  -7.05950  -7.05950  -7.05950
  -7.05950  -7.05951  -7.05951  -7.05948  -7.05940  -7.05937  -7.05948  -7.05979
  -7.05979  -7.05897  -7.05763  -7.05714  -7.05636  -7.05643  -7.05684  -7.05298
  -7.03616  -7.03616  -7.03616  -7.03616  -7.03616  -7.03616  -7.03616  -7.03616
  -7.03615  -7.03616  -7.03617  -7.03610  -7.03602  -7.03615  -7.03661  -7.03730
  -7.03727  -7.03621  -7.03485  -7.03478  -7.03433  -7.03572  -7.03799  -7.03500
  -7.00670  -7.00670  -7.00670  -7.00670  -7.00670  -7.00670  -7.00670  -7.00670
  -7.00669  -7.00671  -7.00673  -7.00661  -7.00652  -7.00681  -7.00772  -7.00891
  -7.00884  -7.00745  -7.00605  -7.00651  -7.00648  -7.00951  -7.01415  -7.01223
  -6.98727  -6.98727  -6.98727  -6.98727  -6.98727  -6.98727  -6.98727  -6.98727
  -6.98726  -6.98729  -6.98730  -6.98716  -6.98706  -6.98744  -6.98865  -6.99018
  -6.99008  -6.98846  -6.98702  -6.98783  -6.98807  -6.99217  -6.99838  -6.99716
  -6.96665  -6.96665  -6.96665  -6.96665  -6.96665  -6.96665  -6.96665  -6.96666
  -6.96664  -6.96667  -6.96669  -6.96652  -6.96641  -6.96686  -6.96840  -6.97030
  -6.97016  -6.96829  -6.96680  -6.96799  -6.96851  -6.97374  -6.98162  -6.98112
  -6.94319  -6.94319  -6.94319  -6.94319  -6.94319  -6.94319  -6.94319  -6.94319
  -6.94318  -6.94321  -6.94323  -6.94303  -6.94290  -6.94342  -6.94533  -6.94767
  -6.94748  -6.94530  -6.94376  -6.94538  -6.94620  -6.95273  -6.96252  -6.96281
---------------------/ IGRD= 1  / IPRT= 1  /--------/ Z1= 3   / DATE= 19/04/20
 -73.52288 -73.52288 -73.52288 -73.52288 -73.52288 -73.52288 -73.52288 -73.52288
 -73.52288 -73.52288 -73.52288 -73.52288 -73.52288 -73.52288 -73.52288 -73.52288
 -73.52288 -73.52288 -73.52288 -73.52288 -73.52288 -73.52288 -73.52288 -73.52288
 -73.52288 -73.52288 -73.52288 -73.52288 -73.52288 -73.52288 -73.52288 -73.52288
 -73.52288 -73.52288 -73.52288 -73.52288 -73.52288 -73.52288 -73.52288 -73.52288
 -73.52288 -73.52288 -73.52288 -73.52288 -73.52288 -73.52288 -73.52288 -73.52288
 -64.51356 -64.51077 -64.50966 -64.50789 -64.50276 -64.48932 -64.43959 -64.34370
 -64.16160 -63.77643 -63.41433 -63.02138 -62.47781 -62.05590 -61.62327 -61.02482
 -60.54860 -60.04794 -59.33966 -58.76798 -58.16397 -57.31966 -56.66692 -56.02841
 -50.47918 -50.46942 -50.46526 -50.46164 -50.45779 -50.45033 -50.42409 -50.37132
 -50.25937 -49.98175 -49.67880 -49.31977 -48.79687 -48.37608 -47.93887 -47.34203
 -46.87106 -46.38056 -45.70067 -45.15324 -44.57412 -43.76681 -43.13635 -42.51032
 -37.93616 -37.93087 -37.92838 -37.92659 -37.92596 -37.92604 -37.92769 -37.93138
 -37.93909 -37.95668 -37.96927 -37.96666 -37.90220 -37.77338 -37.55351 -37.12937
 -36.73093 -36.28986 -35.66564 -35.16512 -34.63732 -33.89493 -33.30771 -32.71595
 -28.35824 -28.35278 -28.34999 -28.34796 -28.34709 -28.34662 -28.34631 -28.34603
 -28.34552 -28.34439 -28.34350 -28.34232 -28.33942 -28.33592 -28.32547 -28.27818
 -28.18680 -28.00921 -27.60807 -27.20327 -26.74411 -26.08925 -25.56523 -25.02789
 -23.15363 -23.14905 -23.14660 -23.14489 -23.14425 -23.14393 -23.14378 -23.14407
 -23.14475 -23.14607 -23.14752 -23.14869 -23.14820 -23.14702 -23.14609 -23.14518
 -23.14014 -23.11500 -23.00727 -22.83822 -22.57272 -22.08000 -21.63297 -21.15205
 -18.03436 -18.03153 -18.02990 -18.02875 -18.02833 -18.02813 -18.02797 -18.02781
 -18.02749 -18.02670 -18.02620 -18.02588 -18.02563 -18.02592 -18.02577 -18.02294
 -18.02050 -18.01987 -18.02052 -18.00848 -17.95942 -17.77440 -17.51307 -17.16540
 -14.08959 -14.08941 -14.08932 -14.08929 -14.08929 -14.08931 -14.08932 -14.08930
 -14.08933 -14.08952 -14.08911 -14.08839 -14.08819 -14.08851 -14.08848 -14.08697
 -14.08613 -14.08527 -14.08108 -14.07412 -14.06010 -14.01624 -13.94701 -13.83673
 -12.34952 -12.34947 -12.34942 -12.34932 -12.34923 -12.34917 -12.34916 -12.34915
 -12.34909 -12.34886 -12.34853 -12.34818 -12.34790 -12.34758 -12.34708 -12.34625
 -12.34534 -12.34410 -12.34162 -12.33779 -12.32999 -12.30767 -12.27619 -12.22555
 -11.03875 -11.03881 -11.03881 -11.03872 -11.03866 -11.03869 -11.03879 -11.03836
 -11.03770 -11.03753 -11.03762 -11.03737 -11.03627 -11.03585 -11.03587 -11.03528
 -11.03398 -11.03211 -11.02917 -11.02608 -11.02099 -11.00821 -10.99097 -10.96183
 -10.00851 -10.00886 -10.00901 -10.00897 -10.00886 -10.00881 -10.00883 -10.00862
 -10.00824 -10.00793 -10.00771 -10.00738 -10.00684 -10.00634 -10.00572 -10.00462
 -10.00332 -10.00160  -9.99881  -9.99592  -9.99150  -9.98138  -9.96868  -9.94839
  -9.47906  -9.47960  -9.47982  -9.47970  -9.47947  -9.47931  -9.47930  -9.47912
  -9.47881  -9.47862  -9.47839  -9.47806  -9.47763  -9.47708  -9.47628  -9.47509
  -9.47410  -9.47277  -9.46995  -9.46697  -9.46287  -9.45432  -9.44377  -9.42733
  -8.93252  -8.93342  -8.93389  -8.93396  -8.93381  -8.93367  -8.93364  -8.93343
  -8.93325  -8.93356  -8.93305  -8.93215  -8.93211  -8.93152  -8.93045  -8.93029
  -8.92983  -8.92829  -8.92502  -8.92247  -8.91946  -8.91254  -8.90396  -8.89111
  -8.47047  -8.47139  -8.47190  -8.47211  -8.47208  -8.47198  -8.47189  -8.47196
  -8.47194  -8.47132  -8.47103  -8.47085  -8.47003  -8.46973  -8.46961  -8.46846
  -8.46756  -8.46680  -8.46511  -8.46277  -8.45965  -8.45468  -8.44882  -8.43987
  -8.25918  -8.25992  -8.26029  -8.26043  -8.26039  -8.26029  -8.26018  -8.26025
  -8.26023  -8.25957  -8.25947  -8.25961  -8.25892  -8.25854  -8.25838  -8.25755
  -8.25695  -8.25621  -8.25395  -8.25216  -8.25023  -8.24584  -8.24072  -8.23354
  -8.09154  -8.09208  -8.09232  -8.09238  -8.09234  -8.09230  -8.09230  -8.09236
  -8.09233  -8.09194  -8.09162  -8.09147  -8.09149  -8.09109  -8.09046  -8.09012
  -8.08986  -8.08917  -8.08746  -8.08608  -8.08444  -8.08063  -8.07633  -8.07054
  -7.95090  -7.95121  -7.95136  -7.95146  -7.95146  -7.95135  -7.95105  -7.95093
  -7.95096  -7.95097  -7.95082  -7.95058  -7.95032  -7.95008  -7.94984  -7.94958
  -7.94912  -7.94846  -7.94766  -7.94657  -7.94491  -7.94204  -7.93892  -7.93453
  -7.87230  -7.87251  -7.87260  -7.87264  -7.87264  -7.87258  -7.87243  -7.87240
  -7.87240  -7.87227  -7.87222  -7.87217  -7.87185  -7.87164  -7.87150  -7.87117
  -7.87069  -7.87007  -7.86914  -7.86824  -7.86703  -7.86479  -7.86227  -7.85869
  -7.78106  -7.78117  -7.78121  -7.78123  -7.78123  -7.78119  -7.78111  -7.78110
  -7.78110  -7.78098  -7.78088  -7.78083  -7.78078  -7.78071  -7.78052  -7.78003
  -7.77971  -7.77937  -7.77852  -7.77778  -7.77696  -7.77528  -7.77332  -7.77062
  -7.68819  -7.68824  -7.68825  -7.68827  -7.68827  -7.68825  -7.68819  -7.68819
  -7.68819  -7.68805  -7.68799  -7.68796  -7.68783  -7.68770  -7.68757  -7.68738
  -7.68711  -7.68674  -7.68620  -7.68599  -7.68568  -7.68433  -7.68293  -7.68114
  -7.63549  -7.63553  -7.63553  -7.63553  -7.63553  -7.63553  -7.63554  -7.63555
  -7.63555  -7.63549  -7.63548  -7.63549  -7.63545  -7.63539  -7.63537  -7.63538
  -7.63519  -7.63501  -7.63523  -7.63464  -7.63357  -7.63302  -7.63208  -7.63031
  -7.58534  -7.58536  -7.58537  -7.58537  -7.58537  -7.58537  -7.58536  -7.58535
  -7.58536  -7.58538  -7.58538  -7.58538  -7.58539  -7.58541  -7.58542  -7.58540
  -7.58552  -7.58547  -7.58446  -7.58375  -7.58353  -7.58360  -7.58309  -7.58162
  -7.53345  -7.53346  -7.53347  -7.53347  -7.53347  -7.53347  -7.53347  -7.53347
  -7.53347  -7.53346  -7.53346  -7.53346  -7.53346  -7.53346  -7.53346  -7.53347
  -7.53345  -7.53346  -7.53345  -7.53282  -7.53203  -7.53205  -7.53155  -7.53036
  -7.49852  -7.49853  -7.49853  -7.49853  -7.49853  -7.49853  -7.49853  -7.49853
  -7.49853  -7.49853  -7.49853  -7.49853  -7.49854  -7.49853  -7.49854  -7.49856
  -7.49848  -7.49851  -7.49893  -7.49836  -7.49729  -7.49711  -7.49701  -7.49638
  -7.45005  -7.45006  -7.45006  -7.45006  -7.45006  -7.45006  -7.45006  -7.45006
  -7.45006  -7.45005  -7.45005  -7.45005  -7.45005  -7.45005  -7.45005  -7.45003
  -7.45009  -7.45007  -7.44961  -7.44923  -7.44886  -7.44838  -7.44928  -7.44987
  -7.38896  -7.38896  -7.38896  -7.38896  -7.38896  -7.38896  -7.38896  -7.38897
  -7.38897  -7.38895  -7.38895  -7.38896  -7.38894  -7.38895  -7.38894  -7.38887
  -7.38910  -7.38903  -7.38742  -7.38728  -7.38780  -7.38695  -7.38908  -7.39120
  -7.34868  -7.34869  -7.34869  -7.34869  -7.34869  -7.34869  -7.34869  -7.34870
  -7.34869  -7.34868  -7.34868  -7.34868  -7.34866  -7.34867  -7.34866  -7.34856
  -7.34890  -7.34879  -7.34644  -7.34646  -7.34755  -7.34646  -7.34938  -7.35247
  -7.30596  -7.30597  -7.30597  -7.30596  -7.30596  -7.30597  -7.30597  -7.30598
  -7.30598  -7.30595  -7.30595  -7.30596  -7.30593  -7.30595  -7.30593  -7.30579
  -7.30625  -7.30611  -7.30299  -7.30317  -7.30485  -7.30350  -7.30724  -7.31134
  -7.25736  -7.25736  -7.25736  -7.25736  -7.25736  -7.25736  -7.25737  -7.25738
  -7.25738  -7.25735  -7.25734  -7.25735  -7.25732  -7.25734  -7.25731  -7.25714
  -7.25773  -7.25754  -7.25357  -7.25394  -7.25626  -7.25463  -7.25927  -7.26449
---------------------/ IGRD= 1  / IPRT= 1  /--------/ Z1= 4   / DATE= 19/04/20
 -73.19650 -73.39794 -73.39794 -73.39794 -73.39794 -73.39794 -73.39794 -73.39794
 -73.39794 -73.39794 -73.39794 -73.39794 -73.39794 -73.39794 -73.39794 -73.39794
 -73.39794 -73.39794 -73.39794 -73.39794 -73.39794 -73.39794 -73.39794 -73.39794
 -72.87877 -73.38426 -73.39794 -73.39794 -73.39794 -73.39794 -73.39794 -73.39794
 -73.39794 -73.39794 -73.39794 -73.39794 -73.39794 -73.39794 -73.39794 -73.39794
 -73.39794 -73.39794 -73.39794 -73.39794 -73.39794 -73.39794 -73.39794 -73.39794
 -72.35175 -72.68331 -72.97555 -73.25868 -73.38739 -73.39794 -73.39794 -73.39794
 -73.39794 -73.39794 -73.39794 -73.39794 -73.39794 -73.39794 -73.39794 -73.39794
 -73.39794 -73.39794 -73.39794 -73.39794 -73.39794 -73.39794 -73.39794 -73.39794
 -66.55923 -66.55499 -66.55100 -66.54890 -66.54885 -66.54914 -66.54918 -66.54907
 -66.54899 -66.54899 -66.54895 -66.54873 -66.54819 -66.54700 -66.54110 -66.51478
 -66.45859 -66.31561 -65.92917 -65.49582 -64.98646 -64.24463 -63.64149 -63.01206
 -48.45926 -48.45039 -48.44241 -48.43729 -48.43633 -48.43628 -48.43612 -48.43595
 -48.43584 -48.43583 -48.43581 -48.43580 -48.43582 -48.43589 -48.43595 -48.43630
 -48.43710 -48.43784 -48.43379 -48.40744 -48.29872 -47.93330 -47.47949 -46.92852
 -34.84496 -34.82914 -34.81543 -34.80613 -34.80391 -34.80323 -34.80225 -34.80157
 -34.80118 -34.80116 -34.80120 -34.80121 -34.80119 -34.80115 -34.80106 -34.80067
 -34.79972 -34.79730 -34.79050 -34.78258 -34.77425 -34.74480 -34.65777 -34.42817
 -28.25998 -28.24365 -28.22922 -28.21837 -28.21485 -28.21320 -28.21173 -28.21102
 -28.21066 -28.21059 -28.21061 -28.21063 -28.21062 -28.21061 -28.21060 -28.21053
 -28.21029 -28.20972 -28.20808 -28.20551 -28.20012 -28.17998 -28.13353 -28.00940
 -21.82248 -21.80826 -21.79576 -21.78560 -21.78153 -21.77924 -21.77760 -21.77708
 -21.77692 -21.77685 -21.77657 -21.77636 -21.77636 -21.77632 -21.77638 -21.77625
 -21.77537 -21.77460 -21.77374 -21.77148 -21.76699 -21.75134 -21.71839 -21.64216
 -16.47636 -16.46713 -16.45917 -16.45210 -16.44854 -16.44617 -16.44452 -16.44409
 -16.44409 -16.44426 -16.44412 -16.44399 -16.44397 -16.44380 -16.44371 -16.44329
 -16.44190 -16.44069 -16.43990 -16.43827 -16.43485 -16.42488 -16.40819 -16.37403
 -14.10990 -14.10439 -14.10006 -14.09623 -14.09399 -14.09226 -14.09090 -14.09043
 -14.09033 -14.09042 -14.09026 -14.09005 -14.08980 -14.08942 -14.08898 -14.08836
 -14.08769 -14.08666 -14.08476 -14.08298 -14.08001 -14.07220 -14.06086 -14.03943
 -12.35000 -12.34781 -12.34642 -12.34504 -12.34391 -12.34313 -12.34301 -12.34300
 -12.34253 -12.34153 -12.34148 -12.34155 -12.34112 -12.34063 -12.33994 -12.33880
 -12.33799 -12.33678 -12.33410 -12.33140 -12.32792 -12.32068 -12.31084 -12.29425
 -10.98366 -10.98390 -10.98501 -10.98630 -10.98651 -10.98644 -10.98651 -10.98655
 -10.98647 -10.98610 -10.98569 -10.98524 -10.98456 -10.98381 -10.98307 -10.98213
 -10.98096 -10.97926 -10.97617 -10.97317 -10.96914 -10.96113 -10.95177 -10.93762
 -10.28266 -10.28400 -10.28616 -10.28848 -10.28922 -10.28943 -10.28957 -10.28955
 -10.28943 -10.28905 -10.28853 -10.28805 -10.28743 -10.28651 -10.28547 -10.28417
 -10.28299 -10.28149 -10.27867 -10.27555 -10.27157 -10.26422 -10.25555 -10.24282
  -9.55892  -9.56102  -9.56405  -9.56755  -9.56898  -9.56956  -9.56972  -9.56964
  -9.56965  -9.56962  -9.56907  -9.56860  -9.56847  -9.56811  -9.56729  -9.56562
  -9.56420  -9.56279  -9.56052  -9.55773  -9.55384  -9.54672  -9.53925  -9.52888
  -8.96161  -8.96401  -8.96716  -8.97073  -8.97238  -8.97332  -8.97412  -8.97445
  -8.97464  -8.97445  -8.97363  -8.97287  -8.97250  -8.97222  -8.97154  -8.97018
  -8.96942  -8.96844  -8.96611  -8.96359  -8.96059  -8.95546  -8.94957  -8.94093
  -8.69636  -8.69852  -8.70132  -8.70457  -8.70609  -8.70691  -8.70746  -8.70769
  -8.70795  -8.70790  -8.70680  -8.70589  -8.70600  -8.70616  -8.70545  -8.70365
  -8.70343  -8.70309  -8.70081  -8.69815  -8.69547  -8.69151  -8.68641  -8.67868
  -8.48924  -8.49096  -8.49318  -8.49575  -8.49691  -8.49740  -8.49738  -8.49714
  -8.49699  -8.49704  -8.49712  -8.49719  -8.49694  -8.49619  -8.49567  -8.49554
  -8.49485  -8.49382  -8.49234  -8.49088  -8.48875  -8.48451  -8.48002  -8.47347
  -8.32190  -8.32308  -8.32441  -8.32573  -8.32626  -8.32660  -8.32703  -8.32725
  -8.32732  -8.32725  -8.32724  -8.32695  -8.32628  -8.32627  -8.32611  -8.32520
  -8.32457  -8.32395  -8.32292  -8.32186  -8.32014  -8.31668  -8.31336  -8.30800
  -8.23654  -8.23743  -8.23850  -8.23968  -8.24023  -8.24053  -8.24075  -8.24085
  -8.24096  -8.24095  -8.24055  -8.24025  -8.24017  -8.23978  -8.23953  -8.23941
  -8.23862  -8.23783  -8.23715  -8.23605  -8.23453  -8.23195  -8.22896  -8.22402
  -8.15216  -8.15275  -8.15345  -8.15421  -8.15456  -8.15475  -8.15487  -8.15493
  -8.15501  -8.15500  -8.15467  -8.15442  -8.15439  -8.15413  -8.15387  -8.15376
  -8.15355  -8.15303  -8.15201  -8.15134  -8.15025  -8.14765  -8.14501  -8.14114
  -8.09137  -8.09174  -8.09218  -8.09268  -8.09291  -8.09304  -8.09312  -8.09315
  -8.09318  -8.09317  -8.09299  -8.09274  -8.09259  -8.09273  -8.09264  -8.09202
  -8.09180  -8.09164  -8.09103  -8.09010  -8.08912  -8.08765  -8.08551  -8.08199
  -8.07357  -8.07386  -8.07420  -8.07458  -8.07476  -8.07487  -8.07496  -8.07499
  -8.07498  -8.07498  -8.07505  -8.07492  -8.07449  -8.07449  -8.07439  -8.07398
  -8.07405  -8.07382  -8.07292  -8.07268  -8.07218  -8.07037  -8.06841  -8.06545
  -8.07143  -8.07167  -8.07195  -8.07227  -8.07242  -8.07251  -8.07257  -8.07260
  -8.07261  -8.07261  -8.07256  -8.07258  -8.07259  -8.07229  -8.07208  -8.07206
  -8.07180  -8.07152  -8.07107  -8.07013  -8.06929  -8.06850  -8.06695  -8.06415
  -8.08077  -8.08097  -8.08121  -8.08150  -8.08163  -8.08170  -8.08174  -8.08176
  -8.08181  -8.08180  -8.08154  -8.08126  -8.08118  -8.08127  -8.08117  -8.08078
  -8.08073  -8.08068  -8.08016  -8.07938  -8.07866  -8.07779  -8.07642  -8.07405
  -8.09034  -8.09052  -8.09075  -8.09101  -8.09114  -8.09123  -8.09129  -8.09131
  -8.09130  -8.09132  -8.09136  -8.09120  -8.09074  -8.09068  -8.09076  -8.09074
  -8.09047  -8.09010  -8.08966  -8.08935  -8.08896  -8.08804  -8.08673  -8.08473
  -8.10741  -8.10758  -8.10780  -8.10806  -8.10819  -8.10828  -8.10834  -8.10836
  -8.10837  -8.10837  -8.10836  -8.10837  -8.10846  -8.10850  -8.10828  -8.10779
  -8.10786  -8.10784  -8.10733  -8.10704  -8.10646  -8.10507  -8.10402  -8.10242
  -8.13195  -8.13211  -8.13233  -8.13259  -8.13274  -8.13284  -8.13290  -8.13292
  -8.13293  -8.13294  -8.13294  -8.13298  -8.13280  -8.13217  -8.13190  -8.13239
  -8.13237  -8.13215  -8.13161  -8.13061  -8.13016  -8.13037  -8.12919  -8.12749
  -8.14826  -8.14842  -8.14863  -8.14890  -8.14906  -8.14916  -8.14923  -8.14926
  -8.14926  -8.14927  -8.14931  -8.14935  -8.14890  -8.14776  -8.14748  -8.14876
  -8.14863  -8.14822  -8.14766  -8.14613  -8.14581  -8.14727  -8.14596  -8.14415
  -8.16554  -8.16569  -8.16590  -8.16617  -8.16633  -8.16645  -8.16653  -8.16655
  -8.16655  -8.16657  -8.16664  -8.16669  -8.16595  -8.16426  -8.16399  -8.16609
  -8.16584  -8.16523  -8.16466  -8.16257  -8.16238  -8.16518  -8.16373  -8.16180
  -8.18516  -8.18531  -8.18552  -8.18579  -8.18596  -8.18608  -8.18617  -8.18619
  -8.18618  -8.18621  -8.18632  -8.18638  -8.18531  -8.18301  -8.18273  -8.18577
  -8.18539  -8.18455  -8.18396  -8.18122  -8.18118  -8.18552  -8.18391  -8.18185
---------------------/ IGRD= 1  / IPRT= 1  /--------/ Z1= 5   / DATE= 19/04/20
 -73.69897 -73.69897 -73.69897 -73.69897 -73.69897 -73.69897 -73.69897 -73.69897
 -73.69897 -73.69897 -73.69897 -73.69897 -73.69897 -73.69897 -73.69897 -73.69897
 -73.69897 -73.69897 -73.69897 -73.69897 -73.69897 -73.69897 -73.69897 -73.69897
 -73.69897 -73.69897 -73.69897 -73.69897 -73.69897 -73.69897 -73.69897 -73.69897
 -73.69897 -73.69897 -73.69897 -73.69897 -73.69897 -73.69897 -73.69897 -73.69897
 -73.69897 -73.69897 -73.69897 -73.69897 -73.69897 -73.69897 -73.69897 -73.69897
 -73.69897 -73.69897 -73.69897 -73.69897 -73.69897 -73.69897 -73.69897 -73.69897
 -73.69897 -73.69897 -73.69897 -73.69897 -73.69897 -73.69897 -73.69897 -73.69897
 -73.69897 -73.69897 -73.69897 -73.69897 -73.69897 -73.69897 -73.69897 -73.69897
 -73.69897 -73.69897 -73.69897 -73.69897 -73.69897 -73.69897 -73.69897 -73.69897
 -73.69897 -73.69897 -73.69897 -73.69897 -73.69897 -73.69897 -73.69897 -73.69897
 -73.69897 -73.69897 -73.69895 -73.69890 -73.69874 -73.69488 -73.67908 -73.61519
 -64.70669 -64.70670 -64.70672 -64.70672 -64.70668 -64.70662 -64.70662 -64.70676
 -64.70643 -64.70268 -64.69513 -64.67677 -64.60447 -64.45994 -64.19832 -63.66837
 -63.18648 -62.68803 -62.03848 -61.54676 -61.03934 -60.32772 -59.75897 -59.16714
 -46.43673 -46.43672 -46.43670 -46.43670 -46.43674 -46.43680 -46.43680 -46.43665
 -46.43638 -46.43604 -46.43595 -46.43563 -46.43291 -46.42750 -46.41516 -46.36901
 -46.27503 -46.09387 -45.68634 -45.27999 -44.82445 -44.18013 -43.66744 -43.13303
 -36.89977 -36.89976 -36.89975 -36.89975 -36.89977 -36.89981 -36.89981 -36.89974
 -36.89962 -36.89958 -36.89980 -36.90034 -36.90180 -36.90447 -36.90867 -36.91229
 -36.90197 -36.86570 -36.74678 -36.56847 -36.29093 -35.77310 -35.31023 -34.82019
 -27.32020 -27.32019 -27.32018 -27.32018 -27.32022 -27.32027 -27.32029 -27.32018
 -27.31998 -27.31983 -27.32001 -27.32024 -27.31963 -27.31862 -27.31735 -27.31519
 -27.31402 -27.31357 -27.31002 -27.29138 -27.23861 -27.07097 -26.83441 -26.49611
 -19.65450 -19.65449 -19.65446 -19.65447 -19.65453 -19.65464 -19.65466 -19.65446
 -19.65409 -19.65362 -19.65358 -19.65404 -19.65542 -19.65624 -19.65639 -19.65628
 -19.65554 -19.65423 -19.65244 -19.64844 -19.63904 -19.61159 -19.56500 -19.46792
 -16.47485 -16.47483 -16.47479 -16.47480 -16.47489 -16.47503 -16.47506 -16.47481
 -16.47431 -16.47364 -16.47347 -16.47378 -16.47476 -16.47585 -16.47691 -16.47746
 -16.47648 -16.47423 -16.47023 -16.46644 -16.46055 -16.44365 -16.41732 -16.36530
 -14.07546 -14.07547 -14.07548 -14.07548 -14.07547 -14.07545 -14.07548 -14.07560
 -14.07575 -14.07571 -14.07532 -14.07501 -14.07610 -14.07722 -14.07756 -14.07656
 -14.07537 -14.07395 -14.07020 -14.06584 -14.06011 -14.04860 -14.03188 -14.00102
 -12.19152 -12.19153 -12.19154 -12.19154 -12.19152 -12.19145 -12.19127 -12.19102
 -12.19068 -12.19025 -12.19007 -12.19011 -12.19051 -12.19086 -12.19093 -12.19032
 -12.18922 -12.18750 -12.18394 -12.18006 -12.17493 -12.16531 -12.15349 -12.13417
 -11.23877 -11.23875 -11.23872 -11.23872 -11.23880 -11.23893 -11.23892 -11.23859
 -11.23798 -11.23712 -11.23677 -11.23682 -11.23726 -11.23763 -11.23771 -11.23695
 -11.23554 -11.23343 -11.22990 -11.22670 -11.22262 -11.21413 -11.20418 -11.18924
 -10.27177 -10.27178 -10.27180 -10.27180 -10.27176 -10.27167 -10.27149 -10.27133
 -10.27115 -10.27086 -10.27059 -10.27037 -10.27034 -10.27029 -10.27000 -10.26925
 -10.26812 -10.26646 -10.26381 -10.26099 -10.25712 -10.25034 -10.24274 -10.23133
  -9.47925  -9.47925  -9.47924  -9.47924  -9.47926  -9.47929  -9.47934  -9.47936
  -9.47935  -9.47933  -9.47933  -9.47923  -9.47872  -9.47861  -9.47880  -9.47807
  -9.47714  -9.47609  -9.47354  -9.47113  -9.46843  -9.46304  -9.45744  -9.44959
  -9.13307  -9.13307  -9.13306  -9.13306  -9.13310  -9.13315  -9.13314  -9.13300
  -9.13275  -9.13242  -9.13234  -9.13236  -9.13208  -9.13174  -9.13139  -9.13072
  -9.12984  -9.12869  -9.12717  -9.12540  -9.12272  -9.11821  -9.11344  -9.10653
  -8.86874  -8.86873  -8.86871  -8.86871  -8.86876  -8.86884  -8.86885  -8.86867
  -8.86834  -8.86804  -8.86818  -8.86826  -8.86679  -8.86599  -8.86630  -8.86647
  -8.86560  -8.86424  -8.86336  -8.86233  -8.86020  -8.85627  -8.85155  -8.84487
  -8.65954  -8.65954  -8.65954  -8.65954  -8.65954  -8.65954  -8.65954  -8.65955
  -8.65957  -8.65959  -8.65959  -8.65961  -8.65967  -8.65972  -8.65966  -8.65894
  -8.65768  -8.65637  -8.65638  -8.65536  -8.65248  -8.64916  -8.64612  -8.64113
  -8.55658  -8.55659  -8.55660  -8.55660  -8.55657  -8.55652  -8.55653  -8.55669
  -8.55691  -8.55691  -8.55638  -8.55562  -8.55553  -8.55582  -8.55580  -8.55482
  -8.55413  -8.55389  -8.55327  -8.55181  -8.54956  -8.54672  -8.54415  -8.54006
  -8.45372  -8.45373  -8.45373  -8.45373  -8.45372  -8.45371  -8.45371  -8.45375
  -8.45381  -8.45383  -8.45370  -8.45355  -8.45360  -8.45324  -8.45252  -8.45248
  -8.45234  -8.45158  -8.45064  -8.44983  -8.44870  -8.44669  -8.44407  -8.43984
  -8.38039  -8.38039  -8.38039  -8.38039  -8.38039  -8.38039  -8.38040  -8.38039
  -8.38038  -8.38037  -8.38035  -8.38032  -8.38024  -8.38039  -8.38057  -8.37984
  -8.37908  -8.37852  -8.37748  -8.37648  -8.37538  -8.37359  -8.37159  -8.36854
  -8.35737  -8.35737  -8.35737  -8.35737  -8.35737  -8.35738  -8.35738  -8.35737
  -8.35737  -8.35737  -8.35739  -8.35740  -8.35736  -8.35740  -8.35742  -8.35687
  -8.35613  -8.35559  -8.35591  -8.35520  -8.35323  -8.35171  -8.35020  -8.34711
  -8.34710  -8.34710  -8.34710  -8.34710  -8.34711  -8.34711  -8.34711  -8.34710
  -8.34709  -8.34708  -8.34709  -8.34710  -8.34706  -8.34716  -8.34725  -8.34651
  -8.34606  -8.34607  -8.34566  -8.34506  -8.34429  -8.34251  -8.34077  -8.33829
  -8.34534  -8.34534  -8.34535  -8.34535  -8.34535  -8.34534  -8.34534  -8.34535
  -8.34537  -8.34537  -8.34533  -8.34532  -8.34544  -8.34516  -8.34452  -8.34431
  -8.34446  -8.34445  -8.34382  -8.34330  -8.34273  -8.34080  -8.33910  -8.33738
  -8.34831  -8.34831  -8.34831  -8.34831  -8.34831  -8.34830  -8.34830  -8.34831
  -8.34833  -8.34833  -8.34829  -8.34829  -8.34844  -8.34811  -8.34737  -8.34716
  -8.34737  -8.34740  -8.34676  -8.34615  -8.34555  -8.34408  -8.34273  -8.34100
  -8.35469  -8.35469  -8.35469  -8.35469  -8.35469  -8.35469  -8.35469  -8.35469
  -8.35470  -8.35470  -8.35469  -8.35469  -8.35472  -8.35466  -8.35456  -8.35465
  -8.35439  -8.35381  -8.35366  -8.35342  -8.35276  -8.35218  -8.35122  -8.34922
  -8.36881  -8.36881  -8.36881  -8.36881  -8.36881  -8.36881  -8.36881  -8.36881
  -8.36881  -8.36881  -8.36881  -8.36881  -8.36882  -8.36879  -8.36877  -8.36889
  -8.36858  -8.36791  -8.36773  -8.36774  -8.36724  -8.36559  -8.36447  -8.36340
  -8.37900  -8.37900  -8.37900  -8.37900  -8.37900  -8.37900  -8.37900  -8.37900
  -8.37900  -8.37900  -8.37900  -8.37900  -8.37901  -8.37899  -8.37899  -8.37914
  -8.37883  -8.37810  -8.37781  -8.37812  -8.37831  -8.37719  -8.37583  -8.37449
  -8.38974  -8.38974  -8.38974  -8.38974  -8.38974  -8.38974  -8.38974  -8.38974
  -8.38974  -8.38974  -8.38974  -8.38974  -8.38974  -8.38974  -8.38978  -8.38997
  -8.38963  -8.38883  -8.38844  -8.38910  -8.39005  -8.38963  -8.38806  -8.38636
  -8.40184  -8.40184  -8.40184  -8.40184  -8.40184  -8.40184  -8.40184  -8.40184
  -8.40184  -8.40184  -8.40184  -8.40184  -8.40184  -8.40185  -8.40195  -8.40217
  -8.40181  -8.40094  -8.40043  -8.40147  -8.40328  -8.40366  -8.40189  -8.39983
---------------------/ IGRD= 1  / IPRT= 1  /--------/ Z1= 6   / DATE= 19/04/20
 -73.69897 -73.69897 -73.69897 -73.69897 -73.69897 -73.69897 -73.69897 -73.69897
 -73.69897 -73.69897 -73.69897 -73.69897 -73.69897 -73.69897 -73.69897 -73.69897
 -73.69897 -73.69897 -73.69897 -73.69897 -73.69897 -73.69897 -73.69897 -73.69897
 -73.69897 -73.69897 -73.69897 -73.69897 -73.69897 -73.69897 -73.69897 -73.69897
 -73.69897 -73.69897 -73.69897 -73.69897 -73.69897 -73.69897 -73.69897 -73.69897
 -73.69897 -73.69897 -73.69897 -73.69897 -73.69897 -73.69897 -73.69897 -73.69897
 -73.69897 -73.69897 -73.69897 -73.69897 -73.69897 -73.69897 -73.69897 -73.69897
 -73.69897 -73.69897 -73.69897 -73.69897 -73.69897 -73.69897 -73.69897 -73.69897
 -73.69897 -73.69897 -73.69897 -73.69897 -73.69897 -73.69897 -73.69897 -73.69897
 -70.03613 -70.03534 -70.03426 -70.03214 -70.02700 -70.01463 -69.98024 -69.93237
 -69.85690 -69.70320 -69.55229 -69.38551 -69.16163 -68.99895 -68.84818 -68.68278
 -68.59024 -68.52716 -68.48615 -68.48583 -68.51240 -68.59220 -68.68578 -68.81319
 -61.03157 -61.03114 -61.03055 -61.02937 -61.02654 -61.01972 -61.00075 -60.97435
 -60.93273 -60.84798 -60.76476 -60.67279 -60.54934 -60.45963 -60.37650 -60.28529
 -60.23427 -60.19948 -60.17687 -60.17669 -60.19134 -60.23535 -60.28695 -60.35720
 -50.79515 -50.79512 -50.79507 -50.79498 -50.79477 -50.79426 -50.79283 -50.79085
 -50.78772 -50.78135 -50.77510 -50.76819 -50.75894 -50.75222 -50.74601 -50.73919
 -50.73538 -50.73277 -50.73108 -50.73107 -50.73217 -50.73546 -50.73929 -50.74442
 -43.58305 -43.58312 -43.58321 -43.58337 -43.58378 -43.58480 -43.58767 -43.59153
 -43.59735 -43.60854 -43.61910 -43.63056 -43.64542 -43.65056 -43.64793 -43.64875
 -43.64570 -43.62764 -43.58968 -43.54843 -43.48532 -43.34064 -43.16132 -42.90792
 -32.53581 -32.53589 -32.53584 -32.53542 -32.53475 -32.53375 -32.53189 -32.52984
 -32.52696 -32.52136 -32.51519 -32.50674 -32.49133 -32.47779 -32.46274 -32.43414
 -32.40583 -32.37293 -32.31819 -32.26457 -32.19648 -32.07512 -31.94691 -31.77662
 -23.28573 -23.28581 -23.28582 -23.28557 -23.28512 -23.28440 -23.28296 -23.28117
 -23.27835 -23.27234 -23.26566 -23.25678 -23.24114 -23.22627 -23.20880 -23.18115
 -23.15691 -23.12947 -23.08597 -23.04567 -22.99693 -22.91539 -22.83554 -22.73456
 -19.27712 -19.27688 -19.27662 -19.27631 -19.27603 -19.27556 -19.27442 -19.27289
 -19.27051 -19.26552 -19.25989 -19.25216 -19.23786 -19.22320 -19.20533 -19.17876
 -19.15703 -19.13337 -19.09814 -19.06669 -19.02914 -18.96759 -18.90846 -18.83436
 -16.21675 -16.21587 -16.21510 -16.21480 -16.21498 -16.21509 -16.21446 -16.21312
 -16.21089 -16.20625 -16.20104 -16.19383 -16.18017 -16.16608 -16.14914 -16.12547
 -16.10762 -16.08923 -16.06312 -16.04082 -16.01487 -15.97181 -15.92987 -15.87711
 -13.83300 -13.83292 -13.83290 -13.83306 -13.83319 -13.83311 -13.83229 -13.83099
 -13.82899 -13.82497 -13.82035 -13.81362 -13.79993 -13.78509 -13.76694 -13.74138
 -13.72363 -13.70781 -13.68737 -13.67087 -13.65242 -13.62191 -13.59216 -13.55483
 -12.63107 -12.63112 -12.63113 -12.63100 -12.63078 -12.63044 -12.62980 -12.62901
 -12.62770 -12.62461 -12.62059 -12.61424 -12.60044 -12.58502 -12.56591 -12.53917
 -12.52134 -12.50636 -12.48861 -12.47494 -12.45971 -12.43500 -12.41140 -12.38192
 -11.39121 -11.39125 -11.39121 -11.39093 -11.39059 -11.39024 -11.38990 -11.38957
 -11.38887 -11.38669 -11.38347 -11.37812 -11.36593 -11.35159 -11.33331 -11.30829
 -11.29216 -11.27905 -11.26455 -11.25405 -11.24271 -11.22464 -11.20773 -11.18658
 -10.37706 -10.37704 -10.37705 -10.37712 -10.37717 -10.37712 -10.37674 -10.37620
 -10.37548 -10.37409 -10.37205 -10.36813 -10.35801 -10.34611 -10.33072 -10.30683
 -10.29036 -10.27781 -10.26589 -10.25817 -10.24984 -10.23692 -10.22512 -10.21040
  -9.94142  -9.94142  -9.94141  -9.94139  -9.94136  -9.94133  -9.94128  -9.94111
  -9.94064  -9.93917  -9.93703  -9.93348  -9.92517  -9.91459  -9.89981  -9.87708
  -9.86152  -9.84971  -9.83783  -9.83040  -9.82371  -9.81376  -9.80396  -9.79101
  -9.60405  -9.60405  -9.60405  -9.60405  -9.60404  -9.60402  -9.60393  -9.60375
  -9.60338  -9.60236  -9.60085  -9.59822  -9.59165  -9.58306  -9.57086  -9.55133
  -9.53740  -9.52654  -9.51611  -9.50941  -9.50272  -9.49471  -9.48744  -9.47664
  -9.33533  -9.33533  -9.33533  -9.33529  -9.33526  -9.33526  -9.33534  -9.33535
  -9.33514  -9.33420  -9.33288  -9.33093  -9.32669  -9.32060  -9.31122  -9.29668
  -9.28596  -9.27677  -9.26814  -9.26312  -9.25796  -9.25036  -9.24337  -9.23433
  -9.20133  -9.20133  -9.20133  -9.20131  -9.20129  -9.20129  -9.20131  -9.20130
  -9.20116  -9.20060  -9.19970  -9.19815  -9.19443  -9.18976  -9.18302  -9.17148
  -9.16255  -9.15503  -9.14803  -9.14387  -9.13940  -9.13279  -9.12641  -9.11782
  -9.06985  -9.06985  -9.06985  -9.06983  -9.06982  -9.06982  -9.06984  -9.06985
  -9.06976  -9.06939  -9.06878  -9.06774  -9.06523  -9.06199  -9.05737  -9.04975
  -9.04382  -9.03869  -9.03335  -9.02981  -9.02614  -9.02075  -9.01525  -9.00747
  -8.96959  -8.96958  -8.96959  -8.96962  -8.96964  -8.96962  -8.96948  -8.96931
  -8.96914  -8.96894  -8.96871  -8.96820  -8.96670  -8.96484  -8.96230  -8.95769
  -8.95403  -8.95091  -8.94713  -8.94443  -8.94175  -8.93718  -8.93241  -8.92591
  -8.92991  -8.92991  -8.92991  -8.92993  -8.92994  -8.92993  -8.92984  -8.92971
  -8.92955  -8.92931  -8.92906  -8.92871  -8.92789  -8.92666  -8.92466  -8.92123
  -8.91862  -8.91635  -8.91341  -8.91121  -8.90898  -8.90495  -8.90074  -8.89507
  -8.90446  -8.90446  -8.90446  -8.90448  -8.90449  -8.90448  -8.90440  -8.90429
  -8.90417  -8.90399  -8.90383  -8.90355  -8.90288  -8.90199  -8.90068  -8.89853
  -8.89661  -8.89454  -8.89224  -8.89072  -8.88886  -8.88495  -8.88078  -8.87543
  -8.89225  -8.89225  -8.89225  -8.89225  -8.89224  -8.89224  -8.89225  -8.89225
  -8.89223  -8.89213  -8.89199  -8.89176  -8.89126  -8.89058  -8.88957  -8.88802
  -8.88676  -8.88541  -8.88359  -8.88242  -8.88108  -8.87657  -8.87188  -8.86709
  -8.89052  -8.89052  -8.89052  -8.89051  -8.89051  -8.89051  -8.89053  -8.89053
  -8.89052  -8.89045  -8.89032  -8.89009  -8.88960  -8.88910  -8.88847  -8.88705
  -8.88583  -8.88481  -8.88349  -8.88230  -8.88088  -8.87861  -8.87575  -8.87101
  -8.90093  -8.90093  -8.90093  -8.90094  -8.90094  -8.90094  -8.90092  -8.90091
  -8.90091  -8.90093  -8.90092  -8.90084  -8.90050  -8.90001  -8.89929  -8.89813
  -8.89721  -8.89628  -8.89511  -8.89445  -8.89353  -8.88929  -8.88587  -8.88371
  -8.91730  -8.91730  -8.91730  -8.91731  -8.91731  -8.91731  -8.91729  -8.91728
  -8.91728  -8.91732  -8.91733  -8.91727  -8.91698  -8.91666  -8.91626  -8.91534
  -8.91455  -8.91389  -8.91278  -8.91171  -8.91051  -8.90858  -8.90645  -8.90329
  -8.93106  -8.93106  -8.93106  -8.93106  -8.93106  -8.93106  -8.93106  -8.93106
  -8.93106  -8.93104  -8.93102  -8.93100  -8.93093  -8.93077  -8.93042  -8.92960
  -8.92878  -8.92791  -8.92691  -8.92613  -8.92514  -8.92342  -8.92150  -8.91868
  -8.94667  -8.94667  -8.94667  -8.94668  -8.94668  -8.94668  -8.94664  -8.94662
  -8.94663  -8.94674  -8.94681  -8.94673  -8.94624  -8.94594  -8.94590  -8.94522
  -8.94447  -8.94396  -8.94302  -8.94215  -8.94131  -8.93981  -8.93813  -8.93575
  -8.96461  -8.96460  -8.96461  -8.96463  -8.96464  -8.96463  -8.96456  -8.96450
  -8.96454  -8.96480  -8.96498  -8.96483  -8.96377  -8.96329  -8.96362  -8.96310
  -8.96245  -8.96242  -8.96154  -8.96047  -8.95978  -8.95858  -8.95721  -8.95531
---------------------/ IGRD= 1  / IPRT= 1  /--------/ Z1= 7   / DATE= 19/04/20
 -74.00000 -74.00000 -74.00000 -74.00000 -74.00000 -74.00000 -74.00000 -74.00000
 -74.00000 -74.00000 -74.00000 -74.00000 -74.00000 -74.00000 -74.00000 -74.00000
 -74.00000 -74.00000 -74.00000 -74.00000 -74.00000 -74.00000 -74.00000 -74.00000
 -74.00000 -74.00000 -74.00000 -74.00000 -74.00000 -74.00000 -74.00000 -74.00000
 -74.00000 -74.00000 -74.00000 -74.00000 -74.00000 -74.00000 -74.00000 -74.00000
 -74.00000 -74.00000 -74.00000 -74.00000 -74.00000 -74.00000 -74.00000 -74.00000
 -74.00000 -74.00000 -74.00000 -74.00000 -74.00000 -74.00000 -74.00000 -74.00000
 -74.00000 -74.00000 -74.00000 -74.00000 -74.00000 -74.00000 -74.00000 -74.00000
 -74.00000 -74.00000 -74.00000 -74.00000 -74.00000 -74.00000 -74.00000 -74.00000
 -74.00000 -74.00000 -74.00000 -74.00000 -74.00000 -74.00000 -74.00000 -74.00000
 -74.00000 -74.00000 -74.00000 -74.00000 -74.00000 -74.00000 -74.00000 -74.00000
 -74.00000 -74.00000 -74.00000 -74.00000 -74.00000 -74.00000 -74.00000 -74.00000
 -74.00000 -74.00000 -74.00000 -74.00000 -74.00000 -74.00000 -74.00000 -74.00000
 -74.00000 -74.00000 -74.00000 -74.00000 -74.00000 -74.00000 -74.00000 -74.00000
 -74.00000 -74.00000 -74.00000 -74.00000 -74.00000 -74.00000 -74.00000 -74.00000
 -65.67113 -65.67099 -65.67075 -65.67028 -65.66964 -65.66805 -65.66169 -65.65015
 -65.62854 -65.57434 -65.50155 -65.38939 -65.17879 -64.98895 -64.79852 -64.59259
 -64.48798 -64.42380 -64.37149 -64.35278 -64.34907 -64.34309 -64.34365 -64.35991
 -51.91064 -51.91055 -51.91040 -51.91012 -51.90980 -51.90907 -51.90612 -51.90066
 -51.89009 -51.86189 -51.82091 -51.75168 -51.60387 -51.45358 -51.28945 -51.09743
 -50.99340 -50.92743 -50.87718 -50.85885 -50.85153 -50.84347 -50.83918 -50.83754
 -38.57338 -38.57333 -38.57322 -38.57299 -38.57269 -38.57202 -38.56968 -38.56552
 -38.55722 -38.53348 -38.49750 -38.43585 -38.30264 -38.16455 -38.01035 -37.82358
 -37.71801 -37.64852 -37.59697 -37.57515 -37.55855 -37.53524 -37.50780 -37.45956
 -27.65559 -27.65532 -27.65474 -27.65380 -27.65319 -27.65241 -27.64939 -27.64379
 -27.63314 -27.60582 -27.56887 -27.51100 -27.39481 -27.27857 -27.15010 -26.99381
 -26.90358 -26.83989 -26.78094 -26.74398 -26.70519 -26.63935 -26.56668 -26.46306
 -22.42710 -22.42679 -22.42611 -22.42496 -22.42413 -22.42324 -22.42101 -22.41740
 -22.41050 -22.39157 -22.36431 -22.31969 -22.22670 -22.13154 -22.02580 -21.89813
 -21.82598 -21.77616 -21.73029 -21.70119 -21.67106 -21.62346 -21.57408 -21.50602
 -18.36680 -18.36688 -18.36705 -18.36724 -18.36719 -18.36679 -18.36526 -18.36278
 -18.35824 -18.34627 -18.32896 -18.29951 -18.23377 -18.16236 -18.08084 -17.98467
 -17.93181 -17.89500 -17.86228 -17.84304 -17.82399 -17.79423 -17.76418 -17.72400
 -15.31125 -15.31122 -15.31114 -15.31099 -15.31081 -15.31049 -15.30956 -15.30806
 -15.30524 -15.29751 -15.28604 -15.26619 -15.22105 -15.17095 -15.11270 -15.04297
 -15.00391 -14.97611 -14.95101 -14.93590 -14.92055 -14.89630 -14.87299 -14.84341
 -13.80683 -13.80681 -13.80676 -13.80670 -13.80666 -13.80657 -13.80611 -13.80516
 -13.80319 -13.79752 -13.78889 -13.77377 -13.73894 -13.69997 -13.65438 -13.59862
 -13.56698 -13.54448 -13.52273 -13.50863 -13.49429 -13.47250 -13.45199 -13.42606
 -12.24681 -12.24679 -12.24676 -12.24672 -12.24673 -12.24672 -12.24644 -12.24576
 -12.24435 -12.24047 -12.23477 -12.22484 -12.20156 -12.17474 -12.14243 -12.10176
 -12.07819 -12.06116 -12.04405 -12.03282 -12.02161 -12.00457 -11.98855 -11.96865
 -10.93241 -10.93241 -10.93241 -10.93239 -10.93236 -10.93229 -10.93212 -10.93189
 -10.93137 -10.92942 -10.92605 -10.91992 -10.90576 -10.88942 -10.86894 -10.84123
 -10.82442 -10.81205 -10.80010 -10.79263 -10.78518 -10.77384 -10.76322 -10.74997
 -10.36154 -10.36155 -10.36155 -10.36154 -10.36150 -10.36143 -10.36132 -10.36121
 -10.36098 -10.35986 -10.35772 -10.35362 -10.34368 -10.33174 -10.31630 -10.29473
 -10.28119 -10.27107 -10.26152 -10.25542 -10.24909 -10.24026 -10.23221 -10.22192
  -9.92651  -9.92651  -9.92651  -9.92650  -9.92649  -9.92645  -9.92638  -9.92628
  -9.92605  -9.92519  -9.92367  -9.92084  -9.91410  -9.90608  -9.89547  -9.87884
  -9.86773  -9.85991  -9.85260  -9.84765  -9.84236  -9.83529  -9.82916  -9.82122
  -9.57832  -9.57832  -9.57833  -9.57832  -9.57830  -9.57826  -9.57821  -9.57820
  -9.57813  -9.57758  -9.57639  -9.57426  -9.56991  -9.56525  -9.55861  -9.54626
  -9.53815  -9.53291  -9.52655  -9.52266  -9.51980  -9.51382  -9.50798  -9.50163
  -9.40159  -9.40159  -9.40157  -9.40157  -9.40159  -9.40164  -9.40161  -9.40144
  -9.40108  -9.40031  -9.39946  -9.39819  -9.39522  -9.39146  -9.38604  -9.37714
  -9.37107  -9.36653  -9.36129  -9.35801  -9.35528  -9.35045  -9.34599  -9.34084
  -9.22212  -9.22212  -9.22212  -9.22212  -9.22211  -9.22209  -9.22207  -9.22207
  -9.22206  -9.22191  -9.22155  -9.22083  -9.21906  -9.21682  -9.21346  -9.20745
  -9.20320  -9.20004  -9.19668  -9.19434  -9.19189  -9.18803  -9.18435  -9.17974
  -9.08135  -9.08135  -9.08135  -9.08135  -9.08135  -9.08136  -9.08135  -9.08132
  -9.08126  -9.08116  -9.08106  -9.08084  -9.07993  -9.07843  -9.07627  -9.07335
  -9.07115  -9.06896  -9.06619  -9.06452  -9.06319  -9.06064  -9.05785  -9.05421
  -9.02455  -9.02455  -9.02455  -9.02455  -9.02454  -9.02454  -9.02454  -9.02453
  -9.02452  -9.02448  -9.02440  -9.02421  -9.02359  -9.02267  -9.02131  -9.01921
  -9.01769  -9.01640  -9.01496  -9.01355  -9.01160  -9.00866  -9.00622  -9.00331
  -8.98797  -8.98797  -8.98797  -8.98797  -8.98797  -8.98796  -8.98796  -8.98796
  -8.98796  -8.98793  -8.98788  -8.98776  -8.98742  -8.98694  -8.98627  -8.98540
  -8.98395  -8.98200  -8.98196  -8.98174  -8.97951  -8.97620  -8.97397  -8.97148
  -8.96944  -8.96944  -8.96944  -8.96944  -8.96944  -8.96945  -8.96945  -8.96944
  -8.96942  -8.96940  -8.96941  -8.96942  -8.96932  -8.96907  -8.96880  -8.96882
  -8.96782  -8.96543  -8.96299  -8.96296  -8.96379  -8.96171  -8.95873  -8.95622
  -8.96652  -8.96652  -8.96652  -8.96652  -8.96652  -8.96652  -8.96651  -8.96651
  -8.96651  -8.96650  -8.96649  -8.96645  -8.96637  -8.96628  -8.96612  -8.96574
  -8.96571  -8.96547  -8.96238  -8.96079  -8.96128  -8.95930  -8.95616  -8.95358
  -8.97098  -8.97098  -8.97098  -8.97098  -8.97098  -8.97098  -8.97098  -8.97098
  -8.97098  -8.97097  -8.97097  -8.97096  -8.97091  -8.97085  -8.97075  -8.97065
  -8.97044  -8.97027  -8.97084  -8.96971  -8.96682  -8.96611  -8.96598  -8.96348
  -8.99097  -8.99097  -8.99097  -8.99097  -8.99097  -8.99098  -8.99098  -8.99097
  -8.99095  -8.99095  -8.99098  -8.99103  -8.99104  -8.99093  -8.99073  -8.99050
  -8.99032  -8.99016  -8.99015  -8.98913  -8.98721  -8.98702  -8.98613  -8.98303
  -9.00913  -9.00913  -9.00913  -9.00913  -9.00913  -9.00913  -9.00913  -9.00913
  -9.00913  -9.00913  -9.00913  -9.00912  -9.00905  -9.00891  -9.00867  -9.00826
  -9.00794  -9.00763  -9.00698  -9.00639  -9.00594  -9.00572  -9.00466  -9.00226
  -9.03018  -9.03018  -9.03019  -9.03019  -9.03018  -9.03017  -9.03016  -9.03019
  -9.03024  -9.03025  -9.03014  -9.02992  -9.02966  -9.02962  -9.02968  -9.02952
  -9.02926  -9.02897  -9.02835  -9.02776  -9.02713  -9.02599  -9.02507  -9.02405
  -9.05555  -9.05555  -9.05555  -9.05555  -9.05555  -9.05554  -9.05554  -9.05555
  -9.05557  -9.05557  -9.05553  -9.05543  -9.05525  -9.05510  -9.05500  -9.05517
  -9.05519  -9.05485  -9.05411  -9.05352  -9.05298  -9.05218  -9.05122  -9.04983
---------------------/ IGRD= 1  / IPRT= 1  /--------/ Z1= 8   / DATE= 19/04/20
 -73.69897 -73.69897 -73.69897 -73.69897 -73.69897 -73.69897 -73.69897 -73.69897
 -73.69897 -73.69897 -73.69897 -73.69897 -73.69897 -73.69897 -73.69897 -73.69897
 -73.69897 -73.69897 -73.69897 -73.69897 -73.69897 -73.69897 -73.69897 -73.69897
 -73.69897 -73.69897 -73.69897 -73.69897 -73.69897 -73.69897 -73.69897 -73.69897
 -73.69897 -73.69897 -73.69897 -73.69897 -73.69897 -73.69897 -73.69897 -73.69897
 -73.69897 -73.69897 -73.69897 -73.69897 -73.69897 -73.69897 -73.69897 -73.69897
 -73.69897 -73.69897 -73.69897 -73.69897 -73.69897 -73.69897 -73.69897 -73.69897
 -73.69897 -73.69897 -73.69897 -73.69897 -73.69897 -73.69897 -73.69897 -73.69897
 -73.69897 -73.69897 -73.69897 -73.69897 -73.69897 -73.69897 -73.69897 -73.69897
 -73.69897 -73.69897 -73.69897 -73.69897 -73.69897 -73.69897 -73.69897 -73.69897
 -73.69897 -73.69897 -73.69897 -73.69897 -73.69897 -73.69897 -73.69897 -73.69897
 -73.69897 -73.69897 -73.69897 -73.69897 -73.69897 -73.69897 -73.69897 -73.69897
 -73.69897 -73.69897 -73.69897 -73.69897 -73.69897 -73.69897 -73.69897 -73.69897
 -73.69897 -73.69897 -73.69897 -73.69897 -73.69897 -73.69897 -73.69897 -73.69897
 -73.69897 -73.69897 -73.69897 -73.69897 -73.69897 -73.69897 -73.69897 -73.69897
 -69.44329 -69.08395 -68.68093 -68.23471 -67.95444 -67.69034 -67.32866 -67.05159
 -66.78393 -66.45940 -66.23670 -66.03194 -65.78627 -65.61754 -65.46201 -65.27096
 -65.12532 -64.97597 -64.77643 -64.61725 -64.44534 -64.19372 -63.98428 -63.75493
 -60.17369 -59.84960 -59.46410 -59.02532 -58.74667 -58.48264 -58.11927 -57.84014
 -57.57023 -57.24305 -57.01896 -56.81361 -56.56861 -56.40114 -56.24714 -56.05902
 -55.91919 -55.77857 -55.59206 -55.44462 -55.28728 -55.06010 -54.87153 -54.66534
 -44.15215 -44.15073 -44.14827 -44.14181 -44.13017 -44.10767 -44.05014 -43.97512
 -43.86695 -43.67805 -43.51608 -43.35032 -43.13836 -42.98668 -42.84357 -42.66730
 -42.53986 -42.41442 -42.24808 -42.11863 -41.98342 -41.79170 -41.63308 -41.46022
 -30.72608 -30.72475 -30.72292 -30.71953 -30.71479 -30.70615 -30.68155 -30.64216
 -30.57560 -30.44225 -30.31585 -30.17764 -29.99059 -29.85267 -29.72117 -29.55932
 -29.44486 -29.33386 -29.18666 -29.07539 -28.96238 -28.80466 -28.67736 -28.54095
 -24.81817 -24.81769 -24.81704 -24.81588 -24.81424 -24.81113 -24.80157 -24.78446
 -24.75313 -24.68391 -24.60981 -24.51811 -24.37477 -24.25810 -24.14215 -23.99751
 -23.89188 -23.78896 -23.65879 -23.55961 -23.45737 -23.31707 -23.20391 -23.08302
 -20.23449 -20.23432 -20.23408 -20.23366 -20.23310 -20.23209 -20.22893 -20.22308
 -20.21188 -20.18475 -20.15130 -20.10418 -20.02041 -19.94496 -19.86404 -19.75475
 -19.67044 -19.58591 -19.47630 -19.39079 -19.30166 -19.17927 -19.08083 -18.97526
 -16.63890 -16.63877 -16.63867 -16.63862 -16.63850 -16.63812 -16.63674 -16.63439
 -16.63014 -16.61976 -16.60596 -16.58497 -16.54451 -16.50502 -16.45928 -16.39136
 -16.33484 -16.27490 -16.19171 -16.12478 -16.05398 -15.95429 -15.87311 -15.78451
 -14.85460 -14.85464 -14.85474 -14.85491 -14.85492 -14.85464 -14.85353 -14.85188
 -14.84923 -14.84321 -14.83511 -14.82232 -14.79637 -14.76973 -14.73760 -14.68804
 -14.64536 -14.59881 -14.53245 -14.47785 -14.41898 -14.33432 -14.26403 -14.18584
 -13.06398 -13.06395 -13.06396 -13.06400 -13.06399 -13.06384 -13.06329 -13.06247
 -13.06116 -13.05808 -13.05376 -13.04671 -13.03178 -13.01561 -12.99506 -12.96179
 -12.93301 -12.90123 -12.85386 -12.81332 -12.76858 -12.70272 -12.64576 -12.58059
 -11.58679 -11.58678 -11.58679 -11.58684 -11.58685 -11.58676 -11.58640 -11.58593
 -11.58528 -11.58390 -11.58188 -11.57840 -11.57061 -11.56188 -11.55055 -11.53172
 -11.51459 -11.49499 -11.46512 -11.43860 -11.40848 -11.36293 -11.32149 -11.27218
 -10.93772 -10.93772 -10.93772 -10.93772 -10.93771 -10.93769 -10.93760 -10.93744
 -10.93714 -10.93629 -10.93491 -10.93244 -10.92693 -10.92094 -10.91341 -10.90097
 -10.88856 -10.87355 -10.85058 -10.83074 -10.80802 -10.77195 -10.73919 -10.69935
 -10.44379 -10.44379 -10.44380 -10.44385 -10.44387 -10.44379 -10.44351 -10.44323
 -10.44298 -10.44262 -10.44196 -10.44054 -10.43688 -10.43266 -10.42719 -10.41800
 -10.40902 -10.39813 -10.38094 -10.36585 -10.34826 -10.31953 -10.29300 -10.26023
 -10.04973 -10.04974 -10.04973 -10.04969 -10.04968 -10.04971 -10.04981 -10.04974
 -10.04933 -10.04806 -10.04670 -10.04514 -10.04278 -10.04019 -10.03632 -10.02917
 -10.02349 -10.01693 -10.00450  -9.99293  -9.97958  -9.95793  -9.93713  -9.91044
  -9.84526  -9.84527  -9.84524  -9.84513  -9.84510  -9.84522  -9.84563  -9.84578
  -9.84545  -9.84391  -9.84226  -9.84060  -9.83865  -9.83687  -9.83424  -9.82915
  -9.82478  -9.81939  -9.80896  -9.79956  -9.78881  -9.77070  -9.75271  -9.72948
  -9.63123  -9.63124  -9.63124  -9.63121  -9.63120  -9.63122  -9.63129  -9.63128
  -9.63114  -9.63065  -9.63009  -9.62941  -9.62832  -9.62710  -9.62528  -9.62163
  -9.61791  -9.61318  -9.60501  -9.59780  -9.58946  -9.57520  -9.56070  -9.54172
  -9.45331  -9.45331  -9.45330  -9.45330  -9.45331  -9.45331  -9.45331  -9.45331
  -9.45330  -9.45326  -9.45321  -9.45312  -9.45283  -9.45209  -9.45049  -9.44688
  -9.44407  -9.44109  -9.43555  -9.43001  -9.42337  -9.41265  -9.40186  -9.38714
  -9.37980  -9.37980  -9.37980  -9.37981  -9.37981  -9.37980  -9.37976  -9.37973
  -9.37971  -9.37972  -9.37968  -9.37952  -9.37903  -9.37836  -9.37738  -9.37537
  -9.37294  -9.36979  -9.36497  -9.36070  -9.35544  -9.34605  -9.33653  -9.32356
  -9.33094  -9.33094  -9.33094  -9.33095  -9.33095  -9.33094  -9.33091  -9.33090
  -9.33090  -9.33095  -9.33096  -9.33090  -9.33058  -9.33001  -9.32901  -9.32689
  -9.32482  -9.32230  -9.31811  -9.31457  -9.31020  -9.30187  -9.29378  -9.28276
  -9.30328  -9.30328  -9.30327  -9.30325  -9.30325  -9.30327  -9.30336  -9.30339
  -9.30331  -9.30297  -9.30267  -9.30247  -9.30243  -9.30227  -9.30169  -9.29998
  -9.29835  -9.29633  -9.29260  -9.28930  -9.28539  -9.27830  -9.27095  -9.26100
  -9.29754  -9.29754  -9.29754  -9.29753  -9.29753  -9.29754  -9.29757  -9.29756
  -9.29750  -9.29729  -9.29705  -9.29678  -9.29641  -9.29612  -9.29583  -9.29519
  -9.29378  -9.29160  -9.28828  -9.28510  -9.28128  -9.27511  -9.26827  -9.25876
  -9.30546  -9.30546  -9.30547  -9.30548  -9.30548  -9.30547  -9.30542  -9.30539
  -9.30539  -9.30548  -9.30552  -9.30545  -9.30510  -9.30471  -9.30430  -9.30364
  -9.30245  -9.30069  -9.29797  -9.29523  -9.29173  -9.28586  -9.27999  -9.27172
  -9.33548  -9.33548  -9.33548  -9.33549  -9.33549  -9.33548  -9.33547  -9.33547
  -9.33549  -9.33555  -9.33556  -9.33547  -9.33513  -9.33475  -9.33434  -9.33373
  -9.33299  -9.33172  -9.32901  -9.32642  -9.32334  -9.31813  -9.31290  -9.30571
  -9.36090  -9.36090  -9.36090  -9.36090  -9.36090  -9.36090  -9.36089  -9.36089
  -9.36089  -9.36090  -9.36089  -9.36084  -9.36068  -9.36046  -9.36011  -9.35934
  -9.35831  -9.35697  -9.35495  -9.35293  -9.35013  -9.34493  -9.34013  -9.33370
  -9.38995  -9.38995  -9.38995  -9.38994  -9.38994  -9.38995  -9.38997  -9.38998
  -9.38995  -9.38985  -9.38981  -9.38989  -9.39020  -9.39026  -9.38982  -9.38842
  -9.38774  -9.38704  -9.38465  -9.38257  -9.38015  -9.37541  -9.37130  -9.36574
  -9.42531  -9.42531  -9.42531  -9.42531  -9.42531  -9.42531  -9.42531  -9.42531
  -9.42531  -9.42531  -9.42531  -9.42533  -9.42534  -9.42528  -9.42508  -9.42456
  -9.42396  -9.42302  -9.42090  -9.41876  -9.41632  -9.41262  -9.40874  -9.40330
---------------------/ IGRD= 1  / IPRT= 1  /--------/ Z1= 9   / DATE= 19/04/20
 -74.00000 -74.00000 -74.00000 -74.00000 -74.00000 -74.00000 -74.00000 -74.00000
 -74.00000 -74.00000 -74.00000 -74.00000 -74.00000 -74.00000 -74.00000 -74.00000
 -74.00000 -74.00000 -74.00000 -74.00000 -74.00000 -74.00000 -74.00000 -74.00000
 -74.00000 -74.00000 -74.00000 -74.00000 -74.00000 -74.00000 -74.00000 -74.00000
 -74.00000 -74.00000 -74.00000 -74.00000 -74.00000 -74.00000 -74.00000 -74.00000
 -74.00000 -74.00000 -74.00000 -74.00000 -74.00000 -74.00000 -74.00000 -74.00000
 -74.00000 -74.00000 -74.00000 -74.00000 -74.00000 -74.00000 -74.00000 -74.00000
 -74.00000 -74.00000 -74.00000 -74.00000 -74.00000 -74.00000 -74.00000 -74.00000
 -74.00000 -74.00000 -74.00000 -74.00000 -74.00000 -74.00000 -74.00000 -74.00000
 -74.00000 -74.00000 -74.00000 -74.00000 -74.00000 -74.00000 -74.00000 -74.00000
 -74.00000 -74.00000 -74.00000 -74.00000 -74.00000 -74.00000 -74.00000 -74.00000
 -74.00000 -74.00000 -74.00000 -74.00000 -74.00000 -74.00000 -74.00000 -74.00000
 -74.00000 -74.00000 -74.00000 -74.00000 -74.00000 -74.00000 -74.00000 -74.00000
 -74.00000 -74.00000 -74.00000 -74.00000 -74.00000 -74.00000 -74.00000 -74.00000
 -74.00000 -74.00000 -74.00000 -74.00000 -74.00000 -74.00000 -74.00000 -74.00000
 -74.00000 -74.00000 -74.00000 -74.00000 -74.00000 -74.00000 -74.00000 -74.00000
 -74.00000 -74.00000 -74.00000 -74.00000 -74.00000 -74.00000 -74.00000 -74.00000
 -74.00000 -74.00000 -74.00000 -74.00000 -74.00000 -74.00000 -74.00000 -74.00000
 -74.00000 -74.00000 -74.00000 -74.00000 -74.00000 -74.00000 -74.00000 -74.00000
 -74.00000 -74.00000 -74.00000 -74.00000 -74.00000 -74.00000 -74.00000 -74.00000
 -74.00000 -74.00000 -74.00000 -74.00000 -74.00000 -74.00000 -74.00000 -74.00000
 -74.00000 -74.00000 -74.00000 -74.00000 -74.00000 -74.00000 -74.00000 -74.00000
 -74.00000 -74.00000 -74.00000 -74.00000 -74.00000 -74.00000 -74.00000 -74.00000
 -74.00000 -74.00000 -74.00000 -74.00000 -74.00000 -74.00000 -74.00000 -74.00000
 -72.20619 -72.20619 -72.20619 -72.20619 -72.20619 -72.20619 -72.20619 -72.20619
 -72.20619 -72.20619 -72.20619 -72.20619 -72.20619 -72.20619 -72.20619 -72.20619
 -72.20619 -72.20619 -72.20619 -72.20619 -72.20619 -72.20619 -72.20619 -72.20619
 -71.93740 -71.93740 -71.93740 -71.93740 -71.93740 -71.93740 -71.93740 -71.93740
 -71.93740 -71.93740 -71.93740 -71.93740 -71.93740 -71.93740 -71.93740 -71.93740
 -71.93740 -71.93740 -71.93740 -71.93740 -71.93740 -71.93740 -71.93740 -71.93740
 -58.86899 -58.86899 -58.86899 -58.86899 -58.86899 -58.86899 -58.86899 -58.86899
 -58.86899 -58.86899 -58.86899 -58.86899 -58.86899 -58.86899 -58.86899 -58.86899
 -58.86899 -58.86899 -58.86899 -58.86899 -58.86899 -58.86898 -58.86898 -58.86898
 -42.91422 -42.91422 -42.91422 -42.91422 -42.91422 -42.91422 -42.91422 -42.91422
 -42.91422 -42.91422 -42.91422 -42.91422 -42.91422 -42.91423 -42.91423 -42.91423
 -42.91423 -42.91424 -42.91424 -42.91424 -42.91421 -42.91414 -42.91412 -42.91414
 -35.13699 -35.13699 -35.13699 -35.13699 -35.13699 -35.13699 -35.13699 -35.13699
 -35.13699 -35.13699 -35.13699 -35.13699 -35.13699 -35.13698 -35.13698 -35.13697
 -35.13697 -35.13695 -35.13694 -35.13694 -35.13673 -35.13624 -35.13612 -35.13614
 -27.40437 -27.40437 -27.40437 -27.40437 -27.40436 -27.40436 -27.40437 -27.40437
 -27.40437 -27.40437 -27.40435 -27.40431 -27.40421 -27.40409 -27.40392 -27.40359
 -27.40326 -27.40285 -27.40233 -27.40202 -27.40145 -27.40029 -27.39933 -27.39783
 -20.76409 -20.76409 -20.76408 -20.76408 -20.76409 -20.76409 -20.76408 -20.76407
 -20.76406 -20.76408 -20.76413 -20.76416 -20.76407 -20.76384 -20.76348 -20.76280
 -20.76216 -20.76149 -20.76053 -20.75959 -20.75832 -20.75601 -20.75380 -20.75108
 -17.70127 -17.70127 -17.70127 -17.70128 -17.70129 -17.70130 -17.70127 -17.70122
 -17.70119 -17.70129 -17.70148 -17.70158 -17.70121 -17.70038 -17.69944 -17.69882
 -17.69894 -17.69813 -17.69621 -17.69609 -17.69574 -17.69326 -17.69009 -17.68690
 -15.44980 -15.44982 -15.44985 -15.44989 -15.44991 -15.44991 -15.44989 -15.44987
 -15.44986 -15.44993 -15.45005 -15.45012 -15.44995 -15.44951 -15.44893 -15.44824
 -15.44788 -15.44727 -15.44588 -15.44456 -15.44303 -15.44079 -15.43891 -15.43613
 -13.74225 -13.74212 -13.74182 -13.74136 -13.74105 -13.74081 -13.74057 -13.74044
 -13.74034 -13.74022 -13.74011 -13.73997 -13.73976 -13.73956 -13.73927 -13.73866
 -13.73795 -13.73689 -13.73543 -13.73471 -13.73321 -13.72950 -13.72627 -13.72371
 -12.86316 -12.86324 -12.86330 -12.86302 -12.86238 -12.86156 -12.86069 -12.86045
 -12.86050 -12.86081 -12.86103 -12.86109 -12.86068 -12.85993 -12.85908 -12.85844
 -12.85843 -12.85778 -12.85572 -12.85421 -12.85294 -12.85059 -12.84737 -12.84433
 -11.94771 -11.94773 -11.94778 -11.94781 -11.94776 -11.94757 -11.94702 -11.94635
 -11.94567 -11.94515 -11.94522 -11.94541 -11.94517 -11.94432 -11.94330 -11.94265
 -11.94295 -11.94256 -11.94050 -11.93880 -11.93751 -11.93601 -11.93429 -11.93209
 -11.18452 -11.18453 -11.18453 -11.18453 -11.18452 -11.18451 -11.18451 -11.18453
 -11.18456 -11.18461 -11.18464 -11.18465 -11.18460 -11.18449 -11.18430 -11.18394
 -11.18355 -11.18294 -11.18184 -11.18092 -11.17987 -11.17825 -11.17687 -11.17520
 -10.84801 -10.84801 -10.84801 -10.84801 -10.84801 -10.84801 -10.84801 -10.84801
 -10.84801 -10.84801 -10.84799 -10.84798 -10.84800 -10.84804 -10.84806 -10.84797
 -10.84787 -10.84818 -10.84787 -10.84572 -10.84465 -10.84477 -10.84294 -10.84070
 -10.58768 -10.58769 -10.58769 -10.58769 -10.58768 -10.58768 -10.58769 -10.58771
 -10.58772 -10.58767 -10.58758 -10.58753 -10.58769 -10.58801 -10.58820 -10.58760
 -10.58645 -10.58608 -10.58617 -10.58489 -10.58419 -10.58442 -10.58354 -10.58192
 -10.37625 -10.37625 -10.37626 -10.37627 -10.37628 -10.37627 -10.37626 -10.37625
 -10.37624 -10.37626 -10.37629 -10.37631 -10.37624 -10.37610 -10.37600 -10.37615
 -10.37643 -10.37614 -10.37525 -10.37528 -10.37520 -10.37401 -10.37247 -10.37142
 -10.27006 -10.27007 -10.27008 -10.27010 -10.27011 -10.27010 -10.27009 -10.27007
 -10.27006 -10.27008 -10.27014 -10.27017 -10.27006 -10.26981 -10.26953 -10.26932
 -10.26938 -10.26945 -10.26925 -10.26883 -10.26841 -10.26767 -10.26660 -10.26554
 -10.16590 -10.16579 -10.16557 -10.16533 -10.16530 -10.16536 -10.16547 -10.16551
 -10.16552 -10.16551 -10.16552 -10.16555 -10.16562 -10.16569 -10.16567 -10.16532
 -10.16485 -10.16478 -10.16497 -10.16442 -10.16390 -10.16360 -10.16316 -10.16253
 -10.09177 -10.09179 -10.09182 -10.09180 -10.09168 -10.09151 -10.09125 -10.09107
 -10.09089 -10.09064 -10.09045 -10.09027 -10.09009 -10.09002 -10.09001 -10.09010
 -10.09017 -10.08997 -10.08959 -10.08964 -10.08935 -10.08848 -10.08815 -10.08772
 -10.06533 -10.06532 -10.06530 -10.06534 -10.06543 -10.06548 -10.06532 -10.06493
 -10.06442 -10.06380 -10.06351 -10.06337 -10.06332 -10.06332 -10.06332 -10.06332
 -10.06331 -10.06335 -10.06331 -10.06301 -10.06266 -10.06230 -10.06201 -10.06157
 -10.04942 -10.04941 -10.04940 -10.04942 -10.04948 -10.04952 -10.04942 -10.04916
 -10.04882 -10.04838 -10.04816 -10.04802 -10.04792 -10.04788 -10.04788 -10.04793
 -10.04797 -10.04779 -10.04743 -10.04744 -10.04735 -10.04695 -10.04667 -10.04624
 -10.04979 -10.04978 -10.04977 -10.04979 -10.04983 -10.04984 -10.04973 -10.04949
 -10.04918 -10.04878 -10.04857 -10.04843 -10.04836 -10.04836 -10.04838 -10.04836
 -10.04831 -10.04836 -10.04839 -10.04807 -10.04773 -10.04738 -10.04705 -10.04681
---------------------/ IGRD= 1  / IPRT= 1  /--------/ Z1=10   / DATE= 19/04/20
 -74.00000 -74.00000 -74.00000 -74.00000 -74.00000 -74.00000 -74.00000 -74.00000
 -74.00000 -74.00000 -74.00000 -74.00000 -74.00000 -74.00000 -74.00000 -74.00000
 -74.00000 -74.00000 -74.00000 -74.00000 -74.00000 -74.00000 -74.00000 -74.00000
 -74.00000 -74.00000 -74.00000 -74.00000 -74.00000 -74.00000 -74.00000 -74.00000
 -74.00000 -74.00000 -74.00000 -74.00000 -74.00000 -74.00000 -74.00000 -74.00000
 -74.00000 -74.00000 -74.00000 -74.00000 -74.00000 -74.00000 -74.00000 -74.00000
 -74.00000 -74.00000 -74.00000 -74.00000 -74.00000 -74.00000 -74.00000 -74.00000
 -74.00000 -74.00000 -74.00000 -74.00000 -74.00000 -74.00000 -74.00000 -74.00000
 -74.00000 -74.00000 -74.00000 -74.00000 -74.00000 -74.00000 -74.00000 -74.00000
 -74.00000 -74.00000 -74.00000 -74.00000 -74.00000 -74.00000 -74.00000 -74.00000
 -74.00000 -74.00000 -74.00000 -74.00000 -74.00000 -74.00000 -74.00000 -74.00000
 -74.00000 -74.00000 -74.00000 -74.00000 -74.00000 -74.00000 -74.00000 -74.00000
 -74.00000 -74.00000 -74.00000 -74.00000 -74.00000 -74.00000 -74.00000 -74.00000
 -74.00000 -74.00000 -74.00000 -74.00000 -74.00000 -74.00000 -74.00000 -74.00000
 -74.00000 -74.00000 -74.00000 -74.00000 -74.00000 -74.00000 -74.00000 -74.00000
 -74.00000 -74.00000 -74.00000 -74.00000 -74.00000 -74.00000 -74.00000 -74.00000
 -74.00000 -74.00000 -74.00000 -74.00000 -74.00000 -74.00000 -74.00000 -74.00000
 -74.00000 -74.00000 -74.00000 -74.00000 -74.00000 -74.00000 -74.00000 -74.00000
 -74.00000 -74.00000 -74.00000 -74.00000 -74.00000 -74.00000 -74.00000 -74.00000
 -74.00000 -74.00000 -74.00000 -74.00000 -74.00000 -74.00000 -74.00000 -74.00000
 -74.00000 -74.00000 -74.00000 -74.00000 -74.00000 -74.00000 -74.00000 -74.00000
 -74.00000 -74.00000 -74.00000 -74.00000 -74.00000 -74.00000 -74.00000 -74.00000
 -74.00000 -74.00000 -74.00000 -74.00000 -74.00000 -74.00000 -74.00000 -74.00000
 -74.00000 -74.00000 -74.00000 -74.00000 -74.00000 -74.00000 -74.00000 -74.00000
 -71.06023 -71.06023 -71.05988 -71.05942 -71.06023 -71.06244 -71.06385 -71.06030
 -71.05079 -71.03327 -71.02064 -71.01149 -71.00350 -70.99871 -70.99373 -70.98709
 -70.98259 -70.97890 -70.97488 -70.97206 -70.96922 -70.96578 -70.96333 -70.96069
 -72.81394 -72.81394 -72.81499 -72.81639 -72.81394 -72.80726 -72.80301 -72.81374
 -72.84244 -72.89529 -72.93341 -72.96104 -72.98515 -72.99959 -73.01464 -73.03467
 -73.04824 -73.05938 -73.07153 -73.08002 -73.08860 -73.09898 -73.10638 -73.11434
 -69.02281 -69.02281 -69.01820 -69.01211 -69.02281 -69.05199 -69.07052 -69.02359
 -68.89810 -68.66690 -68.49992 -68.37853 -68.27194 -68.20756 -68.14025 -68.05038
 -67.98926 -67.93884 -67.88356 -67.84486 -67.80582 -67.75846 -67.72462 -67.68831
 -52.85430 -52.85430 -52.84913 -52.84230 -52.85430 -52.88689 -52.90638 -52.85110
 -52.70526 -52.43179 -52.22507 -52.05949 -51.88350 -51.75394 -51.60834 -51.40276
 -51.25272 -51.11769 -50.95700 -50.84199 -50.72859 -50.58540 -50.47985 -50.37115
 -40.64143 -40.64143 -40.64350 -40.64623 -40.64143 -40.62822 -40.61856 -40.63677
 -40.68757 -40.77609 -40.83020 -40.85324 -40.84078 -40.80827 -40.76327 -40.69105
 -40.63084 -40.56894 -40.48675 -40.42599 -40.36743 -40.28943 -40.22942 -40.16960
 -29.86871 -29.86871 -29.86801 -29.86710 -29.86871 -29.87311 -29.87616 -29.86969
 -29.85197 -29.82042 -29.79977 -29.78825 -29.78499 -29.78808 -29.79330 -29.80197
 -29.80913 -29.81619 -29.82447 -29.82913 -29.83190 -29.83348 -29.83304 -29.83041
 -22.70335 -22.70335 -22.70353 -22.70378 -22.70335 -22.70213 -22.70072 -22.70118
 -22.70374 -22.70861 -22.71164 -22.71281 -22.71132 -22.70800 -22.70285 -22.69293
 -22.68278 -22.67028 -22.65120 -22.63486 -22.61636 -22.58890 -22.56511 -22.53764
 -19.31730 -19.31730 -19.31733 -19.31737 -19.31730 -19.31708 -19.31651 -19.31586
 -19.31501 -19.31372 -19.31274 -19.31178 -19.31009 -19.30803 -19.30490 -19.29834
 -19.29096 -19.28120 -19.26589 -19.25284 -19.23817 -19.21552 -19.19529 -19.17199
 -16.64251 -16.64251 -16.64252 -16.64252 -16.64251 -16.64250 -16.64258 -16.64282
 -16.64325 -16.64378 -16.64385 -16.64343 -16.64224 -16.64102 -16.63953 -16.63626
 -16.63197 -16.62575 -16.61638 -16.60856 -16.59923 -16.58441 -16.57141 -16.55675
 -14.57656 -14.57656 -14.57656 -14.57655 -14.57656 -14.57657 -14.57656 -14.57651
 -14.57641 -14.57623 -14.57610 -14.57597 -14.57558 -14.57493 -14.57380 -14.57130
 -14.56844 -14.56457 -14.55777 -14.55178 -14.54549 -14.53543 -14.52640 -14.51667
 -13.46957 -13.46957 -13.46956 -13.46956 -13.46957 -13.46960 -13.46962 -13.46959
 -13.46949 -13.46934 -13.46929 -13.46931 -13.46920 -13.46876 -13.46785 -13.46593
 -13.46397 -13.46153 -13.45693 -13.45286 -13.44901 -13.44259 -13.43681 -13.43112
 -12.34993 -12.34993 -12.34993 -12.34993 -12.34993 -12.34994 -12.34994 -12.34992
 -12.34989 -12.34988 -12.34999 -12.35020 -12.35035 -12.35009 -12.34935 -12.34790
 -12.34676 -12.34571 -12.34379 -12.34167 -12.33908 -12.33564 -12.33240 -12.32761
 -11.47500 -11.47500 -11.47500 -11.47500 -11.47500 -11.47499 -11.47499 -11.47500
 -11.47502 -11.47504 -11.47499 -11.47488 -11.47481 -11.47497 -11.47537 -11.47568
 -11.47524 -11.47400 -11.47241 -11.47121 -11.46933 -11.46630 -11.46368 -11.46058
 -11.12123 -11.12123 -11.12122 -11.12122 -11.12123 -11.12123 -11.12124 -11.12123
 -11.12119 -11.12117 -11.12123 -11.12136 -11.12144 -11.12123 -11.12067 -11.11958
 -11.11871 -11.11800 -11.11767 -11.11711 -11.11535 -11.11327 -11.11210 -11.11008
 -10.86851 -10.86851 -10.86851 -10.86851 -10.86851 -10.86853 -10.86854 -10.86851
 -10.86845 -10.86841 -10.86851 -10.86874 -10.86887 -10.86851 -10.86758 -10.86616
 -10.86559 -10.86580 -10.86609 -10.86507 -10.86255 -10.86097 -10.86098 -10.85948
 -10.68162 -10.68162 -10.68162 -10.68162 -10.68162 -10.68162 -10.68161 -10.68162
 -10.68164 -10.68165 -10.68162 -10.68156 -10.68152 -10.68162 -10.68187 -10.68211
 -10.68190 -10.68122 -10.68031 -10.67956 -10.67837 -10.67664 -10.67523 -10.67346
 -10.59519 -10.59519 -10.59519 -10.59519 -10.59519 -10.59518 -10.59518 -10.59519
 -10.59521 -10.59522 -10.59519 -10.59511 -10.59506 -10.59519 -10.59549 -10.59566
 -10.59515 -10.59402 -10.59357 -10.59357 -10.59244 -10.59122 -10.59027 -10.58795
 -10.51715 -10.51715 -10.51715 -10.51715 -10.51715 -10.51716 -10.51716 -10.51715
 -10.51713 -10.51712 -10.51715 -10.51722 -10.51726 -10.51715 -10.51689 -10.51660
 -10.51673 -10.51715 -10.51645 -10.51525 -10.51464 -10.51367 -10.51239 -10.51089
 -10.46824 -10.46824 -10.46824 -10.46824 -10.46824 -10.46824 -10.46825 -10.46824
 -10.46822 -10.46821 -10.46824 -10.46831 -10.46835 -10.46824 -10.46795 -10.46753
 -10.46740 -10.46746 -10.46687 -10.46617 -10.46594 -10.46490 -10.46363 -10.46287
 -10.45335 -10.45335 -10.45335 -10.45335 -10.45335 -10.45335 -10.45335 -10.45335
 -10.45336 -10.45336 -10.45335 -10.45335 -10.45334 -10.45335 -10.45339 -10.45351
 -10.45365 -10.45378 -10.45322 -10.45229 -10.45138 -10.45045 -10.44987 -10.44917
 -10.44919 -10.44919 -10.44919 -10.44919 -10.44919 -10.44919 -10.44919 -10.44919
 -10.44917 -10.44917 -10.44919 -10.44924 -10.44926 -10.44919 -10.44899 -10.44869
 -10.44856 -10.44857 -10.44841 -10.44793 -10.44713 -10.44604 -10.44536 -10.44469
 -10.45322 -10.45322 -10.45322 -10.45321 -10.45322 -10.45322 -10.45322 -10.45322
 -10.45320 -10.45319 -10.45322 -10.45327 -10.45330 -10.45322 -10.45300 -10.45267
 -10.45255 -10.45259 -10.45234 -10.45193 -10.45159 -10.45086 -10.45012 -10.44943
C-------------------------------------------------------------------------------
C
C     RATE COEFFICIENTS IN UNITS OF CM**3 S-1 
C     --------------------------------------- 
C
C     INPUT DATA
C         FOR YEAR: 96 AND WITH PREFIX: pj
C         FOR ne RECOMBINING ION CHARGE(S)  1 TO 10
C
C     CODE     : ADAS404
C     PRODUCER : Martin O'Mullane              
C     DATE     : 11/06/14
C
C-------------------------------------------------------------------------------
C
C  Re-run because of mis-identified parent in the projection mapping (adf18).
C  The identification of the 4th parent (2p3 3s1 5S) was at fault so the
C  differences are not large.
C
C  PRODUCER : Martin O'Mullane
C  DATE     : 21.06.2014
C
C-------------------------------------------------------------------------------
C
C  Re-run to fix:
C    - Ne0 had a rising rate with increasing Te due to a too narrow
C      Te range in the adf04 file.
C    - Ne2+ had a kink in the rate caused by a problem with low-Te S line
C      for the 2 -> +1 rate in the adf04 file.
C    - Ne5+ had a kink caused by an incorrect extrapolation (adas208) of
C      the 1 -> +2 rate.
C    - Ne7+ had a kink caused by an incorrect extrapolation (adas208) of
C      the 1 -> +2 rate.
C
C  None of these changes has affected the equilibrium balance severely
C  as the rise in the Ne0 rate and the various kinks were away from the
C  temperature of peak abundance. Nevertheless they introduced numerical
C  problems and are best removed. The revised rates match the background
C  of the existing rates and effectively removes the un-physical spikes.
C
C  PRODUCER : Martin O'Mullane
C  DATE     : 19/04/2020
C
C-------------------------------------------------------------------------------
