    7   24   30    1    7     /NITROGEN           /GCR PROJECT      
--------------------------------------------------------------------------------
    3    4    2    2    1    2    1    1
--------------------------------------------------------------------------------
   7.69897   8.00000   8.30103   8.69897   9.00000   9.30103   9.69897  10.00000
  10.30103  10.69897  11.00000  11.30103  11.69897  12.00000  12.30103  12.69897
  13.00000  13.30103  13.69897  14.00000  14.30103  14.69897  15.00000  15.30103
  -0.69877  -0.52268  -0.30083  -0.15470   0.00020   0.17629   0.30123   0.47732
   0.69917   0.84530   1.00020   1.17629   1.30123   1.47732   1.69917   1.84530
   2.00020   2.17629   2.30123   2.47732   2.69917   2.84530   3.00020   3.17629
   3.30123   3.47732   3.69917   3.84530   4.00020   4.17629
---------------------/ IPRT= 1  / IGRD= 0  /--------/ Z1= 1   / DATE= 18/07/15
 -29.40415 -29.38393 -29.36094 -29.32620 -29.29569 -29.26020 -29.20391 -29.15331
 -29.09548 -29.00881 -28.93379 -28.84766 -28.71492 -28.59855 -28.46681 -28.26881
 -28.09881 -27.90920 -27.63526 -27.41434 -27.18730 -26.91474 -26.73193 -26.55231
 -29.56217 -29.54794 -29.53132 -29.50701 -29.48581 -29.46009 -29.41930 -29.38286
 -29.34070 -29.27677 -29.22101 -29.15678 -29.05816 -28.97140 -28.87186 -28.72050
 -28.58929 -28.44157 -28.22441 -28.04238 -27.84601 -27.60298 -27.43790 -27.27539
 -29.74829 -29.73952 -29.72995 -29.71425 -29.69987 -29.68376 -29.65743 -29.63343
 -29.60675 -29.56520 -29.52789 -29.48516 -29.41856 -29.35970 -29.29312 -29.19061
 -29.10044 -28.99845 -28.84363 -28.70967 -28.56447 -28.39306 -28.28368 -28.17708
 -29.86315 -29.85771 -29.85034 -29.83867 -29.82851 -29.81646 -29.79740 -29.78026
 -29.76033 -29.72917 -29.70150 -29.66961 -29.61875 -29.57390 -29.52442 -29.44732
 -29.37870 -29.30143 -29.18174 -29.07776 -28.96845 -28.84792 -28.77694 -28.70872
 -29.98218 -29.97758 -29.97127 -29.96461 -29.95966 -29.95105 -29.93676 -29.92500
 -29.91166 -29.88986 -29.86988 -29.84708 -29.81054 -29.77793 -29.74182 -29.68675
 -29.63772 -29.58106 -29.49327 -29.41827 -29.34116 -29.26228 -29.22083 -29.18185
 -29.91698 -29.91775 -29.91920 -29.92076 -29.92065 -29.91927 -29.91653 -29.91375
 -29.90976 -29.90218 -29.89441 -29.88470 -29.86937 -29.85531 -29.83820 -29.81127
 -29.78672 -29.75700 -29.70966 -29.66982 -29.63060 -29.59220 -29.57290 -29.55493
 -29.60181 -29.60938 -29.61690 -29.62558 -29.63078 -29.63518 -29.64172 -29.64596
 -29.64752 -29.65018 -29.65231 -29.65165 -29.65037 -29.64932 -29.64603 -29.63908
 -29.63160 -29.62118 -29.60374 -29.58907 -29.57470 -29.56059 -29.55344 -29.54676
 -29.06449 -29.07442 -29.08389 -29.09546 -29.10398 -29.11282 -29.12357 -29.13094
 -29.13833 -29.14694 -29.15288 -29.15916 -29.16531 -29.16867 -29.17271 -29.17692
 -29.17912 -29.18166 -29.18466 -29.18580 -29.18578 -29.18621 -29.18739 -29.18869
 -28.65334 -28.66368 -28.67486 -28.68835 -28.69771 -28.70780 -28.71986 -28.72779
 -28.73581 -28.74529 -28.75208 -28.75962 -28.76732 -28.77184 -28.77734 -28.78219
 -28.78444 -28.78809 -28.79171 -28.79256 -28.79295 -28.79437 -28.79623 -28.79820
 -28.53248 -28.54441 -28.55525 -28.56929 -28.57951 -28.58843 -28.60048 -28.61009
 -28.61910 -28.62984 -28.63707 -28.64360 -28.65205 -28.65774 -28.66195 -28.66765
 -28.67191 -28.67461 -28.67701 -28.67872 -28.68033 -28.68212 -28.68324 -28.68433
 -28.50033 -28.51200 -28.52340 -28.53793 -28.54821 -28.55768 -28.57098 -28.58125
 -28.59012 -28.60071 -28.60840 -28.61566 -28.62396 -28.62931 -28.63427 -28.64015
 -28.64396 -28.64717 -28.65044 -28.65220 -28.65343 -28.65483 -28.65595 -28.65708
 -28.55164 -28.56278 -28.57395 -28.58910 -28.60028 -28.61046 -28.62364 -28.63357
 -28.64287 -28.65410 -28.66181 -28.66890 -28.67789 -28.68444 -28.69036 -28.69606
 -28.69950 -28.70335 -28.70638 -28.70720 -28.70850 -28.71048 -28.71184 -28.71317
 -28.62936 -28.64070 -28.65180 -28.66727 -28.67862 -28.68817 -28.70152 -28.71214
 -28.72126 -28.73289 -28.74143 -28.74867 -28.75767 -28.76411 -28.76950 -28.77621
 -28.78064 -28.78342 -28.78568 -28.78729 -28.78913 -28.79095 -28.79171 -28.79240
 -28.77966 -28.79033 -28.80264 -28.81925 -28.83047 -28.84023 -28.85391 -28.86470
 -28.87407 -28.88542 -28.89365 -28.90137 -28.91155 -28.91805 -28.92212 -28.92855
 -28.93384 -28.93651 -28.93874 -28.94091 -28.94314 -28.94437 -28.94400 -28.94345
 -29.01763 -29.02933 -29.04146 -29.05748 -29.06886 -29.07906 -29.09232 -29.10261
 -29.11259 -29.12490 -29.13338 -29.14114 -29.15070 -29.15721 -29.16267 -29.16899
 -29.17317 -29.17653 -29.18010 -29.18225 -29.18384 -29.18505 -29.18554 -29.18597
 -29.19112 -29.20271 -29.21432 -29.22907 -29.23974 -29.25023 -29.26431 -29.27480
 -29.28456 -29.29679 -29.30532 -29.31279 -29.32241 -29.32916 -29.33440 -29.34067
 -29.34505 -29.34829 -29.35156 -29.35372 -29.35554 -29.35694 -29.35736 -29.35769
 -29.38411 -29.39495 -29.40597 -29.42110 -29.43205 -29.44157 -29.45493 -29.46553
 -29.47486 -29.48683 -29.49557 -29.50300 -29.51215 -29.51871 -29.52427 -29.53011
 -29.53385 -29.53743 -29.54125 -29.54332 -29.54489 -29.54606 -29.54644 -29.54676
 -29.60756 -29.61756 -29.62839 -29.64224 -29.65213 -29.66213 -29.67460 -29.68367
 -29.69307 -29.70461 -29.71219 -29.71915 -29.72809 -29.73451 -29.74003 -29.74520
 -29.74848 -29.75247 -29.75632 -29.75802 -29.75985 -29.76092 -29.76054 -29.76000
 -29.75080 -29.76070 -29.77139 -29.78332 -29.79170 -29.80203 -29.81359 -29.82089
 -29.82989 -29.84067 -29.84733 -29.85422 -29.86248 -29.86808 -29.87373 -29.87896
 -29.88172 -29.88513 -29.88845 -29.88989 -29.89152 -29.89255 -29.89229 -29.89190
 -29.93874 -29.94787 -29.95520 -29.96461 -29.97272 -29.98123 -29.99018 -29.99547
 -30.00129 -30.00920 -30.01609 -30.02454 -30.03214 -30.03574 -30.04105 -30.04599
 -30.04745 -30.04938 -30.05378 -30.05631 -30.05561 -30.05434 -30.05469 -30.05523
 -30.17388 -30.18197 -30.18469 -30.19095 -30.19894 -30.20488 -30.21038 -30.21320
 -30.21469 -30.21878 -30.22614 -30.23678 -30.24358 -30.24454 -30.24938 -30.25388
 -30.25365 -30.25364 -30.25964 -30.26370 -30.25982 -30.25539 -30.25655 -30.25834
 -30.32876 -30.33617 -30.33585 -30.34003 -30.34795 -30.35220 -30.35543 -30.35662
 -30.35526 -30.35682 -30.36450 -30.37657 -30.38285 -30.38208 -30.38660 -30.39082
 -30.38947 -30.38819 -30.39523 -30.40031 -30.39433 -30.38782 -30.38951 -30.39213
 -30.49294 -30.49962 -30.49608 -30.49807 -30.50591 -30.50836 -30.50919 -30.50865
 -30.50426 -30.50315 -30.51116 -30.52476 -30.53048 -30.52787 -30.53206 -30.53598
 -30.53344 -30.53081 -30.53896 -30.54511 -30.53691 -30.52819 -30.53045 -30.53395
 -30.67958 -30.68544 -30.67824 -30.67772 -30.68547 -30.68588 -30.68397 -30.68147
 -30.67365 -30.66950 -30.67789 -30.69322 -30.69831 -30.69361 -30.69741 -30.70100
 -30.69711 -30.69294 -30.70236 -30.70973 -30.69900 -30.68777 -30.69067 -30.69516
 -30.81201 -30.81728 -30.80748 -30.80519 -30.81288 -30.81184 -30.80799 -30.80409
 -30.79383 -30.78753 -30.79619 -30.81274 -30.81738 -30.81120 -30.81474 -30.81808
 -30.81323 -30.80797 -30.81829 -30.82653 -30.81400 -30.80100 -30.80435 -30.80955
 -30.99865 -31.00309 -30.98963 -30.98484 -30.99244 -30.98936 -30.98277 -30.97691
 -30.96322 -30.95388 -30.96291 -30.98120 -30.98521 -30.97694 -30.98009 -30.98309
 -30.97690 -30.97010 -30.98168 -30.99114 -30.97609 -30.96057 -30.96457 -30.97077
 -31.23379 -31.23719 -31.21912 -31.21117 -31.21867 -31.21302 -31.20298 -31.19465
 -31.17663 -31.16346 -31.17297 -31.19343 -31.19664 -31.18574 -31.18842 -31.19099
 -31.18310 -31.17437 -31.18754 -31.19853 -31.18030 -31.16162 -31.16643 -31.17388
 -31.38868 -31.39139 -31.37028 -31.36026 -31.36768 -31.36034 -31.34803 -31.33806
 -31.31720 -31.30150 -31.31132 -31.33323 -31.33591 -31.32328 -31.32564 -31.32793
 -31.31892 -31.30891 -31.32313 -31.33514 -31.31481 -31.29405 -31.29939 -31.30767
 -31.55286 -31.55484 -31.53051 -31.51829 -31.52563 -31.51650 -31.50178 -31.49009
 -31.46620 -31.44783 -31.45799 -31.48141 -31.48354 -31.46907 -31.47110 -31.47308
 -31.46289 -31.45153 -31.46687 -31.47995 -31.45739 -31.43442 -31.44033 -31.44949
 -31.73950 -31.74066 -31.71267 -31.69795 -31.70520 -31.69402 -31.67657 -31.66291
 -31.63559 -31.61418 -31.62471 -31.64987 -31.65137 -31.63481 -31.63646 -31.63810
 -31.62656 -31.61366 -31.63026 -31.64456 -31.61948 -31.59400 -31.60055 -31.61071
---------------------/ IPRT= 2  / IGRD= 0  /--------/ Z1= 1   / DATE= 18/07/15
 -29.87441 -29.87276 -29.87214 -29.87128 -29.86973 -29.86772 -29.86640 -29.86522
 -29.86179 -29.85819 -29.85534 -29.84918 -29.84100 -29.83346 -29.81985 -29.79340
 -29.76350 -29.71651 -29.60528 -29.47268 -29.30011 -29.05371 -28.87008 -28.68692
 -29.96543 -29.96543 -29.96290 -29.96175 -29.96209 -29.95991 -29.95839 -29.95860
 -29.95714 -29.95455 -29.95239 -29.94902 -29.94339 -29.93703 -29.92685 -29.90803
 -29.88550 -29.84770 -29.75740 -29.64765 -29.50084 -29.29006 -29.13359 -28.97762
 -30.07856 -30.07852 -30.07823 -30.07771 -30.07732 -30.07685 -30.07585 -30.07499
 -30.07428 -30.07264 -30.07080 -30.06885 -30.06548 -30.06156 -30.05567 -30.04344
 -30.02779 -30.00183 -29.93920 -29.86312 -29.76314 -29.62827 -29.53424 -29.44135
 -30.15353 -30.15353 -30.15316 -30.15276 -30.15260 -30.15223 -30.15158 -30.15110
 -30.15058 -30.14953 -30.14835 -30.14688 -30.14423 -30.14128 -30.13702 -30.12826
 -30.11700 -30.09821 -30.05272 -29.99940 -29.93288 -29.84825 -29.79213 -29.73712
 -30.23204 -30.23194 -30.23137 -30.23103 -30.23113 -30.23099 -30.23048 -30.22999
 -30.22951 -30.22879 -30.22814 -30.22733 -30.22530 -30.22301 -30.22030 -30.21460
 -30.20706 -30.19486 -30.16700 -30.13583 -30.09831 -30.05223 -30.02259 -29.99368
 -30.31699 -30.31695 -30.31666 -30.31656 -30.31661 -30.31633 -30.31588 -30.31566
 -30.31544 -30.31487 -30.31431 -30.31382 -30.31296 -30.31184 -30.31013 -30.30678
 -30.30298 -30.29729 -30.28459 -30.27106 -30.25582 -30.23719 -30.22485 -30.21276
 -30.37117 -30.37118 -30.37130 -30.37127 -30.37092 -30.37032 -30.37007 -30.37033
 -30.37050 -30.37033 -30.36981 -30.36901 -30.36861 -30.36826 -30.36683 -30.36506
 -30.36380 -30.36144 -30.35657 -30.35179 -30.34631 -30.33867 -30.33285 -30.32703
 -30.42608 -30.42610 -30.42617 -30.42560 -30.42506 -30.42516 -30.42512 -30.42476
 -30.42464 -30.42487 -30.42486 -30.42430 -30.42402 -30.42413 -30.42384 -30.42392
 -30.42507 -30.42746 -30.43241 -30.43659 -30.43988 -30.44175 -30.44174 -30.44155
 -30.44841 -30.44841 -30.44841 -30.44844 -30.44850 -30.44856 -30.44817 -30.44775
 -30.44771 -30.44775 -30.44773 -30.44781 -30.44765 -30.44768 -30.44857 -30.45147
 -30.45574 -30.46290 -30.47798 -30.49123 -30.50222 -30.51112 -30.51479 -30.51806
 -30.45198 -30.45198 -30.45198 -30.45197 -30.45195 -30.45194 -30.45203 -30.45211
 -30.45212 -30.45212 -30.45212 -30.45210 -30.45217 -30.45260 -30.45379 -30.45746
 -30.46322 -30.47298 -30.49234 -30.50893 -30.52301 -30.53486 -30.54000 -30.54464
 -30.46614 -30.46614 -30.46614 -30.46614 -30.46615 -30.46615 -30.46612 -30.46609
 -30.46609 -30.46612 -30.46609 -30.46602 -30.46648 -30.46750 -30.46917 -30.47343
 -30.47995 -30.49102 -30.51223 -30.53005 -30.54521 -30.55785 -30.56317 -30.56793
 -30.49988 -30.49988 -30.49988 -30.49988 -30.49988 -30.49988 -30.49988 -30.49989
 -30.49988 -30.49991 -30.49989 -30.49981 -30.50026 -30.50132 -30.50317 -30.50773
 -30.51404 -30.52414 -30.54415 -30.56126 -30.57544 -30.58693 -30.59168 -30.59590
 -30.52980 -30.52980 -30.52980 -30.52980 -30.52980 -30.52980 -30.52980 -30.52980
 -30.52980 -30.52981 -30.52980 -30.52975 -30.53005 -30.53084 -30.53231 -30.53584
 -30.54139 -30.55114 -30.56883 -30.58329 -30.59599 -30.60593 -30.60914 -30.61177
 -30.56652 -30.56652 -30.56652 -30.56652 -30.56652 -30.56652 -30.56652 -30.56652
 -30.56653 -30.56649 -30.56652 -30.56663 -30.56611 -30.56608 -30.56773 -30.57099
 -30.57496 -30.58218 -30.59612 -30.60717 -30.61558 -30.62268 -30.62634 -30.62977
 -30.58696 -30.58696 -30.58696 -30.58696 -30.58696 -30.58696 -30.58696 -30.58696
 -30.58695 -30.58698 -30.58696 -30.58687 -30.58731 -30.58788 -30.58823 -30.59015
 -30.59313 -30.59700 -30.60402 -30.61025 -30.61593 -30.62058 -30.62222 -30.62361
 -30.58060 -30.58060 -30.58060 -30.58060 -30.58060 -30.58060 -30.58061 -30.58060
 -30.58060 -30.58063 -30.58060 -30.58050 -30.58121 -30.58184 -30.58157 -30.58215
 -30.58413 -30.58705 -30.59196 -30.59610 -30.59999 -30.60266 -30.60294 -30.60298
 -30.55966 -30.55966 -30.55966 -30.55966 -30.55966 -30.55966 -30.55966 -30.55966
 -30.55965 -30.55966 -30.55966 -30.55958 -30.55926 -30.55920 -30.55968 -30.56012
 -30.56084 -30.56300 -30.56651 -30.56867 -30.57022 -30.57178 -30.57287 -30.57395
 -30.51973 -30.51973 -30.51974 -30.51973 -30.51973 -30.51974 -30.51973 -30.51973
 -30.51976 -30.51965 -30.51973 -30.52026 -30.52053 -30.52055 -30.52110 -30.52135
 -30.52129 -30.52194 -30.52347 -30.52470 -30.52573 -30.52654 -30.52683 -30.52708
 -30.48369 -30.48369 -30.48369 -30.48369 -30.48369 -30.48370 -30.48368 -30.48369
 -30.48373 -30.48356 -30.48369 -30.48454 -30.48519 -30.48499 -30.48475 -30.48453
 -30.48468 -30.48536 -30.48628 -30.48687 -30.48760 -30.48806 -30.48794 -30.48776
 -30.42779 -30.42779 -30.42779 -30.42779 -30.42779 -30.42778 -30.42779 -30.42779
 -30.42776 -30.42788 -30.42779 -30.42718 -30.42672 -30.42687 -30.42708 -30.42734
 -30.42717 -30.42650 -30.42700 -30.42783 -30.42737 -30.42766 -30.42925 -30.43103
 -30.35676 -30.35676 -30.35676 -30.35676 -30.35676 -30.35675 -30.35679 -30.35676
 -30.35664 -30.35717 -30.35676 -30.35408 -30.35204 -30.35271 -30.35368 -30.35469
 -30.35403 -30.35148 -30.35151 -30.35277 -30.35072 -30.35084 -30.35487 -30.35943
 -30.30998 -30.30998 -30.30998 -30.30998 -30.30998 -30.30997 -30.31002 -30.30998
 -30.30980 -30.31059 -30.30998 -30.30594 -30.30285 -30.30387 -30.30533 -30.30684
 -30.30586 -30.30207 -30.30178 -30.30333 -30.30023 -30.30025 -30.30587 -30.31227
 -30.26039 -30.26039 -30.26039 -30.26039 -30.26039 -30.26037 -30.26045 -30.26039
 -30.26015 -30.26122 -30.26039 -30.25490 -30.25070 -30.25209 -30.25408 -30.25611
 -30.25479 -30.24969 -30.24907 -30.25092 -30.24672 -30.24661 -30.25393 -30.26228
 -30.20401 -30.20401 -30.20401 -30.20402 -30.20401 -30.20399 -30.20409 -30.20401
 -30.20370 -30.20510 -30.20401 -30.19688 -30.19142 -30.19323 -30.19582 -30.19844
 -30.19674 -30.19014 -30.18915 -30.19134 -30.18588 -30.18564 -30.19489 -30.20545
 -30.16401 -30.16401 -30.16401 -30.16402 -30.16401 -30.16399 -30.16410 -30.16401
 -30.16365 -30.16528 -30.16401 -30.15572 -30.14936 -30.15147 -30.15448 -30.15753
 -30.15555 -30.14790 -30.14664 -30.14907 -30.14271 -30.14238 -30.15300 -30.16513
 -30.10764 -30.10764 -30.10764 -30.10765 -30.10764 -30.10761 -30.10775 -30.10764
 -30.10720 -30.10916 -30.10764 -30.09770 -30.09009 -30.09261 -30.09622 -30.09986
 -30.09750 -30.08835 -30.08672 -30.08949 -30.08187 -30.08141 -30.09396 -30.10829
 -30.03662 -30.03661 -30.03661 -30.03662 -30.03661 -30.03658 -30.03675 -30.03661
 -30.03609 -30.03845 -30.03661 -30.02461 -30.01541 -30.01846 -30.02281 -30.02721
 -30.02436 -30.01334 -30.01122 -30.01443 -30.00523 -30.00460 -30.01958 -30.03670
 -29.98983 -29.98983 -29.98983 -29.98984 -29.98983 -29.98979 -29.98998 -29.98983
 -29.98925 -29.99187 -29.98983 -29.97646 -29.96621 -29.96961 -29.97447 -29.97936
 -29.97619 -29.96392 -29.96150 -29.96499 -29.95474 -29.95400 -29.97058 -29.98953
 -29.94024 -29.94024 -29.94024 -29.94025 -29.94024 -29.94019 -29.94040 -29.94024
 -29.93959 -29.94250 -29.94024 -29.92542 -29.91407 -29.91783 -29.92321 -29.92863
 -29.92512 -29.91154 -29.90879 -29.91258 -29.90122 -29.90036 -29.91865 -29.93954
 -29.88387 -29.88387 -29.88386 -29.88388 -29.88387 -29.88381 -29.88405 -29.88387
 -29.88315 -29.88638 -29.88387 -29.86741 -29.85479 -29.85897 -29.86495 -29.87097
 -29.86707 -29.85200 -29.84887 -29.85301 -29.84038 -29.83939 -29.85961 -29.88271
---------------------/ IPRT= 3  / IGRD= 0  /--------/ Z1= 1   / DATE= 18/07/15
 -29.87262 -29.87185 -29.87068 -29.86842 -29.86679 -29.86585 -29.86362 -29.86018
 -29.85550 -29.85011 -29.84564 -29.83828 -29.82567 -29.81483 -29.80205 -29.77606
 -29.74226 -29.68807 -29.56790 -29.42976 -29.25079 -28.99566 -28.80576 -28.61638
 -29.96367 -29.96171 -29.96191 -29.96069 -29.95876 -29.95866 -29.95765 -29.95566
 -29.95411 -29.95075 -29.94641 -29.94096 -29.93287 -29.92552 -29.91560 -29.89542
 -29.86929 -29.82648 -29.73018 -29.61627 -29.46425 -29.24609 -29.08421 -28.92286
 -30.07819 -30.07801 -30.07743 -30.07665 -30.07614 -30.07547 -30.07433 -30.07322
 -30.07181 -30.06933 -30.06703 -30.06432 -30.05921 -30.05404 -30.04776 -30.03479
 -30.01734 -29.98829 -29.92119 -29.84161 -29.73744 -29.59709 -29.49931 -29.40273
 -30.15335 -30.15287 -30.15273 -30.15222 -30.15161 -30.15130 -30.15045 -30.14946
 -30.14861 -30.14697 -30.14520 -30.14320 -30.13981 -30.13623 -30.13134 -30.12190
 -30.10972 -30.08895 -30.03969 -29.98324 -29.91374 -29.82510 -29.76579 -29.70756
 -30.23154 -30.23131 -30.23138 -30.23108 -30.23061 -30.23041 -30.22980 -30.22900
 -30.22828 -30.22713 -30.22601 -30.22471 -30.22207 -30.21950 -30.21666 -30.21028
 -30.20172 -30.18828 -30.15756 -30.12396 -30.08482 -30.03583 -30.00299 -29.97073
 -30.31776 -30.31780 -30.31783 -30.31765 -30.31735 -30.31700 -30.31669 -30.31646
 -30.31600 -30.31505 -30.31426 -30.31357 -30.31208 -30.31049 -30.30877 -30.30529
 -30.30084 -30.29400 -30.27917 -30.26369 -30.24630 -30.22502 -30.21090 -30.19705
 -30.37453 -30.37451 -30.37446 -30.37472 -30.37477 -30.37420 -30.37398 -30.37406
 -30.37339 -30.37266 -30.37242 -30.37186 -30.37091 -30.36995 -30.36852 -30.36669
 -30.36481 -30.36141 -30.35491 -30.34876 -30.34164 -30.33149 -30.32363 -30.31575
 -30.43563 -30.43565 -30.43570 -30.43542 -30.43513 -30.43521 -30.43545 -30.43529
 -30.43469 -30.43446 -30.43454 -30.43402 -30.43332 -30.43284 -30.43210 -30.43255
 -30.43367 -30.43436 -30.43722 -30.44040 -30.44211 -30.44131 -30.43917 -30.43682
 -30.46865 -30.46867 -30.46874 -30.46836 -30.46791 -30.46784 -30.46789 -30.46789
 -30.46793 -30.46795 -30.46794 -30.46798 -30.46803 -30.46810 -30.46850 -30.47113
 -30.47509 -30.48074 -30.49322 -30.50455 -30.51348 -30.52038 -30.52316 -30.52562
 -30.47898 -30.47898 -30.47897 -30.47905 -30.47914 -30.47916 -30.47915 -30.47915
 -30.47914 -30.47911 -30.47913 -30.47919 -30.47885 -30.47898 -30.48055 -30.48426
 -30.48923 -30.49778 -30.51458 -30.52895 -30.54131 -30.55135 -30.55520 -30.55855
 -30.49931 -30.49932 -30.49932 -30.49930 -30.49927 -30.49926 -30.49926 -30.49926
 -30.49927 -30.49927 -30.49927 -30.49925 -30.49939 -30.49978 -30.50074 -30.50457
 -30.51058 -30.52008 -30.53899 -30.55494 -30.56756 -30.57824 -30.58347 -30.58833
 -30.53364 -30.53364 -30.53364 -30.53364 -30.53365 -30.53365 -30.53365 -30.53365
 -30.53364 -30.53368 -30.53365 -30.53351 -30.53426 -30.53520 -30.53576 -30.53906
 -30.54503 -30.55429 -30.57209 -30.58672 -30.59804 -30.60729 -30.61163 -30.61563
 -30.56052 -30.56052 -30.56052 -30.56052 -30.56052 -30.56051 -30.56052 -30.56052
 -30.56051 -30.56055 -30.56052 -30.56038 -30.56112 -30.56216 -30.56296 -30.56560
 -30.57054 -30.57900 -30.59435 -30.60676 -30.61725 -30.62530 -30.62793 -30.63010
 -30.59144 -30.59144 -30.59144 -30.59144 -30.59144 -30.59144 -30.59144 -30.59144
 -30.59144 -30.59146 -30.59144 -30.59136 -30.59181 -30.59270 -30.59382 -30.59575
 -30.59884 -30.60482 -30.61565 -30.62439 -30.63214 -30.63852 -30.64091 -30.64298
 -30.60340 -30.60340 -30.60340 -30.60340 -30.60340 -30.60340 -30.60340 -30.60340
 -30.60340 -30.60340 -30.60340 -30.60342 -30.60332 -30.60330 -30.60369 -30.60546
 -30.60788 -30.61108 -30.61654 -30.62120 -30.62558 -30.62916 -30.63035 -30.63133
 -30.59178 -30.59178 -30.59178 -30.59178 -30.59178 -30.59178 -30.59179 -30.59178
 -30.59178 -30.59179 -30.59178 -30.59176 -30.59187 -30.59181 -30.59146 -30.59261
 -30.59437 -30.59563 -30.59915 -30.60315 -30.60641 -30.60867 -30.60925 -30.60969
 -30.56617 -30.56617 -30.56617 -30.56617 -30.56617 -30.56617 -30.56617 -30.56617
 -30.56616 -30.56617 -30.56617 -30.56616 -30.56618 -30.56616 -30.56609 -30.56669
 -30.56758 -30.56848 -30.57065 -30.57281 -30.57452 -30.57616 -30.57718 -30.57816
 -30.52328 -30.52328 -30.52328 -30.52328 -30.52328 -30.52328 -30.52328 -30.52328
 -30.52327 -30.52328 -30.52328 -30.52327 -30.52331 -30.52328 -30.52314 -30.52384
 -30.52481 -30.52532 -30.52600 -30.52684 -30.52781 -30.52869 -30.52901 -30.52929
 -30.48581 -30.48581 -30.48581 -30.48581 -30.48581 -30.48581 -30.48581 -30.48581
 -30.48581 -30.48581 -30.48581 -30.48580 -30.48583 -30.48581 -30.48570 -30.48628
 -30.48682 -30.48658 -30.48691 -30.48793 -30.48876 -30.48901 -30.48870 -30.48833
 -30.42852 -30.42852 -30.42852 -30.42852 -30.42852 -30.42852 -30.42852 -30.42852
 -30.42852 -30.42852 -30.42852 -30.42853 -30.42851 -30.42852 -30.42858 -30.42826
 -30.42788 -30.42791 -30.42875 -30.42926 -30.42886 -30.42852 -30.42885 -30.42927
 -30.35584 -30.35584 -30.35584 -30.35584 -30.35584 -30.35584 -30.35584 -30.35584
 -30.35584 -30.35583 -30.35584 -30.35586 -30.35577 -30.35584 -30.35612 -30.35457
 -30.35302 -30.35354 -30.35514 -30.35489 -30.35282 -30.35178 -30.35310 -30.35472
 -30.30796 -30.30796 -30.30796 -30.30796 -30.30796 -30.30796 -30.30796 -30.30796
 -30.30796 -30.30795 -30.30796 -30.30799 -30.30785 -30.30797 -30.30839 -30.30603
 -30.30370 -30.30456 -30.30665 -30.30591 -30.30274 -30.30123 -30.30321 -30.30562
 -30.25721 -30.25721 -30.25721 -30.25721 -30.25721 -30.25721 -30.25721 -30.25721
 -30.25721 -30.25720 -30.25721 -30.25725 -30.25706 -30.25722 -30.25780 -30.25458
 -30.25143 -30.25263 -30.25525 -30.25398 -30.24965 -30.24764 -30.25032 -30.25357
 -30.19952 -30.19952 -30.19952 -30.19952 -30.19952 -30.19952 -30.19952 -30.19952
 -30.19952 -30.19950 -30.19952 -30.19957 -30.19933 -30.19953 -30.20029 -30.19609
 -30.19200 -30.19360 -30.19681 -30.19496 -30.18929 -30.18673 -30.19020 -30.19441
 -30.15858 -30.15858 -30.15858 -30.15858 -30.15858 -30.15858 -30.15858 -30.15858
 -30.15859 -30.15857 -30.15858 -30.15865 -30.15836 -30.15859 -30.15948 -30.15459
 -30.14984 -30.15172 -30.15536 -30.15308 -30.14647 -30.14351 -30.14754 -30.15242
 -30.10089 -30.10089 -30.10089 -30.10089 -30.10089 -30.10089 -30.10089 -30.10089
 -30.10090 -30.10087 -30.10089 -30.10097 -30.10062 -30.10090 -30.10197 -30.09610
 -30.09041 -30.09269 -30.09692 -30.09405 -30.08612 -30.08260 -30.08741 -30.09326
 -30.02821 -30.02821 -30.02821 -30.02820 -30.02821 -30.02821 -30.02820 -30.02821
 -30.02821 -30.02818 -30.02821 -30.02830 -30.02788 -30.02822 -30.02951 -30.02241
 -30.01555 -30.01832 -30.02331 -30.01969 -30.01008 -30.00586 -30.01167 -30.01871
 -29.98033 -29.98033 -29.98033 -29.98033 -29.98033 -29.98033 -29.98033 -29.98033
 -29.98034 -29.98030 -29.98033 -29.98043 -29.97997 -29.98035 -29.98179 -29.97387
 -29.96623 -29.96933 -29.97482 -29.97070 -29.96000 -29.95531 -29.96177 -29.96961
 -29.92958 -29.92958 -29.92958 -29.92958 -29.92958 -29.92958 -29.92958 -29.92958
 -29.92959 -29.92955 -29.92958 -29.92969 -29.92918 -29.92960 -29.93119 -29.92242
 -29.91396 -29.91741 -29.92342 -29.91878 -29.90691 -29.90172 -29.90888 -29.91756
 -29.87189 -29.87189 -29.87189 -29.87189 -29.87189 -29.87189 -29.87188 -29.87189
 -29.87189 -29.87185 -29.87189 -29.87201 -29.87144 -29.87191 -29.87368 -29.86393
 -29.85453 -29.85838 -29.86499 -29.85975 -29.84655 -29.84081 -29.84876 -29.85839
---------------------/ IPRT= 4  / IGRD= 0  /--------/ Z1= 1   / DATE= 18/07/15
 -30.27261 -30.27241 -30.27197 -30.27114 -30.27029 -30.26911 -30.26762 -30.26656
 -30.26515 -30.26220 -30.25946 -30.25670 -30.25115 -30.24448 -30.23501 -30.21394
 -30.18527 -30.13786 -30.03114 -29.90642 -29.74215 -29.50561 -29.32868 -29.15213
 -30.36301 -30.36310 -30.36274 -30.36184 -30.36134 -30.36123 -30.36036 -30.35919
 -30.35831 -30.35644 -30.35446 -30.35256 -30.34908 -30.34446 -30.33700 -30.32091
 -30.29946 -30.26302 -30.17623 -30.07132 -29.93145 -29.72949 -29.57850 -29.42784
 -30.47697 -30.47698 -30.47707 -30.47683 -30.47635 -30.47585 -30.47536 -30.47499
 -30.47431 -30.47292 -30.47173 -30.47063 -30.46849 -30.46543 -30.46040 -30.45020
 -30.43598 -30.41035 -30.35029 -30.27827 -30.18256 -30.05379 -29.96476 -29.87692
 -30.55153 -30.55153 -30.55147 -30.55168 -30.55165 -30.55094 -30.55070 -30.55075
 -30.54972 -30.54859 -30.54828 -30.54763 -30.54542 -30.54296 -30.54011 -30.53287
 -30.52189 -30.50328 -30.46057 -30.41105 -30.34818 -30.26839 -30.21614 -30.16502
 -30.62923 -30.62920 -30.62921 -30.62918 -30.62916 -30.62928 -30.62954 -30.62936
 -30.62856 -30.62827 -30.62837 -30.62744 -30.62506 -30.62339 -30.62224 -30.61770
 -30.61015 -30.59833 -30.57199 -30.54302 -30.50873 -30.46722 -30.44082 -30.41512
 -30.71572 -30.71568 -30.71568 -30.71569 -30.71569 -30.71566 -30.71566 -30.71566
 -30.71567 -30.71599 -30.71575 -30.71434 -30.71309 -30.71261 -30.71122 -30.70900
 -30.70633 -30.70091 -30.68830 -30.67567 -30.66246 -30.64690 -30.63668 -30.62666
 -30.77563 -30.77565 -30.77565 -30.77564 -30.77564 -30.77565 -30.77569 -30.77566
 -30.77554 -30.77590 -30.77562 -30.77374 -30.77278 -30.77317 -30.77229 -30.77105
 -30.77016 -30.76802 -30.76307 -30.75847 -30.75396 -30.74779 -30.74285 -30.73788
 -30.85508 -30.85507 -30.85507 -30.85508 -30.85508 -30.85507 -30.85509 -30.85507
 -30.85502 -30.85531 -30.85509 -30.85365 -30.85261 -30.85277 -30.85259 -30.85311
 -30.85421 -30.85521 -30.85684 -30.85845 -30.86004 -30.86077 -30.86029 -30.85967
 -30.93996 -30.93996 -30.93996 -30.93996 -30.93996 -30.93996 -30.93995 -30.93995
 -30.93995 -30.93991 -30.93994 -30.94012 -30.93999 -30.94015 -30.94135 -30.94307
 -30.94411 -30.94579 -30.95223 -30.95815 -30.96100 -30.96364 -30.96641 -30.96928
 -30.98670 -30.98670 -30.98670 -30.98670 -30.98670 -30.98670 -30.98672 -30.98675
 -30.98676 -30.98674 -30.98675 -30.98678 -30.98631 -30.98664 -30.98876 -30.99032
 -30.99055 -30.99260 -31.00003 -31.00662 -31.01026 -31.01300 -31.01504 -31.01708
 -31.02714 -31.02714 -31.02714 -31.02714 -31.02714 -31.02716 -31.02705 -31.02691
 -31.02690 -31.02689 -31.02691 -31.02707 -31.02719 -31.02717 -31.02728 -31.02842
 -31.03049 -31.03374 -31.03897 -31.04309 -31.04689 -31.04980 -31.05055 -31.05111
 -31.05668 -31.05668 -31.05668 -31.05667 -31.05668 -31.05671 -31.05657 -31.05642
 -31.05641 -31.05639 -31.05642 -31.05661 -31.05663 -31.05664 -31.05711 -31.05804
 -31.05937 -31.06196 -31.06637 -31.06967 -31.07247 -31.07483 -31.07583 -31.07671
 -31.06748 -31.06748 -31.06748 -31.06748 -31.06748 -31.06747 -31.06752 -31.06758
 -31.06758 -31.06759 -31.06758 -31.06749 -31.06756 -31.06767 -31.06769 -31.06842
 -31.06984 -31.07190 -31.07537 -31.07801 -31.08008 -31.08196 -31.08300 -31.08399
 -31.06752 -31.06752 -31.06752 -31.06752 -31.06752 -31.06752 -31.06750 -31.06748
 -31.06748 -31.06749 -31.06748 -31.06746 -31.06771 -31.06797 -31.06803 -31.06846
 -31.06928 -31.07045 -31.07300 -31.07514 -31.07653 -31.07762 -31.07827 -31.07890
 -31.04441 -31.04441 -31.04441 -31.04441 -31.04441 -31.04441 -31.04441 -31.04441
 -31.04441 -31.04441 -31.04441 -31.04442 -31.04436 -31.04437 -31.04454 -31.04482
 -31.04514 -31.04583 -31.04732 -31.04845 -31.04909 -31.04952 -31.04978 -31.05003
 -31.01647 -31.01647 -31.01647 -31.01647 -31.01647 -31.01647 -31.01647 -31.01647
 -31.01647 -31.01647 -31.01647 -31.01646 -31.01648 -31.01648 -31.01643 -31.01648
 -31.01671 -31.01706 -31.01733 -31.01797 -31.01964 -31.02097 -31.02081 -31.02050
 -30.98029 -30.98029 -30.98029 -30.98029 -30.98029 -30.98029 -30.98029 -30.98029
 -30.98029 -30.98029 -30.98029 -30.98029 -30.98028 -30.98029 -30.98031 -30.98027
 -30.98025 -30.98028 -30.97975 -30.97999 -30.98208 -30.98371 -30.98318 -30.98241
 -30.93031 -30.93031 -30.93031 -30.93031 -30.93031 -30.93031 -30.93031 -30.93031
 -30.93031 -30.93031 -30.93031 -30.93031 -30.93031 -30.93031 -30.93031 -30.93032
 -30.93032 -30.93032 -30.93038 -30.93036 -30.93014 -30.92997 -30.93003 -30.93011
 -30.88817 -30.88817 -30.88817 -30.88817 -30.88817 -30.88817 -30.88817 -30.88817
 -30.88817 -30.88817 -30.88817 -30.88817 -30.88817 -30.88817 -30.88818 -30.88817
 -30.88817 -30.88817 -30.88814 -30.88815 -30.88827 -30.88836 -30.88833 -30.88828
 -30.82901 -30.82901 -30.82901 -30.82901 -30.82901 -30.82901 -30.82901 -30.82901
 -30.82901 -30.82901 -30.82901 -30.82900 -30.82901 -30.82901 -30.82900 -30.82901
 -30.82901 -30.82901 -30.82904 -30.82903 -30.82891 -30.82883 -30.82886 -30.82890
 -30.75452 -30.75452 -30.75452 -30.75452 -30.75452 -30.75452 -30.75452 -30.75452
 -30.75452 -30.75452 -30.75452 -30.75452 -30.75452 -30.75452 -30.75451 -30.75453
 -30.75454 -30.75454 -30.75468 -30.75463 -30.75412 -30.75373 -30.75386 -30.75406
 -30.70546 -30.70546 -30.70546 -30.70546 -30.70546 -30.70546 -30.70546 -30.70546
 -30.70546 -30.70546 -30.70546 -30.70546 -30.70546 -30.70546 -30.70545 -30.70547
 -30.70548 -30.70548 -30.70570 -30.70562 -30.70486 -30.70426 -30.70446 -30.70476
 -30.65345 -30.65345 -30.65345 -30.65345 -30.65345 -30.65345 -30.65345 -30.65345
 -30.65345 -30.65345 -30.65345 -30.65345 -30.65346 -30.65346 -30.65344 -30.65346
 -30.65349 -30.65348 -30.65378 -30.65368 -30.65263 -30.65182 -30.65210 -30.65250
 -30.59433 -30.59433 -30.59433 -30.59433 -30.59433 -30.59433 -30.59433 -30.59433
 -30.59433 -30.59433 -30.59433 -30.59433 -30.59434 -30.59434 -30.59431 -30.59435
 -30.59438 -30.59437 -30.59475 -30.59462 -30.59327 -30.59222 -30.59257 -30.59309
 -30.55238 -30.55238 -30.55238 -30.55238 -30.55238 -30.55238 -30.55238 -30.55238
 -30.55238 -30.55238 -30.55238 -30.55238 -30.55239 -30.55239 -30.55236 -30.55240
 -30.55244 -30.55243 -30.55288 -30.55272 -30.55115 -30.54992 -30.55034 -30.55094
 -30.49326 -30.49326 -30.49326 -30.49326 -30.49326 -30.49326 -30.49326 -30.49326
 -30.49326 -30.49326 -30.49326 -30.49326 -30.49327 -30.49327 -30.49324 -30.49328
 -30.49333 -30.49332 -30.49385 -30.49367 -30.49178 -30.49031 -30.49081 -30.49153
 -30.41878 -30.41878 -30.41878 -30.41878 -30.41878 -30.41878 -30.41878 -30.41878
 -30.41878 -30.41878 -30.41878 -30.41878 -30.41879 -30.41879 -30.41875 -30.41880
 -30.41885 -30.41885 -30.41949 -30.41927 -30.41699 -30.41522 -30.41582 -30.41669
 -30.36972 -30.36972 -30.36972 -30.36972 -30.36972 -30.36972 -30.36972 -30.36972
 -30.36972 -30.36972 -30.36972 -30.36971 -30.36973 -30.36972 -30.36968 -30.36974
 -30.36980 -30.36979 -30.37051 -30.37026 -30.36772 -30.36575 -30.36642 -30.36739
 -30.31771 -30.31771 -30.31771 -30.31771 -30.31771 -30.31771 -30.31771 -30.31771
 -30.31771 -30.31771 -30.31771 -30.31771 -30.31772 -30.31772 -30.31767 -30.31774
 -30.31780 -30.31780 -30.31859 -30.31831 -30.31550 -30.31331 -30.31406 -30.31513
 -30.25859 -30.25859 -30.25859 -30.25859 -30.25859 -30.25859 -30.25859 -30.25859
 -30.25859 -30.25859 -30.25859 -30.25859 -30.25860 -30.25860 -30.25855 -30.25862
 -30.25869 -30.25869 -30.25957 -30.25926 -30.25613 -30.25371 -30.25453 -30.25573
---------------------/ IPRT= 1  / IGRD= 0  /--------/ Z1= 2   / DATE= 18/07/15
 -28.46598 -28.44280 -28.41839 -28.38046 -28.34352 -28.29765 -28.22315 -28.15664
 -28.08096 -27.96773 -27.87121 -27.76088 -27.58790 -27.43387 -27.25955 -27.00044
 -26.78489 -26.55298 -26.22313 -25.95896 -25.68624 -25.31957 -25.04297 -24.77202
 -28.62732 -28.61125 -28.59433 -28.56817 -28.54241 -28.50941 -28.45550 -28.40811
 -28.35419 -28.27265 -28.20188 -28.11936 -27.98778 -27.87000 -27.73728 -27.53767
 -27.36658 -27.17725 -26.89846 -26.66708 -26.42083 -26.07801 -25.81131 -25.54517
 -28.81307 -28.80357 -28.79401 -28.77763 -28.76026 -28.74036 -28.70759 -28.67586
 -28.64037 -28.58752 -28.54056 -28.48496 -28.39584 -28.31605 -28.22563 -28.08739
 -27.96621 -27.82946 -27.62248 -27.44474 -27.24882 -26.96449 -26.73335 -26.49165
 -28.93285 -28.92552 -28.91727 -28.90503 -28.89372 -28.87812 -28.85255 -28.83094
 -28.80513 -28.76514 -28.73038 -28.68773 -28.61951 -28.56002 -28.49107 -28.38459
 -28.29184 -28.18541 -28.02111 -27.87835 -27.71929 -27.48241 -27.28329 -27.07043
 -29.04494 -29.04013 -29.03490 -29.02655 -29.01821 -29.00750 -28.99074 -28.97608
 -28.95722 -28.92821 -28.90433 -28.87430 -28.82417 -28.77990 -28.73000 -28.65275
 -28.58330 -28.50296 -28.37858 -28.26970 -28.14685 -27.96012 -27.79989 -27.62610
 -29.11987 -29.11853 -29.11678 -29.11357 -29.11006 -29.10518 -29.09672 -29.08871
 -29.07850 -29.06217 -29.04762 -29.02928 -28.99948 -28.97316 -28.94185 -28.89115
 -28.84518 -28.79205 -28.70788 -28.63197 -28.54608 -28.41419 -28.29805 -28.16838
 -28.98939 -28.99380 -28.99756 -29.00104 -29.00253 -29.00367 -29.00461 -29.00438
 -29.00286 -28.99960 -28.99609 -28.98978 -28.97707 -28.96477 -28.94939 -28.92332
 -28.89877 -28.86964 -28.82098 -28.77446 -28.72011 -28.63406 -28.55565 -28.46451
 -28.56238 -28.57468 -28.58624 -28.59965 -28.60847 -28.61734 -28.63005 -28.64009
 -28.64956 -28.66061 -28.66804 -28.67500 -28.68244 -28.68627 -28.68964 -28.69263
 -28.69256 -28.69044 -28.68380 -28.67499 -28.66220 -28.63844 -28.61428 -28.58306
 -28.10191 -28.11713 -28.13116 -28.14819 -28.16076 -28.17368 -28.19137 -28.20487
 -28.21819 -28.23473 -28.24613 -28.25700 -28.27136 -28.28218 -28.29206 -28.30354
 -28.31121 -28.31773 -28.32481 -28.32926 -28.33276 -28.33533 -28.33548 -28.33447
 -27.93913 -27.95545 -27.97201 -27.99122 -28.00293 -28.01577 -28.03476 -28.04897
 -28.06285 -28.08023 -28.09252 -28.10464 -28.12051 -28.13205 -28.14279 -28.15535
 -28.16371 -28.17159 -28.18081 -28.18621 -28.19024 -28.19449 -28.19740 -28.19937
 -27.87476 -27.89156 -27.90808 -27.92732 -27.93982 -27.95366 -27.97348 -27.98770
 -28.00142 -28.01898 -28.03187 -28.04448 -28.06078 -28.07269 -28.08392 -28.09720
 -28.10595 -28.11398 -28.12318 -28.12878 -28.13363 -28.13895 -28.14206 -28.14457
 -27.90098 -27.91779 -27.93404 -27.95241 -27.96419 -27.97803 -27.99870 -28.01362
 -28.02797 -28.04637 -28.05984 -28.07277 -28.08929 -28.10152 -28.11317 -28.12683
 -28.13565 -28.14382 -28.15328 -28.15898 -28.16387 -28.16910 -28.17211 -28.17475
 -27.96563 -27.98240 -27.99850 -28.01701 -28.02924 -28.04294 -28.06299 -28.07797
 -28.09282 -28.11172 -28.12517 -28.13839 -28.15551 -28.16786 -28.17949 -28.19334
 -28.20255 -28.21093 -28.22033 -28.22592 -28.23060 -28.23575 -28.23904 -28.24200
 -28.10347 -28.11976 -28.13540 -28.15453 -28.16808 -28.18168 -28.20036 -28.21504
 -28.23009 -28.24938 -28.26300 -28.27656 -28.29429 -28.30687 -28.31843 -28.33220
 -28.34155 -28.34983 -28.35947 -28.36587 -28.37094 -28.37621 -28.37969 -28.38239
 -28.32880 -28.34495 -28.36063 -28.37964 -28.39278 -28.40618 -28.42499 -28.43976
 -28.45458 -28.47370 -28.48774 -28.50175 -28.51919 -28.53114 -28.54329 -28.55845
 -28.56786 -28.57602 -28.58531 -28.59126 -28.59636 -28.60158 -28.60465 -28.60801
 -28.49691 -28.51248 -28.52838 -28.54805 -28.56110 -28.57384 -28.59184 -28.60654
 -28.62135 -28.64070 -28.65490 -28.66782 -28.68464 -28.69809 -28.71022 -28.72392
 -28.73316 -28.74111 -28.75067 -28.75771 -28.76348 -28.76864 -28.77144 -28.77466
 -28.68283 -28.69831 -28.71375 -28.73261 -28.74533 -28.75808 -28.77588 -28.79015
 -28.80515 -28.82353 -28.83562 -28.84917 -28.86743 -28.87905 -28.89008 -28.90478
 -28.91541 -28.92411 -28.93216 -28.93663 -28.94129 -28.94805 -28.95268 -28.95588
 -28.89792 -28.91190 -28.92589 -28.94356 -28.95598 -28.96815 -28.98445 -28.99729
 -29.01094 -29.02864 -29.04092 -29.05343 -29.06956 -29.08055 -29.09136 -29.10513
 -29.11436 -29.12224 -29.13054 -29.13561 -29.14035 -29.14627 -29.15005 -29.15281
 -29.04238 -29.05548 -29.06866 -29.08555 -29.09748 -29.10869 -29.12336 -29.13513
 -29.14756 -29.16402 -29.17571 -29.18676 -29.20112 -29.21198 -29.22215 -29.23429
 -29.24246 -29.24940 -29.25723 -29.26260 -29.26723 -29.27212 -29.27505 -29.27759
 -29.22183 -29.23324 -29.24515 -29.26016 -29.27013 -29.27960 -29.29208 -29.30179
 -29.31202 -29.32559 -29.33520 -29.34428 -29.35588 -29.36449 -29.37260 -29.38242
 -29.38914 -29.39507 -29.40192 -29.40641 -29.40977 -29.41296 -29.41529 -29.41793
 -29.38891 -29.39660 -29.40397 -29.41382 -29.42143 -29.42811 -29.43618 -29.44269
 -29.44933 -29.45776 -29.46378 -29.46980 -29.47752 -29.48298 -29.48845 -29.49505
 -29.49912 -29.50295 -29.50743 -29.50996 -29.51198 -29.51438 -29.51614 -29.51742
 -29.44763 -29.45308 -29.45853 -29.46566 -29.47072 -29.47497 -29.48032 -29.48486
 -29.48904 -29.49474 -29.49952 -29.50334 -29.50780 -29.51185 -29.51579 -29.51988
 -29.52221 -29.52485 -29.52820 -29.52982 -29.53089 -29.53197 -29.53280 -29.53366
 -29.46603 -29.46939 -29.47285 -29.47737 -29.48053 -29.48332 -29.48666 -29.48914
 -29.49159 -29.49551 -29.49892 -29.50121 -29.50368 -29.50631 -29.50856 -29.51088
 -29.51257 -29.51388 -29.51513 -29.51602 -29.51687 -29.51807 -29.51891 -29.51913
 -29.47486 -29.47592 -29.47695 -29.47847 -29.47990 -29.48147 -29.48274 -29.48291
 -29.48369 -29.48587 -29.48753 -29.48838 -29.48921 -29.49026 -29.49053 -29.49121
 -29.49261 -29.49234 -29.49075 -29.49081 -29.49170 -29.49373 -29.49503 -29.49434
 -29.48111 -29.48055 -29.47986 -29.47924 -29.47944 -29.48015 -29.47995 -29.47849
 -29.47808 -29.47903 -29.47945 -29.47927 -29.47895 -29.47886 -29.47774 -29.47724
 -29.47844 -29.47705 -29.47344 -29.47292 -29.47383 -29.47646 -29.47809 -29.47675
 -29.48993 -29.48707 -29.48395 -29.48033 -29.47880 -29.47829 -29.47603 -29.47225
 -29.47018 -29.46938 -29.46806 -29.46643 -29.46448 -29.46280 -29.45972 -29.45756
 -29.45847 -29.45550 -29.44905 -29.44770 -29.44865 -29.45211 -29.45420 -29.45196
 -29.50104 -29.49529 -29.48911 -29.48170 -29.47799 -29.47595 -29.47109 -29.46440
 -29.46022 -29.45723 -29.45371 -29.45026 -29.44625 -29.44257 -29.43700 -29.43276
 -29.43330 -29.42836 -29.41832 -29.41592 -29.41693 -29.42144 -29.42411 -29.42072
 -29.50835 -29.50070 -29.49250 -29.48261 -29.47746 -29.47440 -29.46783 -29.45922
 -29.45367 -29.44923 -29.44426 -29.43961 -29.43424 -29.42924 -29.42204 -29.41642
 -29.41673 -29.41048 -29.39808 -29.39500 -29.39604 -29.40123 -29.40429 -29.40014
 -29.51611 -29.50644 -29.49610 -29.48356 -29.47690 -29.47277 -29.46438 -29.45374
 -29.44671 -29.44075 -29.43424 -29.42832 -29.42152 -29.41511 -29.40619 -29.39911
 -29.39916 -29.39153 -29.37663 -29.37281 -29.37389 -29.37982 -29.38328 -29.37833
 -29.52493 -29.51296 -29.50020 -29.48465 -29.47625 -29.47091 -29.46046 -29.44750
 -29.43881 -29.43111 -29.42285 -29.41548 -29.40705 -29.39905 -29.38816 -29.37942
 -29.37919 -29.36998 -29.35224 -29.34759 -29.34871 -29.35547 -29.35939 -29.35354
---------------------/ IPRT= 2  / IGRD= 0  /--------/ Z1= 2   / DATE= 18/07/15
 -28.61135 -28.59050 -28.56834 -28.53416 -28.50103 -28.45905 -28.39003 -28.32828
 -28.25732 -28.14937 -28.05621 -27.94974 -27.78169 -27.63023 -27.45809 -27.20145
 -26.98709 -26.75561 -26.42622 -26.16267 -25.88953 -25.52203 -25.24594 -24.97568
 -28.76407 -28.74989 -28.73407 -28.71005 -28.68760 -28.65827 -28.60990 -28.56751
 -28.51823 -28.44194 -28.37514 -28.29753 -28.17283 -28.05931 -27.93005 -27.73406
 -27.56507 -27.37717 -27.10020 -26.87015 -26.62345 -26.27988 -26.01452 -25.74942
 -28.93871 -28.93091 -28.92235 -28.90772 -28.89288 -28.87551 -28.84676 -28.81933
 -28.78833 -28.74052 -28.69713 -28.64671 -28.56565 -28.49092 -28.40469 -28.27222
 -28.15595 -28.02273 -27.81905 -27.64400 -27.45007 -27.16622 -26.93449 -26.69386
 -29.04942 -29.04362 -29.03729 -29.02720 -29.01707 -29.00375 -28.98272 -28.96473
 -28.94245 -28.90619 -28.87436 -28.83766 -28.77803 -28.72257 -28.65884 -28.55992
 -28.47134 -28.36925 -28.21158 -28.07309 -27.91542 -27.67924 -27.48262 -27.27222
 -29.16155 -29.15752 -29.15301 -29.14587 -29.13894 -29.13001 -29.11528 -29.10210
 -29.08662 -29.06242 -29.04059 -29.01383 -28.97095 -28.93270 -28.88679 -28.81424
 -28.75052 -28.67655 -28.55923 -28.45403 -28.33463 -28.15350 -27.99752 -27.82516
 -29.28014 -29.27775 -29.27527 -29.27089 -29.26611 -29.26035 -29.25098 -29.24226
 -29.23236 -29.21710 -29.20295 -29.18533 -29.15684 -29.13140 -29.10120 -29.05353
 -29.01100 -28.96064 -28.88082 -28.80983 -28.72788 -28.59961 -28.48635 -28.35990
 -29.35667 -29.35498 -29.35341 -29.35057 -29.34719 -29.34318 -29.33676 -29.33066
 -29.32343 -29.31209 -29.30186 -29.28957 -29.26907 -29.24998 -29.22824 -29.19428
 -29.16303 -29.12582 -29.06729 -29.01535 -28.95453 -28.85845 -28.77303 -28.67574
 -29.44869 -29.44768 -29.44671 -29.44513 -29.44332 -29.44092 -29.43701 -29.43348
 -29.42910 -29.42226 -29.41638 -29.40929 -29.39715 -29.38560 -29.37233 -29.35189
 -29.33338 -29.31112 -29.27528 -29.24308 -29.20591 -29.14777 -29.09541 -29.03400
 -29.51786 -29.51744 -29.51741 -29.51712 -29.51623 -29.51528 -29.51365 -29.51185
 -29.51013 -29.50709 -29.50362 -29.50001 -29.49475 -29.48977 -29.48414 -29.47496
 -29.46617 -29.45613 -29.44065 -29.42671 -29.41060 -29.38580 -29.36413 -29.33938
 -29.53716 -29.53678 -29.53683 -29.53647 -29.53550 -29.53525 -29.53514 -29.53422
 -29.53334 -29.53193 -29.53023 -29.52861 -29.52577 -29.52244 -29.51886 -29.51426
 -29.51045 -29.50544 -29.49678 -29.48923 -29.48138 -29.47099 -29.46348 -29.45683
 -29.55116 -29.55111 -29.55112 -29.55106 -29.55098 -29.55113 -29.55074 -29.54971
 -29.54938 -29.54920 -29.54819 -29.54704 -29.54584 -29.54490 -29.54319 -29.54039
 -29.53860 -29.53670 -29.53352 -29.53060 -29.52773 -29.52585 -29.52767 -29.53371
 -29.58330 -29.58329 -29.58328 -29.58331 -29.58339 -29.58345 -29.58330 -29.58304
 -29.58302 -29.58303 -29.58282 -29.58274 -29.58214 -29.58105 -29.58052 -29.57987
 -29.57874 -29.57828 -29.57808 -29.57745 -29.57736 -29.58120 -29.58938 -29.60297
 -29.62242 -29.62239 -29.62239 -29.62238 -29.62236 -29.62234 -29.62238 -29.62245
 -29.62246 -29.62243 -29.62247 -29.62265 -29.62238 -29.62167 -29.62166 -29.62139
 -29.62009 -29.61944 -29.61973 -29.62035 -29.62204 -29.62763 -29.63681 -29.65345
 -29.69214 -29.69214 -29.69214 -29.69215 -29.69215 -29.69215 -29.69215 -29.69213
 -29.69213 -29.69213 -29.69212 -29.69210 -29.69212 -29.69222 -29.69235 -29.69202
 -29.69154 -29.69205 -29.69292 -29.69319 -29.69569 -29.70285 -29.71204 -29.72856
 -29.77786 -29.77786 -29.77786 -29.77786 -29.77786 -29.77786 -29.77786 -29.77786
 -29.77786 -29.77786 -29.77786 -29.77787 -29.77785 -29.77782 -29.77796 -29.77771
 -29.77743 -29.77887 -29.78064 -29.78029 -29.78193 -29.78830 -29.79614 -29.80839
 -29.81669 -29.81669 -29.81669 -29.81669 -29.81669 -29.81669 -29.81669 -29.81669
 -29.81669 -29.81669 -29.81669 -29.81667 -29.81672 -29.81675 -29.81649 -29.81730
 -29.81918 -29.81991 -29.81941 -29.81940 -29.82008 -29.82404 -29.83073 -29.84036
 -29.83520 -29.83520 -29.83520 -29.83520 -29.83520 -29.83520 -29.83520 -29.83520
 -29.83521 -29.83519 -29.83518 -29.83527 -29.83506 -29.83492 -29.83631 -29.83844
 -29.83845 -29.83827 -29.83803 -29.83792 -29.83906 -29.84216 -29.84574 -29.85234
 -29.82677 -29.82677 -29.82677 -29.82677 -29.82677 -29.82677 -29.82677 -29.82677
 -29.82678 -29.82677 -29.82677 -29.82680 -29.82671 -29.82666 -29.82722 -29.82756
 -29.82718 -29.82842 -29.83046 -29.83028 -29.83028 -29.83132 -29.83310 -29.83695
 -29.80636 -29.80636 -29.80636 -29.80636 -29.80636 -29.80636 -29.80636 -29.80636
 -29.80636 -29.80636 -29.80636 -29.80636 -29.80637 -29.80637 -29.80630 -29.80603
 -29.80602 -29.80688 -29.80813 -29.80807 -29.80766 -29.80806 -29.80966 -29.81195
 -29.76103 -29.76103 -29.76103 -29.76103 -29.76103 -29.76103 -29.76103 -29.76103
 -29.76103 -29.76103 -29.76103 -29.76103 -29.76103 -29.76103 -29.76105 -29.76111
 -29.76111 -29.76094 -29.76079 -29.76083 -29.76060 -29.76133 -29.76309 -29.76389
 -29.68902 -29.68902 -29.68902 -29.68902 -29.68902 -29.68902 -29.68902 -29.68902
 -29.68902 -29.68902 -29.68902 -29.68902 -29.68902 -29.68902 -29.68901 -29.68901
 -29.68901 -29.68902 -29.68903 -29.68904 -29.68900 -29.68908 -29.68918 -29.68898
 -29.63564 -29.63564 -29.63564 -29.63564 -29.63564 -29.63564 -29.63564 -29.63564
 -29.63564 -29.63564 -29.63564 -29.63564 -29.63564 -29.63564 -29.63564 -29.63564
 -29.63564 -29.63565 -29.63565 -29.63565 -29.63565 -29.63564 -29.63564 -29.63571
 -29.57440 -29.57440 -29.57440 -29.57440 -29.57440 -29.57440 -29.57440 -29.57440
 -29.57440 -29.57440 -29.57440 -29.57440 -29.57440 -29.57440 -29.57440 -29.57440
 -29.57440 -29.57440 -29.57440 -29.57440 -29.57440 -29.57440 -29.57441 -29.57442
 -29.50355 -29.50355 -29.50355 -29.50355 -29.50355 -29.50355 -29.50355 -29.50355
 -29.50355 -29.50355 -29.50355 -29.50355 -29.50355 -29.50355 -29.50355 -29.50356
 -29.50355 -29.50354 -29.50353 -29.50353 -29.50353 -29.50352 -29.50342 -29.50317
 -29.45328 -29.45328 -29.45328 -29.45328 -29.45328 -29.45328 -29.45328 -29.45328
 -29.45328 -29.45328 -29.45328 -29.45328 -29.45328 -29.45328 -29.45328 -29.45329
 -29.45329 -29.45327 -29.45324 -29.45324 -29.45325 -29.45323 -29.45305 -29.45261
 -29.38243 -29.38243 -29.38243 -29.38243 -29.38243 -29.38243 -29.38243 -29.38243
 -29.38243 -29.38243 -29.38243 -29.38243 -29.38243 -29.38243 -29.38244 -29.38245
 -29.38245 -29.38241 -29.38236 -29.38236 -29.38239 -29.38236 -29.38207 -29.38135
 -29.29317 -29.29317 -29.29317 -29.29317 -29.29317 -29.29317 -29.29317 -29.29317
 -29.29317 -29.29317 -29.29317 -29.29317 -29.29317 -29.29317 -29.29318 -29.29320
 -29.29319 -29.29314 -29.29307 -29.29307 -29.29311 -29.29306 -29.29263 -29.29158
 -29.23438 -29.23438 -29.23438 -29.23438 -29.23438 -29.23438 -29.23438 -29.23438
 -29.23438 -29.23438 -29.23438 -29.23438 -29.23437 -29.23437 -29.23438 -29.23441
 -29.23440 -29.23434 -29.23425 -29.23426 -29.23430 -29.23424 -29.23372 -29.23245
 -29.17205 -29.17205 -29.17205 -29.17205 -29.17205 -29.17205 -29.17205 -29.17205
 -29.17205 -29.17205 -29.17205 -29.17205 -29.17205 -29.17205 -29.17206 -29.17209
 -29.17209 -29.17201 -29.17191 -29.17191 -29.17196 -29.17189 -29.17127 -29.16976
 -29.10120 -29.10120 -29.10120 -29.10120 -29.10120 -29.10120 -29.10120 -29.10120
 -29.10120 -29.10120 -29.10120 -29.10120 -29.10120 -29.10120 -29.10121 -29.10125
 -29.10124 -29.10116 -29.10103 -29.10104 -29.10110 -29.10101 -29.10028 -29.09851
---------------------/ IPRT= 1  / IGRD= 0  /--------/ Z1= 3   / DATE= 18/07/15
 -27.90972 -27.88570 -27.85736 -27.81281 -27.77323 -27.72810 -27.66027 -27.60538
 -27.53840 -27.41067 -27.29781 -27.17539 -26.98835 -26.82883 -26.65251 -26.38506
 -26.14997 -25.88497 -25.49624 -25.19017 -24.88023 -24.46259 -24.15017 -23.84704
 -28.05240 -28.03369 -28.01148 -27.97637 -27.94542 -27.91072 -27.85901 -27.81463
 -27.75986 -27.66053 -27.57155 -27.47313 -27.32379 -27.19600 -27.05303 -26.83291
 -26.63791 -26.41779 -26.09391 -25.83274 -25.56128 -25.18726 -24.89958 -24.61293
 -28.23179 -28.21968 -28.20512 -28.18181 -28.16161 -28.13978 -28.10786 -28.07668
 -28.03731 -27.97304 -27.91371 -27.84532 -27.74286 -27.65447 -27.55304 -27.39222
 -27.24757 -27.08375 -26.84097 -26.63642 -26.41405 -26.09599 -25.84029 -25.57538
 -28.34664 -28.33804 -28.32771 -28.31122 -28.29683 -28.28107 -28.25755 -28.23443
 -28.20522 -28.15751 -28.11369 -28.06298 -27.98563 -27.91786 -27.83939 -27.71408
 -27.60092 -27.47170 -27.27670 -27.10953 -26.92448 -26.65211 -26.42535 -26.18411
 -28.46578 -28.45987 -28.45264 -28.44087 -28.43054 -28.41927 -28.40263 -28.38617
 -28.36513 -28.33043 -28.29904 -28.26280 -28.20614 -28.15580 -28.09708 -28.00263
 -27.91778 -27.82061 -27.67088 -27.53973 -27.39242 -27.17239 -26.98520 -26.78058
 -28.59689 -28.59314 -28.58845 -28.58054 -28.57355 -28.56609 -28.55548 -28.54507
 -28.53129 -28.50729 -28.48551 -28.46072 -28.42228 -28.38771 -28.34668 -28.27976
 -28.21945 -28.15024 -28.04306 -27.94932 -27.84203 -27.67440 -27.53049 -27.37215
 -28.68790 -28.68538 -28.68220 -28.67669 -28.67168 -28.66618 -28.65805 -28.65002
 -28.63952 -28.62158 -28.60562 -28.58732 -28.55802 -28.53198 -28.50115 -28.44945
 -28.40277 -28.34937 -28.26618 -28.19287 -28.10850 -27.97577 -27.86006 -27.73168
 -28.81595 -28.81443 -28.81236 -28.80848 -28.80497 -28.80133 -28.79633 -28.79083
 -28.78350 -28.77214 -28.76226 -28.75064 -28.73142 -28.71358 -28.69247 -28.65843
 -28.62699 -28.59051 -28.53458 -28.48367 -28.42424 -28.33298 -28.25255 -28.16152
 -28.97192 -28.97225 -28.97146 -28.96758 -28.96408 -28.96204 -28.96231 -28.95902
 -28.95329 -28.94929 -28.94398 -28.93575 -28.92529 -28.91510 -28.90233 -28.88352
 -28.86512 -28.84275 -28.80957 -28.77990 -28.74505 -28.69084 -28.64325 -28.58914
 -29.07015 -29.06996 -29.06939 -29.06770 -29.06612 -29.06481 -29.06368 -29.06176
 -29.05892 -29.05536 -29.05172 -29.04691 -29.03958 -29.03291 -29.02491 -29.01184
 -28.99926 -28.98481 -28.96387 -28.94342 -28.91827 -28.88024 -28.84753 -28.81102
 -29.16927 -29.16891 -29.16847 -29.16772 -29.16703 -29.16624 -29.16509 -29.16414
 -29.16276 -29.15968 -29.15739 -29.15505 -29.15038 -29.14602 -29.14112 -29.13322
 -29.12553 -29.11648 -29.10301 -29.09027 -29.07475 -29.05070 -29.03030 -29.00775
 -29.27183 -29.27157 -29.27130 -29.27099 -29.27074 -29.27039 -29.26973 -29.26924
 -29.26865 -29.26732 -29.26604 -29.26449 -29.26176 -29.25955 -29.25701 -29.25234
 -29.24838 -29.24393 -29.23614 -29.22912 -29.22119 -29.20881 -29.19794 -29.18572
 -29.33580 -29.33568 -29.33553 -29.33525 -29.33499 -29.33470 -29.33433 -29.33430
 -29.33420 -29.33325 -29.33250 -29.33169 -29.32972 -29.32814 -29.32664 -29.32419
 -29.32175 -29.31885 -29.31447 -29.31040 -29.30556 -29.29820 -29.29184 -29.28485
 -29.40916 -29.40924 -29.40922 -29.40897 -29.40874 -29.40861 -29.40870 -29.40880
 -29.40880 -29.40852 -29.40798 -29.40727 -29.40648 -29.40608 -29.40564 -29.40456
 -29.40361 -29.40257 -29.40077 -29.39921 -29.39751 -29.39485 -29.39224 -29.38957
 -29.46809 -29.46808 -29.46808 -29.46810 -29.46811 -29.46812 -29.46812 -29.46810
 -29.46810 -29.46815 -29.46805 -29.46788 -29.46790 -29.46793 -29.46784 -29.46759
 -29.46758 -29.46769 -29.46757 -29.46735 -29.46719 -29.46714 -29.46682 -29.46654
 -29.48398 -29.48399 -29.48399 -29.48398 -29.48398 -29.48397 -29.48398 -29.48398
 -29.48398 -29.48396 -29.48402 -29.48406 -29.48396 -29.48437 -29.48506 -29.48529
 -29.48519 -29.48507 -29.48499 -29.48553 -29.48623 -29.48620 -29.48646 -29.48722
 -29.48315 -29.48315 -29.48315 -29.48315 -29.48315 -29.48315 -29.48315 -29.48315
 -29.48315 -29.48315 -29.48316 -29.48313 -29.48306 -29.48336 -29.48370 -29.48342
 -29.48376 -29.48451 -29.48457 -29.48463 -29.48503 -29.48567 -29.48639 -29.48723
 -29.46108 -29.46108 -29.46108 -29.46108 -29.46108 -29.46108 -29.46108 -29.46108
 -29.46108 -29.46108 -29.46107 -29.46108 -29.46111 -29.46097 -29.46100 -29.46197
 -29.46240 -29.46233 -29.46234 -29.46223 -29.46225 -29.46326 -29.46412 -29.46480
 -29.43465 -29.43465 -29.43465 -29.43465 -29.43465 -29.43465 -29.43465 -29.43465
 -29.43465 -29.43465 -29.43465 -29.43465 -29.43466 -29.43462 -29.43466 -29.43513
 -29.43558 -29.43590 -29.43593 -29.43590 -29.43594 -29.43615 -29.43666 -29.43746
 -29.38554 -29.38554 -29.38554 -29.38554 -29.38554 -29.38554 -29.38554 -29.38554
 -29.38554 -29.38554 -29.38555 -29.38555 -29.38554 -29.38558 -29.38555 -29.38527
 -29.38551 -29.38603 -29.38616 -29.38608 -29.38610 -29.38632 -29.38661 -29.38694
 -29.30907 -29.30907 -29.30907 -29.30907 -29.30907 -29.30907 -29.30907 -29.30907
 -29.30907 -29.30907 -29.30907 -29.30907 -29.30907 -29.30907 -29.30907 -29.30909
 -29.30908 -29.30906 -29.30902 -29.30888 -29.30893 -29.30976 -29.31008 -29.30996
 -29.25366 -29.25366 -29.25366 -29.25366 -29.25366 -29.25366 -29.25366 -29.25366
 -29.25366 -29.25366 -29.25366 -29.25366 -29.25366 -29.25366 -29.25366 -29.25368
 -29.25358 -29.25357 -29.25408 -29.25427 -29.25422 -29.25436 -29.25445 -29.25445
 -29.19378 -29.19378 -29.19378 -29.19378 -29.19378 -29.19378 -29.19378 -29.19378
 -29.19378 -29.19378 -29.19378 -29.19378 -29.19377 -29.19378 -29.19378 -29.19374
 -29.19392 -29.19426 -29.19458 -29.19465 -29.19463 -29.19457 -29.19451 -29.19445
 -29.12386 -29.12386 -29.12386 -29.12386 -29.12386 -29.12386 -29.12386 -29.12386
 -29.12386 -29.12386 -29.12386 -29.12386 -29.12385 -29.12386 -29.12386 -29.12385
 -29.12388 -29.12392 -29.12392 -29.12392 -29.12392 -29.12387 -29.12409 -29.12442
 -29.07276 -29.07276 -29.07276 -29.07276 -29.07276 -29.07276 -29.07276 -29.07276
 -29.07276 -29.07276 -29.07276 -29.07276 -29.07276 -29.07275 -29.07276 -29.07277
 -29.07271 -29.07263 -29.07264 -29.07267 -29.07266 -29.07262 -29.07277 -29.07300
 -29.00011 -29.00011 -29.00011 -29.00011 -29.00011 -29.00011 -29.00011 -29.00011
 -29.00011 -29.00011 -29.00011 -29.00011 -29.00011 -29.00012 -29.00011 -29.00009
 -29.00019 -29.00035 -29.00033 -29.00028 -29.00030 -29.00037 -29.00011 -28.99970
 -28.90856 -28.90856 -28.90856 -28.90856 -28.90856 -28.90856 -28.90856 -28.90856
 -28.90856 -28.90856 -28.90856 -28.90856 -28.90856 -28.90858 -28.90857 -28.90849
 -28.90881 -28.90928 -28.90923 -28.90906 -28.90912 -28.90935 -28.90855 -28.90731
 -28.84826 -28.84826 -28.84826 -28.84826 -28.84826 -28.84826 -28.84826 -28.84826
 -28.84826 -28.84826 -28.84826 -28.84826 -28.84825 -28.84828 -28.84827 -28.84816
 -28.84862 -28.84929 -28.84922 -28.84898 -28.84906 -28.84940 -28.84824 -28.84646
 -28.78434 -28.78434 -28.78434 -28.78434 -28.78434 -28.78434 -28.78434 -28.78434
 -28.78434 -28.78434 -28.78434 -28.78434 -28.78433 -28.78437 -28.78435 -28.78421
 -28.78482 -28.78571 -28.78561 -28.78529 -28.78540 -28.78585 -28.78432 -28.78196
 -28.71167 -28.71167 -28.71167 -28.71167 -28.71167 -28.71167 -28.71167 -28.71167
 -28.71167 -28.71167 -28.71167 -28.71167 -28.71166 -28.71171 -28.71169 -28.71150
 -28.71229 -28.71342 -28.71330 -28.71289 -28.71302 -28.71360 -28.71164 -28.70863
---------------------/ IPRT= 2  / IGRD= 0  /--------/ Z1= 3   / DATE= 18/07/15
 -28.22126 -28.20345 -28.18116 -28.14411 -28.11188 -28.07788 -28.02972 -27.98122
 -27.91838 -27.81446 -27.71476 -27.60081 -27.44093 -27.29963 -27.13070 -26.86116
 -26.62389 -26.36174 -25.98313 -25.67234 -25.34922 -24.92076 -24.58057 -24.22154
 -28.30178 -28.28853 -28.27220 -28.24540 -28.22197 -28.19676 -28.16012 -28.12367
 -28.07671 -27.99827 -27.92367 -27.83812 -27.71458 -27.60445 -27.47288 -27.26144
 -27.07186 -26.85835 -26.54379 -26.28158 -26.00275 -25.61688 -25.30317 -24.96756
 -28.40073 -28.39318 -28.38420 -28.36996 -28.35731 -28.34297 -28.32078 -28.29934
 -28.27205 -28.22531 -28.18181 -28.13144 -28.05343 -27.98240 -27.89750 -27.75854
 -27.62863 -27.47638 -27.24312 -27.04240 -26.81962 -26.48872 -26.20932 -25.90396
 -28.44515 -28.44083 -28.43545 -28.42626 -28.41796 -28.40882 -28.39527 -28.38185
 -28.36440 -28.33457 -28.30656 -28.27380 -28.22261 -28.17516 -28.11706 -28.01877
 -27.92414 -27.81146 -27.63597 -27.47787 -27.29455 -27.01161 -26.76372 -26.48560
 -28.49544 -28.49302 -28.49003 -28.48486 -28.47999 -28.47434 -28.46541 -28.45664
 -28.44586 -28.42852 -28.41151 -28.39093 -28.35910 -28.32917 -28.29154 -28.22631
 -28.16311 -28.08676 -27.96327 -27.84729 -27.70792 -27.48334 -27.27766 -27.03939
 -28.56177 -28.56012 -28.55815 -28.55505 -28.55242 -28.54963 -28.54552 -28.54122
 -28.53517 -28.52409 -28.51388 -28.50225 -28.48397 -28.46665 -28.44458 -28.40534
 -28.36750 -28.32106 -28.24203 -28.16576 -28.07145 -27.91132 -27.75720 -27.57198
 -28.53885 -28.54066 -28.54212 -28.54349 -28.54423 -28.54487 -28.54541 -28.54451
 -28.54237 -28.53857 -28.53437 -28.52872 -28.51921 -28.51007 -28.49806 -28.47535
 -28.45236 -28.42329 -28.37252 -28.32185 -28.25663 -28.14024 -28.02378 -27.87968
 -28.27389 -28.28413 -28.29431 -28.30734 -28.31675 -28.32570 -28.33654 -28.34326
 -28.34950 -28.35916 -28.36552 -28.37054 -28.37670 -28.38009 -28.38205 -28.38273
 -28.38029 -28.37453 -28.36134 -28.34484 -28.31993 -28.26911 -28.21282 -28.13780
 -27.84496 -27.86120 -27.87843 -27.90293 -27.92119 -27.93746 -27.95478 -27.96827
 -27.98286 -28.00148 -28.01702 -28.03321 -28.05157 -28.06438 -28.07708 -28.09317
 -28.10446 -28.11484 -28.12680 -28.13324 -28.13666 -28.13601 -28.13030 -28.11836
 -27.67851 -27.69553 -27.71338 -27.73834 -27.75714 -27.77464 -27.79477 -27.80958
 -27.82488 -27.84541 -27.86145 -27.87725 -27.89595 -27.90936 -27.92272 -27.94023
 -27.95343 -27.96573 -27.97892 -27.98803 -27.99641 -28.00370 -28.00474 -28.00314
 -27.59203 -27.60819 -27.62505 -27.64853 -27.66644 -27.68359 -27.70416 -27.71867
 -27.73318 -27.75339 -27.76856 -27.78292 -27.80056 -27.81379 -27.82672 -27.84210
 -27.85358 -27.86488 -27.87788 -27.88707 -27.89517 -27.90199 -27.90544 -27.90788
 -27.59050 -27.60551 -27.62126 -27.64360 -27.66065 -27.67663 -27.69499 -27.70793
 -27.72103 -27.73899 -27.75221 -27.76520 -27.78294 -27.79497 -27.80587 -27.82056
 -27.82993 -27.83840 -27.85147 -27.85926 -27.86424 -27.86955 -27.87365 -27.87744
 -27.64076 -27.65551 -27.67073 -27.69173 -27.70756 -27.72255 -27.74026 -27.75280
 -27.76534 -27.78232 -27.79472 -27.80681 -27.82323 -27.83504 -27.84585 -27.85869
 -27.86676 -27.87478 -27.88774 -27.89437 -27.89806 -27.90419 -27.90783 -27.91018
 -27.76515 -27.77934 -27.79379 -27.81326 -27.82779 -27.84161 -27.85838 -27.87065
 -27.88282 -27.89851 -27.91032 -27.92202 -27.93688 -27.94796 -27.95841 -27.96990
 -27.97780 -27.98586 -27.99661 -28.00271 -28.00712 -28.01278 -28.01588 -28.01784
 -27.98007 -27.99300 -28.00630 -28.02497 -28.03938 -28.05333 -28.07023 -28.08177
 -28.09270 -28.10728 -28.11861 -28.12987 -28.14380 -28.15368 -28.16299 -28.17435
 -28.18264 -28.19055 -28.19957 -28.20516 -28.20989 -28.21515 -28.21808 -28.22031
 -28.14364 -28.15628 -28.16930 -28.18749 -28.20146 -28.21496 -28.23130 -28.24267
 -28.25340 -28.26705 -28.27765 -28.28855 -28.30255 -28.31200 -28.32067 -28.33208
 -28.34010 -28.34736 -28.35612 -28.36173 -28.36654 -28.37205 -28.37461 -28.37634
 -28.32684 -28.33879 -28.35118 -28.36868 -28.38219 -28.39525 -28.41101 -28.42197
 -28.43238 -28.44572 -28.45602 -28.46653 -28.48002 -28.48923 -28.49748 -28.50766
 -28.51572 -28.52344 -28.53104 -28.53666 -28.54191 -28.54555 -28.54809 -28.55093
 -28.53756 -28.54884 -28.56021 -28.57585 -28.58798 -28.60014 -28.61576 -28.62657
 -28.63631 -28.64811 -28.65732 -28.66707 -28.67988 -28.68834 -28.69575 -28.70524
 -28.71227 -28.71903 -28.72726 -28.73238 -28.73639 -28.74051 -28.74352 -28.74644
 -28.68015 -28.69090 -28.70160 -28.71590 -28.72695 -28.73826 -28.75333 -28.76349
 -28.77230 -28.78302 -28.79086 -28.79893 -28.81046 -28.81877 -28.82628 -28.83546
 -28.84203 -28.84817 -28.85524 -28.85994 -28.86391 -28.86770 -28.87040 -28.87267
 -28.85804 -28.86769 -28.87708 -28.88888 -28.89773 -28.90699 -28.91988 -28.92819
 -28.93512 -28.94422 -28.95080 -28.95723 -28.96642 -28.97339 -28.97981 -28.98714
 -28.99251 -28.99758 -29.00285 -29.00669 -29.01024 -29.01309 -29.01511 -29.01685
 -29.01812 -29.02437 -29.03056 -29.03878 -29.04502 -29.05124 -29.05929 -29.06493
 -29.06995 -29.07576 -29.08037 -29.08518 -29.09087 -29.09487 -29.09869 -29.10331
 -29.10660 -29.10977 -29.11367 -29.11590 -29.11761 -29.11982 -29.12118 -29.12223
 -29.07293 -29.07715 -29.08134 -29.08697 -29.09131 -29.09572 -29.10149 -29.10527
 -29.10855 -29.11275 -29.11589 -29.11897 -29.12285 -29.12538 -29.12771 -29.13104
 -29.13337 -29.13535 -29.13769 -29.13932 -29.14073 -29.14205 -29.14290 -29.14366
 -29.09102 -29.09383 -29.09652 -29.09984 -29.10230 -29.10486 -29.10845 -29.11090
 -29.11302 -29.11565 -29.11741 -29.11906 -29.12143 -29.12309 -29.12460 -29.12661
 -29.12771 -29.12857 -29.13013 -29.13132 -29.13220 -29.13284 -29.13323 -29.13368
 -29.07270 -29.07418 -29.07559 -29.07735 -29.07863 -29.07993 -29.08174 -29.08315
 -29.08439 -29.08539 -29.08616 -29.08715 -29.08858 -29.08940 -29.09003 -29.09096
 -29.09159 -29.09220 -29.09318 -29.09369 -29.09397 -29.09440 -29.09478 -29.09507
 -29.04144 -29.04234 -29.04323 -29.04439 -29.04526 -29.04611 -29.04721 -29.04805
 -29.04876 -29.04926 -29.04978 -29.05050 -29.05130 -29.05180 -29.05225 -29.05282
 -29.05325 -29.05370 -29.05426 -29.05458 -29.05481 -29.05503 -29.05518 -29.05533
 -28.98924 -28.98956 -28.98992 -28.99052 -28.99096 -28.99131 -28.99153 -28.99171
 -28.99190 -28.99209 -28.99243 -28.99272 -28.99239 -28.99273 -28.99353 -28.99376
 -28.99366 -28.99364 -28.99373 -28.99404 -28.99435 -28.99410 -28.99363 -28.99344
 -28.92315 -28.92275 -28.92247 -28.92235 -28.92227 -28.92198 -28.92111 -28.92045
 -28.92001 -28.91981 -28.91995 -28.91968 -28.91793 -28.91807 -28.91933 -28.91914
 -28.91837 -28.91775 -28.91724 -28.91755 -28.91798 -28.91714 -28.91586 -28.91524
 -28.87961 -28.87875 -28.87803 -28.87745 -28.87703 -28.87632 -28.87473 -28.87352
 -28.87266 -28.87221 -28.87221 -28.87158 -28.86888 -28.86890 -28.87045 -28.86999
 -28.86877 -28.86776 -28.86685 -28.86716 -28.86768 -28.86644 -28.86463 -28.86373
 -28.83347 -28.83210 -28.83093 -28.82986 -28.82907 -28.82792 -28.82556 -28.82376
 -28.82246 -28.82174 -28.82160 -28.82058 -28.81689 -28.81677 -28.81864 -28.81789
 -28.81620 -28.81477 -28.81345 -28.81376 -28.81436 -28.81270 -28.81033 -28.80912
 -28.78101 -28.77907 -28.77739 -28.77575 -28.77455 -28.77290 -28.76966 -28.76721
 -28.76540 -28.76438 -28.76406 -28.76262 -28.75778 -28.75752 -28.75975 -28.75866
 -28.75644 -28.75454 -28.75274 -28.75304 -28.75374 -28.75161 -28.74861 -28.74705
---------------------/ IPRT= 1  / IGRD= 0  /--------/ Z1= 4   / DATE= 18/07/15
 -27.51766 -27.49997 -27.48044 -27.45115 -27.42437 -27.39179 -27.33730 -27.28576
 -27.22395 -27.12863 -27.04829 -26.94651 -26.76567 -26.60128 -26.41903 -26.15373
 -25.92900 -25.66867 -25.26295 -24.92454 -24.56693 -24.07549 -23.69972 -23.32925
 -27.60693 -27.59277 -27.57691 -27.55274 -27.53054 -27.50358 -27.45885 -27.41710
 -27.36769 -27.29115 -27.22459 -27.14037 -26.99261 -26.85813 -26.70804 -26.48751
 -26.29941 -26.08072 -25.73805 -25.44929 -25.14102 -24.71185 -24.37873 -24.04504
 -27.71940 -27.70968 -27.69844 -27.68074 -27.66430 -27.64441 -27.61198 -27.58257
 -27.54878 -27.49590 -27.44670 -27.38460 -27.27853 -27.18173 -27.07216 -26.90802
 -26.76607 -26.59985 -26.33662 -26.11040 -25.86429 -25.51359 -25.23419 -24.94685
 -27.79348 -27.78669 -27.77849 -27.76505 -27.75240 -27.73717 -27.71284 -27.69156
 -27.66806 -27.63077 -27.59300 -27.54548 -27.46686 -27.39489 -27.31199 -27.18500
 -27.07345 -26.94180 -26.73089 -26.54587 -26.34069 -26.04168 -25.79767 -25.54085
 -27.86439 -27.86059 -27.85566 -27.84705 -27.83878 -27.82886 -27.81333 -27.80015
 -27.78612 -27.76310 -27.73739 -27.70530 -27.65402 -27.60641 -27.55049 -27.46240
 -27.38227 -27.28598 -27.12891 -26.98717 -26.82575 -26.58279 -26.37767 -26.15521
 -27.85130 -27.85114 -27.85065 -27.84931 -27.84759 -27.84512 -27.84028 -27.83493
 -27.82772 -27.81507 -27.80319 -27.78842 -27.76248 -27.73681 -27.70680 -27.65947
 -27.61367 -27.55586 -27.45798 -27.36713 -27.25991 -27.08990 -26.93836 -26.76660
 -27.71664 -27.72008 -27.72343 -27.72763 -27.73047 -27.73286 -27.73497 -27.73538
 -27.73442 -27.73136 -27.72842 -27.72406 -27.71467 -27.70442 -27.69079 -27.66730
 -27.64528 -27.61612 -27.56263 -27.51042 -27.44544 -27.33529 -27.23085 -27.10599
 -27.47040 -27.47790 -27.48499 -27.49361 -27.49985 -27.50613 -27.51446 -27.52023
 -27.52503 -27.52976 -27.53266 -27.53521 -27.53791 -27.53893 -27.53856 -27.53565
 -27.53169 -27.52548 -27.51237 -27.49786 -27.47851 -27.44237 -27.40301 -27.35075
 -27.30302 -27.31167 -27.32031 -27.33168 -27.34020 -27.34860 -27.35928 -27.36662
 -27.37295 -27.38017 -27.38581 -27.39147 -27.39830 -27.40264 -27.40641 -27.41071
 -27.41330 -27.41488 -27.41524 -27.41452 -27.41234 -27.40632 -27.39912 -27.38889
 -27.29275 -27.30174 -27.31080 -27.32285 -27.33192 -27.34088 -27.35232 -27.36040
 -27.36775 -27.37607 -27.38139 -27.38695 -27.39499 -27.40026 -27.40490 -27.41037
 -27.41379 -27.41665 -27.41941 -27.42038 -27.42062 -27.41959 -27.41695 -27.41297
 -27.34789 -27.35714 -27.36636 -27.37846 -27.38767 -27.39704 -27.40945 -27.41824
 -27.42597 -27.43430 -27.43969 -27.44530 -27.45342 -27.45917 -27.46458 -27.47070
 -27.47373 -27.47668 -27.48098 -27.48280 -27.48390 -27.48496 -27.48487 -27.48359
 -27.46813 -27.47809 -27.48786 -27.50029 -27.50953 -27.51883 -27.53105 -27.53963
 -27.54708 -27.55524 -27.56111 -27.56739 -27.57601 -27.58161 -27.58676 -27.59316
 -27.59707 -27.60049 -27.60448 -27.60664 -27.60833 -27.61019 -27.61117 -27.61158
 -27.57853 -27.58844 -27.59818 -27.61064 -27.61995 -27.62938 -27.64183 -27.65057
 -27.65808 -27.66640 -27.67256 -27.67831 -27.68561 -27.69201 -27.69775 -27.70324
 -27.70716 -27.71078 -27.71462 -27.71703 -27.72002 -27.72375 -27.72367 -27.72399
 -27.75796 -27.76762 -27.77693 -27.78861 -27.79730 -27.80619 -27.81814 -27.82669
 -27.83420 -27.84290 -27.84971 -27.85579 -27.86304 -27.86999 -27.87567 -27.88061
 -27.88620 -27.89053 -27.89300 -27.89663 -27.89997 -27.90231 -27.90474 -27.90626
 -28.00655 -28.01605 -28.02532 -28.03714 -28.04603 -28.05517 -28.06737 -28.07575
 -28.08256 -28.08992 -28.09630 -28.10270 -28.11007 -28.11530 -28.12047 -28.12683
 -28.13066 -28.13445 -28.13975 -28.14288 -28.14591 -28.15011 -28.15251 -28.15476
 -28.17644 -28.18542 -28.19412 -28.20504 -28.21313 -28.22131 -28.23231 -28.24038
 -28.24786 -28.25660 -28.26254 -28.26818 -28.27542 -28.28064 -28.28564 -28.29176
 -28.29572 -28.29947 -28.30443 -28.30797 -28.31143 -28.31577 -28.31840 -28.32086
 -28.35006 -28.35858 -28.36689 -28.37729 -28.38488 -28.39240 -28.40224 -28.40938
 -28.41605 -28.42415 -28.43001 -28.43553 -28.44212 -28.44673 -28.45137 -28.45724
 -28.46068 -28.46413 -28.46940 -28.47307 -28.47638 -28.48052 -28.48367 -28.48651
 -28.52600 -28.53318 -28.54020 -28.54908 -28.55553 -28.56181 -28.56991 -28.57595
 -28.58194 -28.58918 -28.59347 -28.59795 -28.60456 -28.60839 -28.61208 -28.61720
 -28.61998 -28.62322 -28.62867 -28.63157 -28.63441 -28.63950 -28.64370 -28.64711
 -28.63009 -28.63664 -28.64285 -28.65031 -28.65564 -28.66094 -28.66796 -28.67305
 -28.67772 -28.68313 -28.68686 -28.69079 -28.69644 -28.70050 -28.70397 -28.70765
 -28.71028 -28.71315 -28.71699 -28.71931 -28.72271 -28.72888 -28.73193 -28.73445
 -28.74508 -28.74972 -28.75417 -28.75952 -28.76332 -28.76704 -28.77189 -28.77541
 -28.77868 -28.78250 -28.78508 -28.78786 -28.79180 -28.79430 -28.79731 -28.80160
 -28.80294 -28.80465 -28.80932 -28.81273 -28.81482 -28.81655 -28.81970 -28.82348
 -28.83126 -28.83358 -28.83567 -28.83823 -28.84046 -28.84336 -28.84802 -28.85121
 -28.85323 -28.85451 -28.85609 -28.85754 -28.85906 -28.86112 -28.86258 -28.86339
 -28.86552 -28.86752 -28.86870 -28.87010 -28.87208 -28.87555 -28.87890 -28.88110
 -28.85268 -28.85350 -28.85459 -28.85669 -28.85873 -28.86111 -28.86433 -28.86605
 -28.86650 -28.86652 -28.86853 -28.86985 -28.86969 -28.87156 -28.87293 -28.87292
 -28.87481 -28.87619 -28.87602 -28.87764 -28.87990 -28.88252 -28.88478 -28.88586
 -28.84738 -28.84841 -28.84932 -28.85028 -28.85104 -28.85203 -28.85361 -28.85451
 -28.85469 -28.85479 -28.85645 -28.85796 -28.85793 -28.85742 -28.85822 -28.86091
 -28.86114 -28.86044 -28.86069 -28.86274 -28.86395 -28.86370 -28.86543 -28.86689
 -28.81404 -28.81463 -28.81492 -28.81494 -28.81502 -28.81542 -28.81650 -28.81733
 -28.81779 -28.81752 -28.81698 -28.81758 -28.81995 -28.82032 -28.81987 -28.81959
 -28.82006 -28.82028 -28.82031 -28.82169 -28.82294 -28.82278 -28.82219 -28.82287
 -28.77914 -28.77905 -28.77930 -28.78033 -28.78125 -28.78191 -28.78216 -28.78206
 -28.78190 -28.78176 -28.78170 -28.78173 -28.78191 -28.78202 -28.78182 -28.78188
 -28.78347 -28.78471 -28.78451 -28.78455 -28.78470 -28.78468 -28.78469 -28.78458
 -28.71923 -28.71932 -28.71940 -28.71933 -28.71913 -28.71877 -28.71832 -28.71852
 -28.71965 -28.72167 -28.72184 -28.72159 -28.72173 -28.72175 -28.72174 -28.72170
 -28.72141 -28.72119 -28.72123 -28.72129 -28.72131 -28.72131 -28.72134 -28.72123
 -28.63324 -28.63313 -28.63294 -28.63284 -28.63318 -28.63413 -28.63605 -28.63700
 -28.63662 -28.63486 -28.63472 -28.63494 -28.63476 -28.63473 -28.63474 -28.63481
 -28.63525 -28.63560 -28.63555 -28.63546 -28.63542 -28.63542 -28.63543 -28.63548
 -28.57598 -28.57567 -28.57532 -28.57536 -28.57625 -28.57830 -28.58201 -28.58344
 -28.58179 -28.57699 -28.57664 -28.57722 -28.57671 -28.57665 -28.57665 -28.57686
 -28.57809 -28.57906 -28.57890 -28.57866 -28.57855 -28.57854 -28.57857 -28.57872
 -28.51529 -28.51476 -28.51424 -28.51443 -28.51591 -28.51913 -28.52473 -28.52667
 -28.52366 -28.51566 -28.51507 -28.51604 -28.51518 -28.51509 -28.51509 -28.51542
 -28.51750 -28.51912 -28.51885 -28.51845 -28.51827 -28.51825 -28.51830 -28.51855
 -28.44629 -28.44552 -28.44481 -28.44516 -28.44732 -28.45185 -28.45961 -28.46213
 -28.45758 -28.44593 -28.44508 -28.44648 -28.44523 -28.44510 -28.44509 -28.44559
 -28.44861 -28.45099 -28.45059 -28.45001 -28.44974 -28.44971 -28.44978 -28.45015
---------------------/ IPRT= 1  / IGRD= 0  /--------/ Z1= 5   / DATE= 18/07/15
 -27.22665 -27.20687 -27.18388 -27.15005 -27.12300 -27.09354 -27.04343 -26.99127
 -26.92646 -26.83305 -26.76566 -26.69126 -26.53434 -26.38553 -26.22179 -25.96094
 -25.74742 -25.52013 -25.14616 -24.82804 -24.48909 -23.96698 -23.55007 -23.14130
 -27.35171 -27.33533 -27.31621 -27.28769 -27.26444 -27.23876 -27.19537 -27.15091
 -27.09612 -27.01674 -26.95840 -26.89349 -26.75929 -26.63184 -26.49052 -26.26590
 -26.08096 -25.88296 -25.55905 -25.28182 -24.98369 -24.52488 -24.15591 -23.78958
 -27.50927 -27.49718 -27.48292 -27.46111 -27.44262 -27.42173 -27.38680 -27.35204
 -27.30987 -27.24817 -27.20122 -27.14826 -27.04269 -26.94214 -26.82908 -26.65010
 -26.50118 -26.34008 -26.07924 -25.85352 -25.60681 -25.22776 -24.91919 -24.60633
 -27.61306 -27.60379 -27.59274 -27.57533 -27.55999 -27.54225 -27.51289 -27.48452
 -27.45066 -27.40061 -27.36116 -27.31608 -27.22937 -27.14654 -27.05209 -26.90316
 -26.77798 -26.64117 -26.42188 -26.23010 -26.01726 -25.69074 -25.42195 -25.14431
 -27.72307 -27.71680 -27.70914 -27.69641 -27.68441 -27.67000 -27.64654 -27.62495
 -27.59991 -27.56220 -27.53070 -27.49397 -27.42725 -27.36320 -27.28849 -27.17142
 -27.07138 -26.96034 -26.78509 -26.62927 -26.45233 -26.18150 -25.95488 -25.71458
 -27.84828 -27.84496 -27.84080 -27.83310 -27.82494 -27.81452 -27.79780 -27.78338
 -27.76737 -27.74252 -27.71990 -27.69290 -27.64791 -27.60407 -27.55092 -27.46887
 -27.39692 -27.31478 -27.18750 -27.07133 -26.93498 -26.72643 -26.54759 -26.35084
 -27.93748 -27.93475 -27.93172 -27.92647 -27.92096 -27.91378 -27.90167 -27.89049
 -27.87757 -27.85783 -27.84088 -27.82124 -27.78746 -27.75383 -27.71306 -27.65079
 -27.59611 -27.53270 -27.43182 -27.33904 -27.23006 -27.06143 -26.91538 -26.75270
 -28.06199 -28.06024 -28.05810 -28.05437 -28.05061 -28.04589 -28.03802 -28.03071
 -28.02224 -28.00957 -27.99907 -27.98640 -27.96180 -27.93981 -27.91535 -27.87217
 -27.83389 -27.79168 -27.72182 -27.65645 -27.57981 -27.45963 -27.35363 -27.23362
 -28.21727 -28.21613 -28.21468 -28.21231 -28.21014 -28.20760 -28.20349 -28.19964
 -28.19508 -28.18788 -28.18151 -28.17401 -28.16104 -28.14790 -28.13171 -28.10679
 -28.08492 -28.05908 -28.01564 -27.97520 -27.92811 -27.85452 -27.78868 -27.71247
 -28.31748 -28.31681 -28.31592 -28.31435 -28.31282 -28.31097 -28.30802 -28.30542
 -28.30245 -28.29784 -28.29371 -28.28865 -28.27932 -28.27022 -28.25947 -28.24244
 -28.22691 -28.20862 -28.17924 -28.15131 -28.11779 -28.06611 -28.01927 -27.96381
 -28.42143 -28.42108 -28.42083 -28.42031 -28.41949 -28.41819 -28.41593 -28.41396
 -28.41182 -28.40869 -28.40601 -28.40277 -28.39669 -28.39074 -28.38378 -28.37287
 -28.36262 -28.35016 -28.33028 -28.31187 -28.28977 -28.25413 -28.22205 -28.18504
 -28.53637 -28.53621 -28.53588 -28.53520 -28.53452 -28.53371 -28.53246 -28.53139
 -28.53021 -28.52837 -28.52672 -28.52485 -28.52196 -28.51864 -28.51399 -28.50678
 -28.50070 -28.49370 -28.48173 -28.47013 -28.45630 -28.43484 -28.41556 -28.39284
 -28.61207 -28.61214 -28.61222 -28.61219 -28.61194 -28.61145 -28.61050 -28.60960
 -28.60858 -28.60704 -28.60570 -28.60436 -28.60291 -28.60127 -28.59841 -28.59274
 -28.58854 -28.58469 -28.57709 -28.56920 -28.55967 -28.54424 -28.53080 -28.51563
 -28.71017 -28.70977 -28.70904 -28.70804 -28.70768 -28.70771 -28.70775 -28.70729
 -28.70631 -28.70505 -28.70474 -28.70468 -28.70309 -28.70243 -28.70237 -28.69896
 -28.69644 -28.69515 -28.69044 -28.68543 -28.68057 -28.67383 -28.66679 -28.65755
 -28.74292 -28.74300 -28.74315 -28.74337 -28.74346 -28.74347 -28.74342 -28.74341
 -28.74345 -28.74360 -28.74381 -28.74376 -28.74249 -28.74180 -28.74182 -28.74108
 -28.73995 -28.73881 -28.73774 -28.73747 -28.73680 -28.73268 -28.72998 -28.72883
 -28.57410 -28.57408 -28.57404 -28.57399 -28.57396 -28.57395 -28.57395 -28.57395
 -28.57394 -28.57393 -28.57395 -28.57402 -28.57424 -28.57438 -28.57444 -28.57459
 -28.57479 -28.57501 -28.57515 -28.57538 -28.57558 -28.57491 -28.57460 -28.57502
 -28.26687 -28.26688 -28.26687 -28.26685 -28.26682 -28.26679 -28.26676 -28.26678
 -28.26685 -28.26711 -28.26751 -28.26795 -28.26810 -28.26828 -28.26872 -28.26924
 -28.26962 -28.27004 -28.27053 -28.27116 -28.27200 -28.27278 -28.27379 -28.27551
 -28.00825 -28.00820 -28.00817 -28.00818 -28.00825 -28.00838 -28.00858 -28.00870
 -28.00881 -28.00899 -28.00921 -28.00950 -28.00983 -28.01005 -28.01033 -28.01094
 -28.01152 -28.01210 -28.01273 -28.01330 -28.01416 -28.01599 -28.01774 -28.01975
 -27.91636 -27.91635 -27.91634 -27.91635 -27.91636 -27.91638 -27.91642 -27.91646
 -27.91647 -27.91633 -27.91601 -27.91610 -27.91848 -27.91982 -27.91968 -27.91980
 -27.91963 -27.91940 -27.92187 -27.92326 -27.92317 -27.92516 -27.92754 -27.92963
 -27.88765 -27.88770 -27.88778 -27.88777 -27.88759 -27.88731 -27.88731 -27.88800
 -27.88926 -27.89076 -27.89098 -27.89053 -27.89077 -27.89119 -27.89116 -27.89064
 -27.89170 -27.89404 -27.89484 -27.89430 -27.89429 -27.89625 -27.89887 -27.90146
 -27.96867 -27.96862 -27.96856 -27.96856 -27.96872 -27.96898 -27.96905 -27.96858
 -27.96779 -27.96755 -27.96898 -27.97127 -27.97210 -27.97184 -27.97197 -27.97244
 -27.97214 -27.97178 -27.97440 -27.97586 -27.97579 -27.97833 -27.97949 -27.97938
 -28.05997 -28.05996 -28.05994 -28.05994 -28.05998 -28.06006 -28.06027 -28.06053
 -28.06083 -28.06112 -28.06112 -28.06104 -28.06136 -28.06172 -28.06204 -28.06269
 -28.06345 -28.06425 -28.06466 -28.06495 -28.06561 -28.06699 -28.06872 -28.07093
 -28.16632 -28.16633 -28.16634 -28.16634 -28.16631 -28.16626 -28.16629 -28.16647
 -28.16677 -28.16709 -28.16707 -28.16696 -28.16739 -28.16788 -28.16826 -28.16876
 -28.16927 -28.16984 -28.17031 -28.17057 -28.17101 -28.17225 -28.17385 -28.17582
 -28.27461 -28.27462 -28.27464 -28.27464 -28.27460 -28.27454 -28.27454 -28.27469
 -28.27495 -28.27532 -28.27546 -28.27545 -28.27536 -28.27556 -28.27612 -28.27690
 -28.27711 -28.27707 -28.27756 -28.27809 -28.27859 -28.27976 -28.28074 -28.28177
 -28.33096 -28.33097 -28.33099 -28.33099 -28.33094 -28.33087 -28.33087 -28.33106
 -28.33142 -28.33189 -28.33205 -28.33202 -28.33201 -28.33194 -28.33195 -28.33272
 -28.33307 -28.33298 -28.33366 -28.33409 -28.33408 -28.33466 -28.33562 -28.33683
 -28.37297 -28.37297 -28.37297 -28.37297 -28.37297 -28.37297 -28.37297 -28.37296
 -28.37294 -28.37294 -28.37297 -28.37298 -28.37285 -28.37315 -28.37383 -28.37412
 -28.37408 -28.37409 -28.37408 -28.37443 -28.37501 -28.37508 -28.37541 -28.37632
 -28.36342 -28.36343 -28.36345 -28.36345 -28.36340 -28.36333 -28.36333 -28.36351
 -28.36385 -28.36430 -28.36445 -28.36443 -28.36446 -28.36438 -28.36421 -28.36418
 -28.36422 -28.36421 -28.36431 -28.36464 -28.36513 -28.36533 -28.36515 -28.36502
 -28.33351 -28.33350 -28.33350 -28.33350 -28.33351 -28.33354 -28.33354 -28.33347
 -28.33334 -28.33316 -28.33311 -28.33311 -28.33310 -28.33313 -28.33323 -28.33328
 -28.33317 -28.33315 -28.33403 -28.33446 -28.33422 -28.33413 -28.33414 -28.33417
 -28.30010 -28.30007 -28.30003 -28.30003 -28.30013 -28.30029 -28.30029 -28.29990
 -28.29917 -28.29822 -28.29791 -28.29795 -28.29789 -28.29808 -28.29858 -28.29875
 -28.29844 -28.29840 -28.30017 -28.30070 -28.29967 -28.29921 -28.29946 -28.29976
 -28.26212 -28.26206 -28.26198 -28.26199 -28.26219 -28.26249 -28.26248 -28.26173
 -28.26034 -28.25850 -28.25790 -28.25798 -28.25785 -28.25823 -28.25919 -28.25949
 -28.25895 -28.25890 -28.26167 -28.26233 -28.26039 -28.25952 -28.26004 -28.26063
---------------------/ IPRT= 2  / IGRD= 0  /--------/ Z1= 5   / DATE= 18/07/15
 -27.69425 -27.67922 -27.66251 -27.63566 -27.61002 -27.57810 -27.52310 -27.46945
 -27.40631 -27.31729 -27.25264 -27.17848 -27.01565 -26.85858 -26.69016 -26.44321
 -26.23032 -25.98863 -25.61964 -25.31089 -24.97270 -24.45069 -24.02923 -23.61193
 -27.82150 -27.80872 -27.79440 -27.77126 -27.74915 -27.72168 -27.67458 -27.62888
 -27.57519 -27.49908 -27.44304 -27.37861 -27.23957 -27.10551 -26.96073 -26.74695
 -26.56236 -26.35304 -26.03327 -25.76359 -25.46609 -25.00715 -24.63450 -24.26154
 -27.98182 -27.97188 -27.96055 -27.94210 -27.92444 -27.90257 -27.86542 -27.82975
 -27.78796 -27.72810 -27.68292 -27.63075 -27.52167 -27.41662 -27.30161 -27.12962
 -26.98068 -26.81214 -26.55439 -26.33392 -26.08769 -25.70821 -25.39706 -25.07995
 -28.08741 -28.07934 -28.07000 -28.05464 -28.03990 -28.02172 -27.99112 -27.96205
 -27.92811 -27.87896 -27.84093 -27.79684 -27.70749 -27.62154 -27.52614 -27.38168
 -27.25622 -27.11455 -26.89765 -26.70959 -26.49713 -26.16999 -25.89934 -25.61903
 -28.19935 -28.19326 -28.18602 -28.17392 -28.16229 -28.14802 -28.12437 -28.10230
 -28.07667 -28.03887 -28.00842 -27.97289 -27.90446 -27.83876 -27.76415 -27.64887
 -27.54830 -27.43511 -27.26151 -27.10781 -26.93114 -26.65949 -26.43178 -26.19047
 -28.32609 -28.32213 -28.31721 -28.30881 -28.30072 -28.29088 -28.27491 -28.26037
 -28.24360 -28.21799 -28.19600 -28.17016 -28.12443 -28.08047 -28.02838 -27.94553
 -27.87273 -27.79090 -27.66433 -27.54864 -27.41251 -27.20329 -27.02416 -26.82782
 -28.41437 -28.41148 -28.40797 -28.40203 -28.39628 -28.38924 -28.37761 -28.36681
 -28.35418 -28.33477 -28.31809 -28.29866 -28.26470 -28.23139 -28.19126 -28.12812
 -28.07255 -28.00895 -27.90793 -27.81515 -27.70648 -27.53863 -27.39260 -27.22962
 -28.53913 -28.53736 -28.53541 -28.53188 -28.52798 -28.52282 -28.51442 -28.50716
 -28.49918 -28.48702 -28.47622 -28.46313 -28.43995 -28.41789 -28.39173 -28.34916
 -28.31123 -28.26793 -28.19834 -28.13297 -28.05566 -27.93738 -27.83186 -27.71015
 -28.69341 -28.69228 -28.69115 -28.68939 -28.68767 -28.68546 -28.68154 -28.67764
 -28.67284 -28.66513 -28.65828 -28.65058 -28.63856 -28.62558 -28.60860 -28.58368
 -28.56204 -28.53615 -28.49340 -28.45366 -28.40673 -28.33198 -28.26538 -28.18942
 -28.79416 -28.79349 -28.79293 -28.79194 -28.79067 -28.78884 -28.78581 -28.78326
 -28.78050 -28.77600 -28.77157 -28.76605 -28.75694 -28.74749 -28.73577 -28.71918
 -28.70389 -28.68497 -28.65581 -28.62849 -28.59511 -28.54259 -28.49534 -28.44035
 -28.89985 -28.89930 -28.89830 -28.89666 -28.89551 -28.89448 -28.89287 -28.89110
 -28.88881 -28.88565 -28.88365 -28.88113 -28.87349 -28.86627 -28.85948 -28.84969
 -28.83933 -28.82610 -28.80752 -28.78956 -28.76621 -28.72990 -28.69831 -28.66199
 -29.01296 -29.01272 -29.01237 -29.01177 -29.01127 -29.01074 -29.00981 -29.00882
 -29.00754 -29.00545 -29.00364 -29.00196 -29.00034 -28.99693 -28.99118 -28.98487
 -28.97902 -28.97091 -28.95975 -28.94841 -28.93353 -28.91266 -28.89377 -28.87019
 -29.08922 -29.08905 -29.08892 -29.08868 -29.08834 -29.08784 -29.08706 -29.08647
 -29.08587 -29.08479 -29.08354 -29.08203 -29.08031 -29.07829 -29.07521 -29.07058
 -29.06646 -29.06150 -29.05361 -29.04587 -29.03634 -29.02187 -29.00885 -28.99318
 -29.18704 -29.18709 -29.18711 -29.18707 -29.18695 -29.18674 -29.18639 -29.18612
 -29.18582 -29.18520 -29.18441 -29.18342 -29.18219 -29.18107 -29.17961 -29.17740
 -29.17517 -29.17230 -29.16791 -29.16397 -29.15922 -29.15139 -29.14433 -29.13620
 -29.28852 -29.28852 -29.28854 -29.28854 -29.28847 -29.28832 -29.28806 -29.28784
 -29.28762 -29.28731 -29.28703 -29.28674 -29.28640 -29.28605 -29.28562 -29.28506
 -29.28437 -29.28327 -29.28139 -29.27995 -29.27834 -29.27503 -29.27212 -29.26919
 -29.33714 -29.33713 -29.33711 -29.33711 -29.33717 -29.33726 -29.33730 -29.33717
 -29.33689 -29.33651 -29.33636 -29.33642 -29.33662 -29.33636 -29.33575 -29.33559
 -29.33556 -29.33509 -29.33386 -29.33322 -29.33288 -29.33137 -29.33028 -29.32961
 -29.37037 -29.37037 -29.37037 -29.37037 -29.37038 -29.37040 -29.37041 -29.37040
 -29.37036 -29.37031 -29.37030 -29.37032 -29.37033 -29.37037 -29.37031 -29.36957
 -29.36915 -29.36919 -29.36913 -29.36900 -29.36890 -29.36869 -29.36871 -29.36874
 -29.38301 -29.38301 -29.38301 -29.38301 -29.38301 -29.38301 -29.38301 -29.38301
 -29.38301 -29.38301 -29.38301 -29.38301 -29.38301 -29.38301 -29.38301 -29.38299
 -29.38301 -29.38301 -29.38286 -29.38319 -29.38391 -29.38417 -29.38397 -29.38396
 -29.37690 -29.37690 -29.37690 -29.37690 -29.37690 -29.37690 -29.37691 -29.37690
 -29.37690 -29.37690 -29.37690 -29.37690 -29.37690 -29.37691 -29.37691 -29.37684
 -29.37717 -29.37781 -29.37793 -29.37793 -29.37812 -29.37796 -29.37817 -29.37882
 -29.35154 -29.35154 -29.35154 -29.35154 -29.35154 -29.35154 -29.35154 -29.35154
 -29.35154 -29.35154 -29.35154 -29.35154 -29.35154 -29.35155 -29.35156 -29.35143
 -29.35142 -29.35155 -29.35164 -29.35153 -29.35147 -29.35216 -29.35259 -29.35265
 -29.29474 -29.29474 -29.29474 -29.29474 -29.29474 -29.29474 -29.29474 -29.29474
 -29.29475 -29.29475 -29.29474 -29.29474 -29.29476 -29.29471 -29.29470 -29.29523
 -29.29557 -29.29556 -29.29553 -29.29554 -29.29552 -29.29560 -29.29563 -29.29564
 -29.24772 -29.24772 -29.24772 -29.24772 -29.24772 -29.24772 -29.24772 -29.24772
 -29.24772 -29.24772 -29.24772 -29.24772 -29.24772 -29.24773 -29.24773 -29.24764
 -29.24757 -29.24757 -29.24760 -29.24754 -29.24753 -29.24812 -29.24848 -29.24843
 -29.19080 -29.19080 -29.19080 -29.19080 -29.19080 -29.19080 -29.19080 -29.19080
 -29.19080 -29.19080 -29.19080 -29.19080 -29.19080 -29.19080 -29.19080 -29.19077
 -29.19075 -29.19075 -29.19075 -29.19074 -29.19074 -29.19085 -29.19086 -29.19084
 -29.12175 -29.12175 -29.12175 -29.12175 -29.12175 -29.12175 -29.12175 -29.12175
 -29.12175 -29.12175 -29.12175 -29.12175 -29.12175 -29.12175 -29.12175 -29.12175
 -29.12175 -29.12175 -29.12175 -29.12175 -29.12175 -29.12175 -29.12175 -29.12175
 -29.07055 -29.07055 -29.07055 -29.07055 -29.07055 -29.07055 -29.07055 -29.07055
 -29.07055 -29.07055 -29.07055 -29.07055 -29.07055 -29.07055 -29.07055 -29.07055
 -29.07055 -29.07055 -29.07055 -29.07054 -29.07054 -29.07056 -29.07054 -29.07053
 -29.00003 -29.00003 -29.00003 -29.00003 -29.00003 -29.00003 -29.00003 -29.00003
 -29.00003 -29.00003 -29.00003 -29.00003 -29.00003 -29.00003 -29.00003 -29.00004
 -29.00004 -29.00004 -29.00004 -29.00004 -29.00004 -29.00004 -29.00003 -29.00003
 -28.90799 -28.90799 -28.90799 -28.90799 -28.90799 -28.90799 -28.90799 -28.90799
 -28.90799 -28.90799 -28.90799 -28.90799 -28.90799 -28.90799 -28.90799 -28.90799
 -28.90799 -28.90799 -28.90799 -28.90799 -28.90799 -28.90799 -28.90799 -28.90799
 -28.84505 -28.84505 -28.84505 -28.84505 -28.84505 -28.84505 -28.84505 -28.84505
 -28.84505 -28.84505 -28.84505 -28.84505 -28.84505 -28.84505 -28.84505 -28.84505
 -28.84505 -28.84505 -28.84505 -28.84505 -28.84505 -28.84505 -28.84505 -28.84505
 -28.77818 -28.77818 -28.77818 -28.77818 -28.77818 -28.77818 -28.77818 -28.77818
 -28.77818 -28.77818 -28.77818 -28.77818 -28.77818 -28.77818 -28.77818 -28.77818
 -28.77818 -28.77818 -28.77818 -28.77818 -28.77818 -28.77818 -28.77818 -28.77818
 -28.70215 -28.70215 -28.70215 -28.70215 -28.70215 -28.70215 -28.70215 -28.70215
 -28.70215 -28.70215 -28.70215 -28.70215 -28.70215 -28.70215 -28.70215 -28.70215
 -28.70215 -28.70215 -28.70215 -28.70215 -28.70215 -28.70215 -28.70216 -28.70216
---------------------/ IPRT= 1  / IGRD= 0  /--------/ Z1= 6   / DATE= 18/07/15
 -26.57110 -26.55709 -26.54167 -26.51800 -26.49572 -26.46748 -26.41784 -26.37084
 -26.31687 -26.23627 -26.16655 -26.08611 -25.95807 -25.83891 -25.69720 -25.47854
 -25.28125 -25.05191 -24.71997 -24.43617 -24.11022 -23.63190 -23.22655 -22.77766
 -26.69275 -26.68059 -26.66717 -26.64650 -26.62704 -26.60240 -26.55923 -26.51836
 -26.47133 -26.40080 -26.33968 -26.26929 -26.15769 -26.05373 -25.92960 -25.73729
 -25.56358 -25.36167 -25.06866 -24.81810 -24.53045 -24.10572 -23.74415 -23.34323
 -26.84601 -26.83619 -26.82528 -26.80839 -26.79248 -26.77239 -26.73737 -26.70423
 -26.66593 -26.60807 -26.55779 -26.50008 -26.40917 -26.32438 -26.22239 -26.06327
 -25.91928 -25.75192 -25.50796 -25.29928 -25.05989 -24.70267 -24.39624 -24.05576
 -26.94697 -26.93868 -26.92943 -26.91503 -26.90145 -26.88437 -26.85471 -26.82666
 -26.79411 -26.74460 -26.70146 -26.65209 -26.57482 -26.50265 -26.41525 -26.27800
 -26.15357 -26.00898 -25.79733 -25.61623 -25.40862 -25.09588 -24.82577 -24.52510
 -27.05398 -27.04731 -27.03982 -27.02806 -27.01696 -27.00306 -26.97909 -26.95643
 -26.92998 -26.88933 -26.85375 -26.81323 -26.75041 -26.69161 -26.61968 -26.50561
 -26.40192 -26.28146 -26.10405 -25.95220 -25.77829 -25.51268 -25.28107 -25.02261
 -27.17563 -27.17082 -27.16532 -27.15656 -27.14827 -27.13799 -27.12049 -27.10396
 -27.08444 -27.05385 -27.02688 -26.99642 -26.95003 -26.90643 -26.85208 -26.76436
 -26.68425 -26.59122 -26.45274 -26.33413 -26.19852 -25.98650 -25.79866 -25.58817
 -27.26198 -27.25840 -27.25427 -27.24760 -27.24130 -27.23354 -27.22048 -27.20812
 -27.19334 -27.16971 -27.14872 -27.12522 -27.09011 -27.05694 -27.01473 -26.94537
 -26.88172 -26.80782 -26.69672 -26.60125 -26.49195 -26.31729 -26.16036 -25.98367
 -27.38395 -27.38138 -27.37855 -27.37438 -27.37058 -27.36578 -27.35724 -27.34886
 -27.33877 -27.32272 -27.30854 -27.29271 -27.26902 -27.24645 -27.21746 -27.16960
 -27.12550 -27.07425 -26.99743 -26.92910 -26.84759 -26.71785 -26.60164 -26.46891
 -27.53773 -27.53606 -27.53430 -27.53200 -27.53003 -27.52746 -27.52257 -27.51757
 -27.51146 -27.50171 -27.49315 -27.48366 -27.46959 -27.45596 -27.43810 -27.40858
 -27.38132 -27.34921 -27.29974 -27.25576 -27.20392 -27.11938 -27.04204 -26.95327
 -27.63860 -27.63710 -27.63572 -27.63446 -27.63364 -27.63230 -27.62884 -27.62494
 -27.62029 -27.61353 -27.60793 -27.60166 -27.59180 -27.58176 -27.56858 -27.54753
 -27.52797 -27.50438 -27.46890 -27.43693 -27.39797 -27.33540 -27.27858 -27.21254
 -27.74453 -27.74398 -27.74352 -27.74296 -27.74241 -27.74154 -27.73958 -27.73741
 -27.73466 -27.73012 -27.72597 -27.72114 -27.71360 -27.70678 -27.69847 -27.68383
 -27.66963 -27.65308 -27.62858 -27.60624 -27.57854 -27.53367 -27.49251 -27.44427
 -27.86657 -27.86671 -27.86657 -27.86565 -27.86454 -27.86340 -27.86226 -27.86151
 -27.86041 -27.85776 -27.85484 -27.85136 -27.84624 -27.84188 -27.83667 -27.82745
 -27.81885 -27.80891 -27.79201 -27.77626 -27.75806 -27.72850 -27.70079 -27.66803
 -27.95029 -27.95033 -27.95065 -27.95097 -27.95091 -27.95053 -27.94943 -27.94823
 -27.94690 -27.94517 -27.94380 -27.94219 -27.93928 -27.93573 -27.93086 -27.92438
 -27.91799 -27.90889 -27.89575 -27.88488 -27.87186 -27.85053 -27.83004 -27.80525
 -28.06972 -28.06959 -28.06944 -28.06921 -28.06898 -28.06865 -28.06803 -28.06739
 -28.06660 -28.06529 -28.06412 -28.06279 -28.06079 -28.05890 -28.05647 -28.05232
 -28.04821 -28.04313 -28.03536 -28.02857 -28.02044 -28.00621 -27.99310 -27.97811
 -28.20102 -28.20086 -28.20067 -28.20038 -28.20016 -28.19999 -28.19988 -28.19981
 -28.19961 -28.19896 -28.19822 -28.19744 -28.19655 -28.19567 -28.19438 -28.19252
 -28.19069 -28.18812 -28.18402 -28.18056 -28.17659 -28.16954 -28.16255 -28.15426
 -28.20825 -28.20838 -28.20843 -28.20828 -28.20806 -28.20786 -28.20783 -28.20795
 -28.20807 -28.20804 -28.20785 -28.20755 -28.20706 -28.20693 -28.20703 -28.20629
 -28.20556 -28.20525 -28.20390 -28.20245 -28.20118 -28.19853 -28.19572 -28.19239
 -28.06471 -28.06490 -28.06508 -28.06515 -28.06512 -28.06516 -28.06548 -28.06592
 -28.06641 -28.06700 -28.06740 -28.06783 -28.06855 -28.06917 -28.06989 -28.07134
 -28.07285 -28.07455 -28.07668 -28.07839 -28.08042 -28.08296 -28.08492 -28.08720
 -27.82641 -27.82646 -27.82646 -27.82631 -27.82620 -27.82630 -27.82703 -27.82793
 -27.82888 -27.82982 -27.83044 -27.83133 -27.83339 -27.83522 -27.83679 -27.83873
 -27.84095 -27.84426 -27.84889 -27.85285 -27.85786 -27.86535 -27.87058 -27.87549
 -27.71164 -27.71165 -27.71146 -27.71115 -27.71100 -27.71102 -27.71145 -27.71209
 -27.71295 -27.71439 -27.71562 -27.71691 -27.71865 -27.72043 -27.72282 -27.72611
 -27.72901 -27.73269 -27.73800 -27.74236 -27.74756 -27.75669 -27.76391 -27.77031
 -27.65015 -27.65009 -27.65014 -27.65061 -27.65121 -27.65186 -27.65257 -27.65306
 -27.65368 -27.65497 -27.65621 -27.65747 -27.65891 -27.66048 -27.66285 -27.66592
 -27.66899 -27.67365 -27.68061 -27.68557 -27.69033 -27.69809 -27.70581 -27.71479
 -27.70169 -27.70194 -27.70212 -27.70212 -27.70200 -27.70195 -27.70228 -27.70287
 -27.70370 -27.70511 -27.70631 -27.70751 -27.70904 -27.71083 -27.71352 -27.71689
 -27.71960 -27.72336 -27.73017 -27.73586 -27.74137 -27.74964 -27.75724 -27.76570
 -27.78239 -27.78320 -27.78391 -27.78422 -27.78410 -27.78404 -27.78464 -27.78554
 -27.78652 -27.78751 -27.78809 -27.78882 -27.79047 -27.79277 -27.79571 -27.79788
 -27.80002 -27.80453 -27.81078 -27.81572 -27.82154 -27.82848 -27.83406 -27.84148
 -27.88863 -27.88856 -27.88844 -27.88821 -27.88811 -27.88825 -27.88905 -27.89002
 -27.89105 -27.89216 -27.89297 -27.89409 -27.89650 -27.89852 -27.90021 -27.90260
 -27.90519 -27.90879 -27.91445 -27.91827 -27.92170 -27.92942 -27.93617 -27.94188
 -28.00757 -28.00766 -28.00781 -28.00810 -28.00838 -28.00867 -28.00899 -28.00925
 -28.00960 -28.01033 -28.01111 -28.01208 -28.01362 -28.01488 -28.01618 -28.01820
 -28.02030 -28.02303 -28.02717 -28.03075 -28.03485 -28.04081 -28.04586 -28.05157
 -28.07777 -28.07796 -28.07818 -28.07849 -28.07871 -28.07887 -28.07897 -28.07906
 -28.07927 -28.07993 -28.08067 -28.08144 -28.08234 -28.08322 -28.08454 -28.08641
 -28.08803 -28.09008 -28.09327 -28.09624 -28.09978 -28.10466 -28.10870 -28.11338
 -28.14182 -28.14181 -28.14184 -28.14199 -28.14218 -28.14239 -28.14265 -28.14282
 -28.14300 -28.14329 -28.14362 -28.14409 -28.14501 -28.14582 -28.14659 -28.14754
 -28.14856 -28.15003 -28.15208 -28.15387 -28.15613 -28.15929 -28.16192 -28.16498
 -28.16055 -28.16056 -28.16056 -28.16050 -28.16045 -28.16045 -28.16062 -28.16083
 -28.16105 -28.16123 -28.16132 -28.16148 -28.16191 -28.16230 -28.16265 -28.16314
 -28.16356 -28.16412 -28.16543 -28.16654 -28.16746 -28.16915 -28.17059 -28.17188
 -28.13990 -28.13990 -28.13990 -28.13989 -28.13990 -28.13996 -28.14016 -28.14036
 -28.14049 -28.14047 -28.14037 -28.14035 -28.14064 -28.14101 -28.14137 -28.14182
 -28.14210 -28.14236 -28.14304 -28.14371 -28.14431 -28.14498 -28.14566 -28.14663
 -28.10133 -28.10129 -28.10132 -28.10153 -28.10177 -28.10199 -28.10207 -28.10200
 -28.10192 -28.10194 -28.10200 -28.10201 -28.10182 -28.10187 -28.10224 -28.10228
 -28.10224 -28.10259 -28.10307 -28.10333 -28.10358 -28.10395 -28.10435 -28.10491
 -28.05528 -28.05520 -28.05526 -28.05574 -28.05628 -28.05667 -28.05659 -28.05619
 -28.05585 -28.05594 -28.05626 -28.05633 -28.05553 -28.05516 -28.05556 -28.05508
 -28.05463 -28.05514 -28.05549 -28.05527 -28.05512 -28.05527 -28.05543 -28.05550
---------------------/ IPRT= 1  / IGRD= 0  /--------/ Z1= 7   / DATE= 18/07/15
 -25.95264 -25.94164 -25.92341 -25.89342 -25.87067 -25.84907 -25.81590 -25.78193
 -25.73794 -25.66786 -25.60892 -25.54485 -25.44369 -25.34764 -25.23116 -25.04616
 -24.87393 -24.66639 -24.34029 -24.06528 -23.76815 -23.31698 -22.93370 -22.51425
 -26.06695 -26.05723 -26.04141 -26.01546 -25.99565 -25.97664 -25.94728 -25.91730
 -25.87856 -25.81672 -25.76441 -25.70733 -25.61743 -25.53270 -25.43025 -25.26652
 -25.11365 -24.92960 -24.64039 -24.39592 -24.13114 -23.72894 -23.38583 -23.00855
 -26.21097 -26.20285 -26.19008 -26.16922 -26.15311 -26.13735 -26.11281 -26.08785
 -26.05573 -26.00426 -25.96032 -25.91202 -25.83632 -25.76585 -25.68108 -25.54414
 -25.41567 -25.26122 -25.01847 -24.81247 -24.58847 -24.24796 -23.95546 -23.63130
 -26.30583 -26.29877 -26.28800 -26.27050 -26.25682 -26.24322 -26.22184 -26.20019
 -26.17243 -26.12780 -26.08936 -26.04685 -25.98050 -25.91942 -25.84630 -25.72701
 -25.61461 -25.47965 -25.26750 -25.08684 -24.88970 -24.58983 -24.33067 -24.04149
 -26.40639 -26.40045 -26.39180 -26.37786 -26.36676 -26.35543 -26.33741 -26.31927
 -26.29613 -26.25875 -26.22615 -26.18978 -26.13334 -26.08221 -26.02143 -25.92085
 -25.82548 -25.71119 -25.53149 -25.37769 -25.20901 -24.95222 -24.72840 -24.47630
 -26.52070 -26.51604 -26.50980 -26.49990 -26.49174 -26.48300 -26.46880 -26.45464
 -26.43676 -26.40761 -26.38165 -26.35225 -26.30708 -26.26726 -26.22052 -26.14121
 -26.06520 -25.97440 -25.83158 -25.70832 -25.57200 -25.36418 -25.18053 -24.97060
 -26.60180 -26.59805 -26.59353 -26.58649 -26.58042 -26.57351 -26.56202 -26.55069
 -26.53653 -26.51323 -26.49198 -26.46753 -26.43035 -26.39857 -26.36178 -26.29756
 -26.23529 -26.16116 -26.04451 -25.94291 -25.82955 -25.65648 -25.50133 -25.32131
 -26.71629 -26.71365 -26.71135 -26.70808 -26.70474 -26.70022 -26.69223 -26.68455
 -26.67526 -26.65978 -26.64512 -26.62780 -26.60178 -26.58053 -26.55645 -26.51232
 -26.46880 -26.41721 -26.33540 -26.26305 -26.18125 -26.05494 -25.93873 -25.80085
 -26.86363 -26.86212 -26.86032 -26.85756 -26.85523 -26.85262 -26.84827 -26.84390
 -26.83835 -26.82907 -26.82049 -26.81051 -26.79522 -26.78208 -26.76698 -26.74105
 -26.71500 -26.68265 -26.63137 -26.58643 -26.53521 -26.45315 -26.37642 -26.28525
 -26.96092 -26.96015 -26.95852 -26.95575 -26.95377 -26.95208 -26.94954 -26.94678
 -26.94294 -26.93628 -26.93014 -26.92308 -26.91213 -26.90249 -26.89140 -26.87330
 -26.85505 -26.83195 -26.79575 -26.76348 -26.72569 -26.66516 -26.60852 -26.54062
 -27.06235 -27.06164 -27.06115 -27.06048 -27.05967 -27.05844 -27.05612 -27.05385
 -27.05113 -27.04685 -27.04310 -27.03880 -27.03173 -27.02492 -27.01656 -27.00295
 -26.99041 -26.97536 -26.95013 -26.92697 -26.90003 -26.85616 -26.81587 -26.76835
 -27.17937 -27.17899 -27.17862 -27.17804 -27.17741 -27.17656 -27.17511 -27.17376
 -27.17215 -27.16946 -27.16685 -27.16370 -27.15884 -27.15475 -27.15008 -27.14170
 -27.13310 -27.12244 -27.10563 -27.09051 -27.07281 -27.04445 -27.01762 -26.98504
 -27.26212 -27.26182 -27.26162 -27.26131 -27.26089 -27.26023 -27.25909 -27.25809
 -27.25700 -27.25522 -27.25348 -27.25132 -27.24781 -27.24466 -27.24098 -27.23484
 -27.22879 -27.22117 -27.20849 -27.19741 -27.18485 -27.16330 -27.14278 -27.11857
 -27.37917 -27.37906 -27.37879 -27.37834 -27.37802 -27.37777 -27.37740 -27.37697
 -27.37632 -27.37502 -27.37362 -27.37188 -27.36941 -27.36768 -27.36589 -27.36215
 -27.35817 -27.35336 -27.34554 -27.33831 -27.32973 -27.31583 -27.30281 -27.28716
 -27.52423 -27.52428 -27.52441 -27.52450 -27.52430 -27.52382 -27.52301 -27.52250
 -27.52216 -27.52176 -27.52131 -27.52062 -27.51935 -27.51815 -27.51680 -27.51492
 -27.51312 -27.51052 -27.50527 -27.50105 -27.49705 -27.48956 -27.48207 -27.47318
 -27.61744 -27.61752 -27.61759 -27.61758 -27.61740 -27.61706 -27.61655 -27.61626
 -27.61610 -27.61592 -27.61564 -27.61514 -27.61411 -27.61304 -27.61187 -27.61071
 -27.60954 -27.60768 -27.60496 -27.60267 -27.59988 -27.59512 -27.59040 -27.58434
 -27.71229 -27.71194 -27.71179 -27.71188 -27.71209 -27.71234 -27.71247 -27.71221
 -27.71162 -27.71084 -27.71065 -27.71091 -27.71133 -27.71117 -27.71033 -27.70842
 -27.70721 -27.70659 -27.70564 -27.70415 -27.70192 -27.69877 -27.69573 -27.69176
 -27.81421 -27.81360 -27.81345 -27.81362 -27.81374 -27.81370 -27.81359 -27.81363
 -27.81380 -27.81403 -27.81402 -27.81382 -27.81367 -27.81395 -27.81427 -27.81299
 -27.81231 -27.81263 -27.81110 -27.80926 -27.80825 -27.80774 -27.80608 -27.80292
 -27.88087 -27.88081 -27.88079 -27.88081 -27.88082 -27.88081 -27.88079 -27.88079
 -27.88082 -27.88086 -27.88086 -27.88082 -27.88080 -27.88085 -27.88091 -27.88068
 -27.88079 -27.88096 -27.87885 -27.87723 -27.87720 -27.87775 -27.87677 -27.87424
 -27.96547 -27.96547 -27.96547 -27.96547 -27.96547 -27.96546 -27.96545 -27.96545
 -27.96546 -27.96546 -27.96545 -27.96544 -27.96544 -27.96547 -27.96548 -27.96534
 -27.96558 -27.96574 -27.96311 -27.96130 -27.96143 -27.96150 -27.96167 -27.96189
 -28.04575 -28.04576 -28.04579 -28.04579 -28.04574 -28.04564 -28.04549 -28.04542
 -28.04539 -28.04541 -28.04543 -28.04544 -28.04543 -28.04543 -28.04542 -28.04544
 -28.04543 -28.04542 -28.04558 -28.04560 -28.04539 -28.04518 -28.04497 -28.04467
 -28.08283 -28.08283 -28.08282 -28.08282 -28.08283 -28.08284 -28.08286 -28.08287
 -28.08287 -28.08287 -28.08287 -28.08287 -28.08287 -28.08287 -28.08287 -28.08286
 -28.08287 -28.08287 -28.08282 -28.08283 -28.08285 -28.08259 -28.08242 -28.08247
 -28.10673 -28.10673 -28.10673 -28.10673 -28.10673 -28.10673 -28.10672 -28.10671
 -28.10671 -28.10671 -28.10671 -28.10671 -28.10671 -28.10671 -28.10671 -28.10671
 -28.10672 -28.10672 -28.10670 -28.10677 -28.10692 -28.10705 -28.10706 -28.10704
 -28.11417 -28.11417 -28.11417 -28.11417 -28.11417 -28.11418 -28.11418 -28.11418
 -28.11418 -28.11418 -28.11418 -28.11418 -28.11418 -28.11418 -28.11418 -28.11418
 -28.11419 -28.11419 -28.11411 -28.11425 -28.11460 -28.11470 -28.11463 -28.11464
 -28.10784 -28.10784 -28.10784 -28.10784 -28.10784 -28.10784 -28.10784 -28.10784
 -28.10784 -28.10784 -28.10784 -28.10784 -28.10784 -28.10784 -28.10784 -28.10784
 -28.10784 -28.10784 -28.10783 -28.10785 -28.10790 -28.10791 -28.10790 -28.10790
 -28.08448 -28.08448 -28.08448 -28.08448 -28.08448 -28.08448 -28.08448 -28.08448
 -28.08448 -28.08448 -28.08448 -28.08448 -28.08448 -28.08448 -28.08448 -28.08448
 -28.08448 -28.08448 -28.08448 -28.08448 -28.08450 -28.08450 -28.08450 -28.08450
 -28.03681 -28.03681 -28.03681 -28.03681 -28.03681 -28.03681 -28.03681 -28.03681
 -28.03681 -28.03681 -28.03681 -28.03681 -28.03681 -28.03681 -28.03681 -28.03681
 -28.03681 -28.03682 -28.03677 -28.03686 -28.03710 -28.03719 -28.03715 -28.03715
 -27.99655 -27.99655 -27.99655 -27.99655 -27.99655 -27.99655 -27.99655 -27.99655
 -27.99655 -27.99655 -27.99655 -27.99655 -27.99655 -27.99655 -27.99655 -27.99655
 -27.99655 -27.99655 -27.99655 -27.99654 -27.99651 -27.99650 -27.99651 -27.99651
 -27.94678 -27.94678 -27.94678 -27.94678 -27.94678 -27.94678 -27.94678 -27.94678
 -27.94678 -27.94678 -27.94678 -27.94678 -27.94678 -27.94678 -27.94678 -27.94678
 -27.94678 -27.94678 -27.94678 -27.94678 -27.94680 -27.94681 -27.94680 -27.94680
 -27.88983 -27.88983 -27.88983 -27.88983 -27.88983 -27.88983 -27.88983 -27.88983
 -27.88983 -27.88983 -27.88983 -27.88983 -27.88983 -27.88983 -27.88983 -27.88983
 -27.88983 -27.88983 -27.88983 -27.88982 -27.88981 -27.88980 -27.88980 -27.88980
C-------------------------------------------------------------------------------
C
C     RADIATED POWERS IN UNITS OF W CM**3 
C     ----------------------------------- 
C
C     INPUT DATA
C         FOR YEAR: 96 AND WITH PREFIX: pj 
C         FOR N  RECOMBINING ION CHARGE(S)  1 TO  7
C
C     CODE     : ADAS404
C     PRODUCER : Martin O'Mullane              
C     DATE     : 18/07/15
C
C-------------------------------------------------------------------------------
C
C  Re-run because of un-physical excitation rate in N2+ adf04 file.
C
C  PRODUCER : Martin O'Mullane              
C  DATE     : 18-07-2015
C
C-------------------------------------------------------------------------------
