    7   24   30    1    7     /NITROGEN           /GCR PROJECT      
--------------------------------------------------------------------------------
    3    4    2    2    1    2    1    1
--------------------------------------------------------------------------------
   7.69897   8.00000   8.30103   8.69897   9.00000   9.30103   9.69897  10.00000
  10.30103  10.69897  11.00000  11.30103  11.69897  12.00000  12.30103  12.69897
  13.00000  13.30103  13.69897  14.00000  14.30103  14.69897  15.00000  15.30103
  -0.69877  -0.52268  -0.30083  -0.15470   0.00020   0.17629   0.30123   0.47732
   0.69917   0.84530   1.00020   1.17629   1.30123   1.47732   1.69917   1.84530
   2.00020   2.17629   2.30123   2.47732   2.69917   2.84530   3.00020   3.17629
   3.30123   3.47732   3.69917   3.84530   4.00020   4.17629
---------------------/ IPRT= 1  / IGRD= 0  /--------/ Z1= 1   / DATE= 07/10/18
 -74.00000 -74.00000 -74.00000 -74.00000 -74.00000 -74.00000 -74.00000 -74.00000
 -74.00000 -74.00000 -74.00000 -74.00000 -74.00000 -74.00000 -74.00000 -74.00000
 -74.00000 -74.00000 -74.00000 -74.00000 -74.00000 -74.00000 -74.00000 -74.00000
 -74.00000 -74.00000 -74.00000 -74.00000 -74.00000 -74.00000 -74.00000 -74.00000
 -74.00000 -74.00000 -74.00000 -74.00000 -74.00000 -74.00000 -74.00000 -74.00000
 -74.00000 -74.00000 -74.00000 -74.00000 -74.00000 -74.00000 -74.00000 -74.00000
 -74.00000 -74.00000 -74.00000 -74.00000 -74.00000 -74.00000 -74.00000 -74.00000
 -74.00000 -74.00000 -74.00000 -74.00000 -74.00000 -74.00000 -74.00000 -74.00000
 -74.00000 -74.00000 -74.00000 -74.00000 -74.00000 -74.00000 -74.00000 -74.00000
 -74.00000 -74.00000 -74.00000 -74.00000 -74.00000 -74.00000 -74.00000 -74.00000
 -74.00000 -74.00000 -74.00000 -74.00000 -74.00000 -74.00000 -74.00000 -74.00000
 -74.00000 -74.00000 -74.00000 -74.00000 -74.00000 -74.00000 -74.00000 -74.00000
 -74.00000 -74.00000 -74.00000 -74.00000 -74.00000 -74.00000 -74.00000 -74.00000
 -74.00000 -74.00000 -74.00000 -74.00000 -74.00000 -74.00000 -74.00000 -74.00000
 -74.00000 -74.00000 -74.00000 -74.00000 -74.00000 -74.00000 -74.00000 -74.00000
 -74.00000 -74.00000 -74.00000 -74.00000 -74.00000 -74.00000 -74.00000 -74.00000
 -74.00000 -74.00000 -74.00000 -74.00000 -74.00000 -74.00000 -74.00000 -74.00000
 -74.00000 -74.00000 -74.00000 -74.00000 -74.00000 -74.00000 -74.00000 -74.00000
 -74.00000 -74.00000 -74.00000 -74.00000 -74.00000 -74.00000 -74.00000 -74.00000
 -74.00000 -74.00000 -74.00000 -74.00000 -74.00000 -74.00000 -74.00000 -74.00000
 -74.00000 -74.00000 -74.00000 -74.00000 -74.00000 -74.00000 -74.00000 -74.00000
 -74.00000 -74.00000 -74.00000 -74.00000 -74.00000 -74.00000 -74.00000 -74.00000
 -74.00000 -74.00000 -74.00000 -74.00000 -74.00000 -74.00000 -74.00000 -74.00000
 -74.00000 -74.00000 -74.00000 -74.00000 -74.00000 -74.00000 -74.00000 -74.00000
 -74.00000 -74.00000 -74.00000 -74.00000 -74.00000 -74.00000 -74.00000 -74.00000
 -74.00000 -74.00000 -74.00000 -74.00000 -74.00000 -74.00000 -74.00000 -74.00000
 -74.00000 -74.00000 -74.00000 -74.00000 -74.00000 -74.00000 -74.00000 -74.00000
 -74.00000 -74.00000 -74.00000 -74.00000 -74.00000 -74.00000 -74.00000 -74.00000
 -74.00000 -74.00000 -74.00000 -74.00000 -74.00000 -74.00000 -74.00000 -74.00000
 -74.00000 -74.00000 -74.00000 -74.00000 -74.00000 -74.00000 -74.00000 -74.00000
 -74.00000 -74.00000 -74.00000 -74.00000 -74.00000 -74.00000 -74.00000 -74.00000
 -74.00000 -74.00000 -74.00000 -74.00000 -74.00000 -74.00000 -74.00000 -74.00000
 -74.00000 -74.00000 -74.00000 -74.00000 -74.00000 -74.00000 -74.00000 -74.00000
 -74.00000 -74.00000 -74.00000 -74.00000 -74.00000 -74.00000 -74.00000 -74.00000
 -74.00000 -74.00000 -74.00000 -74.00000 -74.00000 -74.00000 -74.00000 -74.00000
 -74.00000 -74.00000 -74.00000 -74.00000 -74.00000 -74.00000 -74.00000 -74.00000
 -74.00000 -74.00000 -74.00000 -74.00000 -74.00000 -74.00000 -74.00000 -74.00000
 -74.00000 -74.00000 -74.00000 -74.00000 -74.00000 -74.00000 -74.00000 -74.00000
 -74.00000 -74.00000 -74.00000 -74.00000 -74.00000 -74.00000 -74.00000 -74.00000
 -74.00000 -74.00000 -74.00000 -74.00000 -74.00000 -74.00000 -74.00000 -74.00000
 -74.00000 -74.00000 -74.00000 -74.00000 -74.00000 -74.00000 -74.00000 -74.00000
 -74.00000 -74.00000 -74.00000 -74.00000 -74.00000 -74.00000 -74.00000 -74.00000
 -74.00000 -74.00000 -74.00000 -74.00000 -74.00000 -74.00000 -74.00000 -74.00000
 -74.00000 -74.00000 -74.00000 -74.00000 -74.00000 -74.00000 -74.00000 -74.00000
 -74.00000 -74.00000 -74.00000 -74.00000 -74.00000 -74.00000 -74.00000 -74.00000
 -74.00000 -74.00000 -74.00000 -74.00000 -74.00000 -74.00000 -74.00000 -74.00000
 -74.00000 -74.00000 -74.00000 -74.00000 -74.00000 -74.00000 -74.00000 -74.00000
 -74.00000 -74.00000 -74.00000 -74.00000 -74.00000 -74.00000 -74.00000 -74.00000
 -74.00000 -74.00000 -74.00000 -74.00000 -74.00000 -74.00000 -74.00000 -74.00000
 -74.00000 -74.00000 -74.00000 -74.00000 -74.00000 -74.00000 -74.00000 -74.00000
 -74.00000 -74.00000 -74.00000 -74.00000 -74.00000 -74.00000 -74.00000 -74.00000
 -74.00000 -74.00000 -74.00000 -74.00000 -74.00000 -74.00000 -74.00000 -74.00000
 -74.00000 -74.00000 -74.00000 -74.00000 -74.00000 -74.00000 -74.00000 -74.00000
 -74.00000 -74.00000 -74.00000 -74.00000 -74.00000 -74.00000 -74.00000 -74.00000
 -74.00000 -74.00000 -74.00000 -74.00000 -74.00000 -74.00000 -74.00000 -74.00000
 -74.00000 -74.00000 -74.00000 -74.00000 -74.00000 -74.00000 -74.00000 -74.00000
 -74.00000 -74.00000 -74.00000 -74.00000 -74.00000 -74.00000 -74.00000 -74.00000
 -74.00000 -74.00000 -74.00000 -74.00000 -74.00000 -74.00000 -74.00000 -74.00000
 -74.00000 -74.00000 -74.00000 -74.00000 -74.00000 -74.00000 -74.00000 -74.00000
 -74.00000 -74.00000 -74.00000 -74.00000 -74.00000 -74.00000 -74.00000 -74.00000
 -74.00000 -74.00000 -74.00000 -74.00000 -74.00000 -74.00000 -74.00000 -74.00000
 -74.00000 -74.00000 -74.00000 -74.00000 -74.00000 -74.00000 -74.00000 -74.00000
 -74.00000 -74.00000 -74.00000 -74.00000 -74.00000 -74.00000 -74.00000 -74.00000
 -74.00000 -74.00000 -74.00000 -74.00000 -74.00000 -74.00000 -74.00000 -74.00000
 -74.00000 -74.00000 -74.00000 -74.00000 -74.00000 -74.00000 -74.00000 -74.00000
 -74.00000 -74.00000 -74.00000 -74.00000 -74.00000 -74.00000 -74.00000 -74.00000
 -74.00000 -74.00000 -74.00000 -74.00000 -74.00000 -74.00000 -74.00000 -74.00000
 -74.00000 -74.00000 -74.00000 -74.00000 -74.00000 -74.00000 -74.00000 -74.00000
 -74.00000 -74.00000 -74.00000 -74.00000 -74.00000 -74.00000 -74.00000 -74.00000
 -74.00000 -74.00000 -74.00000 -74.00000 -74.00000 -74.00000 -74.00000 -74.00000
 -74.00000 -74.00000 -74.00000 -74.00000 -74.00000 -74.00000 -74.00000 -74.00000
 -74.00000 -74.00000 -74.00000 -74.00000 -74.00000 -74.00000 -74.00000 -74.00000
 -74.00000 -74.00000 -74.00000 -74.00000 -74.00000 -74.00000 -74.00000 -74.00000
 -74.00000 -74.00000 -74.00000 -74.00000 -74.00000 -74.00000 -74.00000 -74.00000
 -74.00000 -74.00000 -74.00000 -74.00000 -74.00000 -74.00000 -74.00000 -74.00000
 -74.00000 -74.00000 -74.00000 -74.00000 -74.00000 -74.00000 -74.00000 -74.00000
 -74.00000 -74.00000 -74.00000 -74.00000 -74.00000 -74.00000 -74.00000 -74.00000
 -74.00000 -74.00000 -74.00000 -74.00000 -74.00000 -74.00000 -74.00000 -74.00000
 -74.00000 -74.00000 -74.00000 -74.00000 -74.00000 -74.00000 -74.00000 -74.00000
 -74.00000 -74.00000 -74.00000 -74.00000 -74.00000 -74.00000 -74.00000 -74.00000
 -74.00000 -74.00000 -74.00000 -74.00000 -74.00000 -74.00000 -74.00000 -74.00000
 -74.00000 -74.00000 -74.00000 -74.00000 -74.00000 -74.00000 -74.00000 -74.00000
 -74.00000 -74.00000 -74.00000 -74.00000 -74.00000 -74.00000 -74.00000 -74.00000
 -74.00000 -74.00000 -74.00000 -74.00000 -74.00000 -74.00000 -74.00000 -74.00000
 -74.00000 -74.00000 -74.00000 -74.00000 -74.00000 -74.00000 -74.00000 -74.00000
 -74.00000 -74.00000 -74.00000 -74.00000 -74.00000 -74.00000 -74.00000 -74.00000
 -74.00000 -74.00000 -74.00000 -74.00000 -74.00000 -74.00000 -74.00000 -74.00000
 -74.00000 -74.00000 -74.00000 -74.00000 -74.00000 -74.00000 -74.00000 -74.00000
 -74.00000 -74.00000 -74.00000 -74.00000 -74.00000 -74.00000 -74.00000 -74.00000
 -74.00000 -74.00000 -74.00000 -74.00000 -74.00000 -74.00000 -74.00000 -74.00000
---------------------/ IPRT= 2  / IGRD= 0  /--------/ Z1= 1   / DATE= 07/10/18
 -74.00000 -74.00000 -74.00000 -74.00000 -74.00000 -74.00000 -74.00000 -74.00000
 -74.00000 -74.00000 -74.00000 -74.00000 -74.00000 -74.00000 -74.00000 -74.00000
 -74.00000 -74.00000 -74.00000 -74.00000 -74.00000 -74.00000 -74.00000 -74.00000
 -74.00000 -74.00000 -74.00000 -74.00000 -74.00000 -74.00000 -74.00000 -74.00000
 -74.00000 -74.00000 -74.00000 -74.00000 -74.00000 -74.00000 -74.00000 -74.00000
 -74.00000 -74.00000 -74.00000 -74.00000 -74.00000 -74.00000 -74.00000 -74.00000
 -74.00000 -74.00000 -74.00000 -74.00000 -74.00000 -74.00000 -74.00000 -74.00000
 -74.00000 -74.00000 -74.00000 -74.00000 -74.00000 -74.00000 -74.00000 -74.00000
 -74.00000 -74.00000 -74.00000 -74.00000 -74.00000 -74.00000 -74.00000 -74.00000
 -74.00000 -74.00000 -74.00000 -74.00000 -74.00000 -74.00000 -74.00000 -74.00000
 -74.00000 -74.00000 -74.00000 -74.00000 -74.00000 -74.00000 -74.00000 -74.00000
 -74.00000 -74.00000 -74.00000 -74.00000 -74.00000 -74.00000 -74.00000 -74.00000
 -74.00000 -74.00000 -74.00000 -74.00000 -74.00000 -74.00000 -74.00000 -74.00000
 -74.00000 -74.00000 -74.00000 -74.00000 -74.00000 -74.00000 -74.00000 -74.00000
 -74.00000 -74.00000 -74.00000 -74.00000 -74.00000 -74.00000 -74.00000 -74.00000
 -74.00000 -74.00000 -74.00000 -74.00000 -74.00000 -74.00000 -74.00000 -74.00000
 -74.00000 -74.00000 -74.00000 -74.00000 -74.00000 -74.00000 -74.00000 -74.00000
 -74.00000 -74.00000 -74.00000 -74.00000 -74.00000 -74.00000 -74.00000 -74.00000
 -74.00000 -74.00000 -74.00000 -74.00000 -74.00000 -74.00000 -74.00000 -74.00000
 -74.00000 -74.00000 -74.00000 -74.00000 -74.00000 -74.00000 -74.00000 -74.00000
 -74.00000 -74.00000 -74.00000 -74.00000 -74.00000 -74.00000 -74.00000 -74.00000
 -74.00000 -74.00000 -74.00000 -74.00000 -74.00000 -74.00000 -74.00000 -74.00000
 -74.00000 -74.00000 -74.00000 -74.00000 -74.00000 -74.00000 -74.00000 -74.00000
 -74.00000 -74.00000 -74.00000 -74.00000 -74.00000 -74.00000 -74.00000 -74.00000
 -74.00000 -74.00000 -74.00000 -74.00000 -74.00000 -74.00000 -74.00000 -74.00000
 -74.00000 -74.00000 -74.00000 -74.00000 -74.00000 -74.00000 -74.00000 -74.00000
 -74.00000 -74.00000 -74.00000 -74.00000 -74.00000 -74.00000 -74.00000 -74.00000
 -74.00000 -74.00000 -74.00000 -74.00000 -74.00000 -74.00000 -74.00000 -74.00000
 -74.00000 -74.00000 -74.00000 -74.00000 -74.00000 -74.00000 -74.00000 -74.00000
 -74.00000 -74.00000 -74.00000 -74.00000 -74.00000 -74.00000 -74.00000 -74.00000
 -74.00000 -74.00000 -74.00000 -74.00000 -74.00000 -74.00000 -74.00000 -74.00000
 -74.00000 -74.00000 -74.00000 -74.00000 -74.00000 -74.00000 -74.00000 -74.00000
 -74.00000 -74.00000 -74.00000 -74.00000 -74.00000 -74.00000 -74.00000 -74.00000
 -74.00000 -74.00000 -74.00000 -74.00000 -74.00000 -74.00000 -74.00000 -74.00000
 -74.00000 -74.00000 -74.00000 -74.00000 -74.00000 -74.00000 -74.00000 -74.00000
 -74.00000 -74.00000 -74.00000 -74.00000 -74.00000 -74.00000 -74.00000 -74.00000
 -74.00000 -74.00000 -74.00000 -74.00000 -74.00000 -74.00000 -74.00000 -74.00000
 -74.00000 -74.00000 -74.00000 -74.00000 -74.00000 -74.00000 -74.00000 -74.00000
 -74.00000 -74.00000 -74.00000 -74.00000 -74.00000 -74.00000 -74.00000 -74.00000
 -74.00000 -74.00000 -74.00000 -74.00000 -74.00000 -74.00000 -74.00000 -74.00000
 -74.00000 -74.00000 -74.00000 -74.00000 -74.00000 -74.00000 -74.00000 -74.00000
 -74.00000 -74.00000 -74.00000 -74.00000 -74.00000 -74.00000 -74.00000 -74.00000
 -74.00000 -74.00000 -74.00000 -74.00000 -74.00000 -74.00000 -74.00000 -74.00000
 -74.00000 -74.00000 -74.00000 -74.00000 -74.00000 -74.00000 -74.00000 -74.00000
 -74.00000 -74.00000 -74.00000 -74.00000 -74.00000 -74.00000 -74.00000 -74.00000
 -74.00000 -74.00000 -74.00000 -74.00000 -74.00000 -74.00000 -74.00000 -74.00000
 -74.00000 -74.00000 -74.00000 -74.00000 -74.00000 -74.00000 -74.00000 -74.00000
 -74.00000 -74.00000 -74.00000 -74.00000 -74.00000 -74.00000 -74.00000 -74.00000
 -74.00000 -74.00000 -74.00000 -74.00000 -74.00000 -74.00000 -74.00000 -74.00000
 -74.00000 -74.00000 -74.00000 -74.00000 -74.00000 -74.00000 -74.00000 -74.00000
 -74.00000 -74.00000 -74.00000 -74.00000 -74.00000 -74.00000 -74.00000 -74.00000
 -74.00000 -74.00000 -74.00000 -74.00000 -74.00000 -74.00000 -74.00000 -74.00000
 -74.00000 -74.00000 -74.00000 -74.00000 -74.00000 -74.00000 -74.00000 -74.00000
 -74.00000 -74.00000 -74.00000 -74.00000 -74.00000 -74.00000 -74.00000 -74.00000
 -74.00000 -74.00000 -74.00000 -74.00000 -74.00000 -74.00000 -74.00000 -74.00000
 -74.00000 -74.00000 -74.00000 -74.00000 -74.00000 -74.00000 -74.00000 -74.00000
 -74.00000 -74.00000 -74.00000 -74.00000 -74.00000 -74.00000 -74.00000 -74.00000
 -74.00000 -74.00000 -74.00000 -74.00000 -74.00000 -74.00000 -74.00000 -74.00000
 -74.00000 -74.00000 -74.00000 -74.00000 -74.00000 -74.00000 -74.00000 -74.00000
 -74.00000 -74.00000 -74.00000 -74.00000 -74.00000 -74.00000 -74.00000 -74.00000
 -74.00000 -74.00000 -74.00000 -74.00000 -74.00000 -74.00000 -74.00000 -74.00000
 -74.00000 -74.00000 -74.00000 -74.00000 -74.00000 -74.00000 -74.00000 -74.00000
 -74.00000 -74.00000 -74.00000 -74.00000 -74.00000 -74.00000 -74.00000 -74.00000
 -74.00000 -74.00000 -74.00000 -74.00000 -74.00000 -74.00000 -74.00000 -74.00000
 -74.00000 -74.00000 -74.00000 -74.00000 -74.00000 -74.00000 -74.00000 -74.00000
 -74.00000 -74.00000 -74.00000 -74.00000 -74.00000 -74.00000 -74.00000 -74.00000
 -74.00000 -74.00000 -74.00000 -74.00000 -74.00000 -74.00000 -74.00000 -74.00000
 -74.00000 -74.00000 -74.00000 -74.00000 -74.00000 -74.00000 -74.00000 -74.00000
 -74.00000 -74.00000 -74.00000 -74.00000 -74.00000 -74.00000 -74.00000 -74.00000
 -74.00000 -74.00000 -74.00000 -74.00000 -74.00000 -74.00000 -74.00000 -74.00000
 -74.00000 -74.00000 -74.00000 -74.00000 -74.00000 -74.00000 -74.00000 -74.00000
 -74.00000 -74.00000 -74.00000 -74.00000 -74.00000 -74.00000 -74.00000 -74.00000
 -74.00000 -74.00000 -74.00000 -74.00000 -74.00000 -74.00000 -74.00000 -74.00000
 -74.00000 -74.00000 -74.00000 -74.00000 -74.00000 -74.00000 -74.00000 -74.00000
 -74.00000 -74.00000 -74.00000 -74.00000 -74.00000 -74.00000 -74.00000 -74.00000
 -74.00000 -74.00000 -74.00000 -74.00000 -74.00000 -74.00000 -74.00000 -74.00000
 -74.00000 -74.00000 -74.00000 -74.00000 -74.00000 -74.00000 -74.00000 -74.00000
 -74.00000 -74.00000 -74.00000 -74.00000 -74.00000 -74.00000 -74.00000 -74.00000
 -74.00000 -74.00000 -74.00000 -74.00000 -74.00000 -74.00000 -74.00000 -74.00000
 -74.00000 -74.00000 -74.00000 -74.00000 -74.00000 -74.00000 -74.00000 -74.00000
 -74.00000 -74.00000 -74.00000 -74.00000 -74.00000 -74.00000 -74.00000 -74.00000
 -74.00000 -74.00000 -74.00000 -74.00000 -74.00000 -74.00000 -74.00000 -74.00000
 -74.00000 -74.00000 -74.00000 -74.00000 -74.00000 -74.00000 -74.00000 -74.00000
 -74.00000 -74.00000 -74.00000 -74.00000 -74.00000 -74.00000 -74.00000 -74.00000
 -74.00000 -74.00000 -74.00000 -74.00000 -74.00000 -74.00000 -74.00000 -74.00000
 -74.00000 -74.00000 -74.00000 -74.00000 -74.00000 -74.00000 -74.00000 -74.00000
 -74.00000 -74.00000 -74.00000 -74.00000 -74.00000 -74.00000 -74.00000 -74.00000
 -74.00000 -74.00000 -74.00000 -74.00000 -74.00000 -74.00000 -74.00000 -74.00000
 -74.00000 -74.00000 -74.00000 -74.00000 -74.00000 -74.00000 -74.00000 -74.00000
 -74.00000 -74.00000 -74.00000 -74.00000 -74.00000 -74.00000 -74.00000 -74.00000
---------------------/ IPRT= 3  / IGRD= 0  /--------/ Z1= 1   / DATE= 07/10/18
 -74.00000 -74.00000 -74.00000 -74.00000 -74.00000 -74.00000 -74.00000 -74.00000
 -74.00000 -74.00000 -74.00000 -74.00000 -74.00000 -74.00000 -74.00000 -74.00000
 -74.00000 -74.00000 -74.00000 -74.00000 -74.00000 -74.00000 -74.00000 -74.00000
 -74.00000 -74.00000 -74.00000 -74.00000 -74.00000 -74.00000 -74.00000 -74.00000
 -74.00000 -74.00000 -74.00000 -74.00000 -74.00000 -74.00000 -74.00000 -74.00000
 -74.00000 -74.00000 -74.00000 -74.00000 -74.00000 -74.00000 -74.00000 -74.00000
 -74.00000 -74.00000 -74.00000 -74.00000 -74.00000 -74.00000 -74.00000 -74.00000
 -74.00000 -74.00000 -74.00000 -74.00000 -74.00000 -74.00000 -74.00000 -74.00000
 -74.00000 -74.00000 -74.00000 -74.00000 -74.00000 -74.00000 -74.00000 -74.00000
 -74.00000 -74.00000 -74.00000 -74.00000 -74.00000 -74.00000 -74.00000 -74.00000
 -74.00000 -74.00000 -74.00000 -74.00000 -74.00000 -74.00000 -74.00000 -74.00000
 -74.00000 -74.00000 -74.00000 -74.00000 -74.00000 -74.00000 -74.00000 -74.00000
 -74.00000 -74.00000 -74.00000 -74.00000 -74.00000 -74.00000 -74.00000 -74.00000
 -74.00000 -74.00000 -74.00000 -74.00000 -74.00000 -74.00000 -74.00000 -74.00000
 -74.00000 -74.00000 -74.00000 -74.00000 -74.00000 -74.00000 -74.00000 -74.00000
 -74.00000 -74.00000 -74.00000 -74.00000 -74.00000 -74.00000 -74.00000 -74.00000
 -74.00000 -74.00000 -74.00000 -74.00000 -74.00000 -74.00000 -74.00000 -74.00000
 -74.00000 -74.00000 -74.00000 -74.00000 -74.00000 -74.00000 -74.00000 -74.00000
 -74.00000 -74.00000 -74.00000 -74.00000 -74.00000 -74.00000 -74.00000 -74.00000
 -74.00000 -74.00000 -74.00000 -74.00000 -74.00000 -74.00000 -74.00000 -74.00000
 -74.00000 -74.00000 -74.00000 -74.00000 -74.00000 -74.00000 -74.00000 -74.00000
 -74.00000 -74.00000 -74.00000 -74.00000 -74.00000 -74.00000 -74.00000 -74.00000
 -74.00000 -74.00000 -74.00000 -74.00000 -74.00000 -74.00000 -74.00000 -74.00000
 -74.00000 -74.00000 -74.00000 -74.00000 -74.00000 -74.00000 -74.00000 -74.00000
 -74.00000 -74.00000 -74.00000 -74.00000 -74.00000 -74.00000 -74.00000 -74.00000
 -74.00000 -74.00000 -74.00000 -74.00000 -74.00000 -74.00000 -74.00000 -74.00000
 -74.00000 -74.00000 -74.00000 -74.00000 -74.00000 -74.00000 -74.00000 -74.00000
 -74.00000 -74.00000 -74.00000 -74.00000 -74.00000 -74.00000 -74.00000 -74.00000
 -74.00000 -74.00000 -74.00000 -74.00000 -74.00000 -74.00000 -74.00000 -74.00000
 -74.00000 -74.00000 -74.00000 -74.00000 -74.00000 -74.00000 -74.00000 -74.00000
 -74.00000 -74.00000 -74.00000 -74.00000 -74.00000 -74.00000 -74.00000 -74.00000
 -74.00000 -74.00000 -74.00000 -74.00000 -74.00000 -74.00000 -74.00000 -74.00000
 -74.00000 -74.00000 -74.00000 -74.00000 -74.00000 -74.00000 -74.00000 -74.00000
 -74.00000 -74.00000 -74.00000 -74.00000 -74.00000 -74.00000 -74.00000 -74.00000
 -74.00000 -74.00000 -74.00000 -74.00000 -74.00000 -74.00000 -74.00000 -74.00000
 -74.00000 -74.00000 -74.00000 -74.00000 -74.00000 -74.00000 -74.00000 -74.00000
 -74.00000 -74.00000 -74.00000 -74.00000 -74.00000 -74.00000 -74.00000 -74.00000
 -74.00000 -74.00000 -74.00000 -74.00000 -74.00000 -74.00000 -74.00000 -74.00000
 -74.00000 -74.00000 -74.00000 -74.00000 -74.00000 -74.00000 -74.00000 -74.00000
 -74.00000 -74.00000 -74.00000 -74.00000 -74.00000 -74.00000 -74.00000 -74.00000
 -74.00000 -74.00000 -74.00000 -74.00000 -74.00000 -74.00000 -74.00000 -74.00000
 -74.00000 -74.00000 -74.00000 -74.00000 -74.00000 -74.00000 -74.00000 -74.00000
 -74.00000 -74.00000 -74.00000 -74.00000 -74.00000 -74.00000 -74.00000 -74.00000
 -74.00000 -74.00000 -74.00000 -74.00000 -74.00000 -74.00000 -74.00000 -74.00000
 -74.00000 -74.00000 -74.00000 -74.00000 -74.00000 -74.00000 -74.00000 -74.00000
 -74.00000 -74.00000 -74.00000 -74.00000 -74.00000 -74.00000 -74.00000 -74.00000
 -74.00000 -74.00000 -74.00000 -74.00000 -74.00000 -74.00000 -74.00000 -74.00000
 -74.00000 -74.00000 -74.00000 -74.00000 -74.00000 -74.00000 -74.00000 -74.00000
 -74.00000 -74.00000 -74.00000 -74.00000 -74.00000 -74.00000 -74.00000 -74.00000
 -74.00000 -74.00000 -74.00000 -74.00000 -74.00000 -74.00000 -74.00000 -74.00000
 -74.00000 -74.00000 -74.00000 -74.00000 -74.00000 -74.00000 -74.00000 -74.00000
 -74.00000 -74.00000 -74.00000 -74.00000 -74.00000 -74.00000 -74.00000 -74.00000
 -74.00000 -74.00000 -74.00000 -74.00000 -74.00000 -74.00000 -74.00000 -74.00000
 -74.00000 -74.00000 -74.00000 -74.00000 -74.00000 -74.00000 -74.00000 -74.00000
 -74.00000 -74.00000 -74.00000 -74.00000 -74.00000 -74.00000 -74.00000 -74.00000
 -74.00000 -74.00000 -74.00000 -74.00000 -74.00000 -74.00000 -74.00000 -74.00000
 -74.00000 -74.00000 -74.00000 -74.00000 -74.00000 -74.00000 -74.00000 -74.00000
 -74.00000 -74.00000 -74.00000 -74.00000 -74.00000 -74.00000 -74.00000 -74.00000
 -74.00000 -74.00000 -74.00000 -74.00000 -74.00000 -74.00000 -74.00000 -74.00000
 -74.00000 -74.00000 -74.00000 -74.00000 -74.00000 -74.00000 -74.00000 -74.00000
 -74.00000 -74.00000 -74.00000 -74.00000 -74.00000 -74.00000 -74.00000 -74.00000
 -74.00000 -74.00000 -74.00000 -74.00000 -74.00000 -74.00000 -74.00000 -74.00000
 -74.00000 -74.00000 -74.00000 -74.00000 -74.00000 -74.00000 -74.00000 -74.00000
 -74.00000 -74.00000 -74.00000 -74.00000 -74.00000 -74.00000 -74.00000 -74.00000
 -74.00000 -74.00000 -74.00000 -74.00000 -74.00000 -74.00000 -74.00000 -74.00000
 -74.00000 -74.00000 -74.00000 -74.00000 -74.00000 -74.00000 -74.00000 -74.00000
 -74.00000 -74.00000 -74.00000 -74.00000 -74.00000 -74.00000 -74.00000 -74.00000
 -74.00000 -74.00000 -74.00000 -74.00000 -74.00000 -74.00000 -74.00000 -74.00000
 -74.00000 -74.00000 -74.00000 -74.00000 -74.00000 -74.00000 -74.00000 -74.00000
 -74.00000 -74.00000 -74.00000 -74.00000 -74.00000 -74.00000 -74.00000 -74.00000
 -74.00000 -74.00000 -74.00000 -74.00000 -74.00000 -74.00000 -74.00000 -74.00000
 -74.00000 -74.00000 -74.00000 -74.00000 -74.00000 -74.00000 -74.00000 -74.00000
 -74.00000 -74.00000 -74.00000 -74.00000 -74.00000 -74.00000 -74.00000 -74.00000
 -74.00000 -74.00000 -74.00000 -74.00000 -74.00000 -74.00000 -74.00000 -74.00000
 -74.00000 -74.00000 -74.00000 -74.00000 -74.00000 -74.00000 -74.00000 -74.00000
 -74.00000 -74.00000 -74.00000 -74.00000 -74.00000 -74.00000 -74.00000 -74.00000
 -74.00000 -74.00000 -74.00000 -74.00000 -74.00000 -74.00000 -74.00000 -74.00000
 -74.00000 -74.00000 -74.00000 -74.00000 -74.00000 -74.00000 -74.00000 -74.00000
 -74.00000 -74.00000 -74.00000 -74.00000 -74.00000 -74.00000 -74.00000 -74.00000
 -74.00000 -74.00000 -74.00000 -74.00000 -74.00000 -74.00000 -74.00000 -74.00000
 -74.00000 -74.00000 -74.00000 -74.00000 -74.00000 -74.00000 -74.00000 -74.00000
 -74.00000 -74.00000 -74.00000 -74.00000 -74.00000 -74.00000 -74.00000 -74.00000
 -74.00000 -74.00000 -74.00000 -74.00000 -74.00000 -74.00000 -74.00000 -74.00000
 -74.00000 -74.00000 -74.00000 -74.00000 -74.00000 -74.00000 -74.00000 -74.00000
 -74.00000 -74.00000 -74.00000 -74.00000 -74.00000 -74.00000 -74.00000 -74.00000
 -74.00000 -74.00000 -74.00000 -74.00000 -74.00000 -74.00000 -74.00000 -74.00000
 -74.00000 -74.00000 -74.00000 -74.00000 -74.00000 -74.00000 -74.00000 -74.00000
 -74.00000 -74.00000 -74.00000 -74.00000 -74.00000 -74.00000 -74.00000 -74.00000
 -74.00000 -74.00000 -74.00000 -74.00000 -74.00000 -74.00000 -74.00000 -74.00000
 -74.00000 -74.00000 -74.00000 -74.00000 -74.00000 -74.00000 -74.00000 -74.00000
---------------------/ IPRT= 4  / IGRD= 0  /--------/ Z1= 1   / DATE= 07/10/18
 -74.00000 -74.00000 -74.00000 -74.00000 -74.00000 -74.00000 -74.00000 -74.00000
 -74.00000 -74.00000 -74.00000 -74.00000 -74.00000 -74.00000 -74.00000 -74.00000
 -74.00000 -74.00000 -74.00000 -74.00000 -74.00000 -74.00000 -74.00000 -74.00000
 -74.00000 -74.00000 -74.00000 -74.00000 -74.00000 -74.00000 -74.00000 -74.00000
 -74.00000 -74.00000 -74.00000 -74.00000 -74.00000 -74.00000 -74.00000 -74.00000
 -74.00000 -74.00000 -74.00000 -74.00000 -74.00000 -74.00000 -74.00000 -74.00000
 -74.00000 -74.00000 -74.00000 -74.00000 -74.00000 -74.00000 -74.00000 -74.00000
 -74.00000 -74.00000 -74.00000 -74.00000 -74.00000 -74.00000 -74.00000 -74.00000
 -74.00000 -74.00000 -74.00000 -74.00000 -74.00000 -74.00000 -74.00000 -74.00000
 -74.00000 -74.00000 -74.00000 -74.00000 -74.00000 -74.00000 -74.00000 -74.00000
 -74.00000 -74.00000 -74.00000 -74.00000 -74.00000 -74.00000 -74.00000 -74.00000
 -74.00000 -74.00000 -74.00000 -74.00000 -74.00000 -74.00000 -74.00000 -74.00000
 -74.00000 -74.00000 -74.00000 -74.00000 -74.00000 -74.00000 -74.00000 -74.00000
 -74.00000 -74.00000 -74.00000 -74.00000 -74.00000 -74.00000 -74.00000 -74.00000
 -74.00000 -74.00000 -74.00000 -74.00000 -74.00000 -74.00000 -74.00000 -74.00000
 -74.00000 -74.00000 -74.00000 -74.00000 -74.00000 -74.00000 -74.00000 -74.00000
 -74.00000 -74.00000 -74.00000 -74.00000 -74.00000 -74.00000 -74.00000 -74.00000
 -74.00000 -74.00000 -74.00000 -74.00000 -74.00000 -74.00000 -74.00000 -74.00000
 -74.00000 -74.00000 -74.00000 -74.00000 -74.00000 -74.00000 -74.00000 -74.00000
 -74.00000 -74.00000 -74.00000 -74.00000 -74.00000 -74.00000 -74.00000 -74.00000
 -74.00000 -74.00000 -74.00000 -74.00000 -74.00000 -74.00000 -74.00000 -74.00000
 -74.00000 -74.00000 -74.00000 -74.00000 -74.00000 -74.00000 -74.00000 -74.00000
 -74.00000 -74.00000 -74.00000 -74.00000 -74.00000 -74.00000 -74.00000 -74.00000
 -74.00000 -74.00000 -74.00000 -74.00000 -74.00000 -74.00000 -74.00000 -74.00000
 -74.00000 -74.00000 -74.00000 -74.00000 -74.00000 -74.00000 -74.00000 -74.00000
 -74.00000 -74.00000 -74.00000 -74.00000 -74.00000 -74.00000 -74.00000 -74.00000
 -74.00000 -74.00000 -74.00000 -74.00000 -74.00000 -74.00000 -74.00000 -74.00000
 -74.00000 -74.00000 -74.00000 -74.00000 -74.00000 -74.00000 -74.00000 -74.00000
 -74.00000 -74.00000 -74.00000 -74.00000 -74.00000 -74.00000 -74.00000 -74.00000
 -74.00000 -74.00000 -74.00000 -74.00000 -74.00000 -74.00000 -74.00000 -74.00000
 -74.00000 -74.00000 -74.00000 -74.00000 -74.00000 -74.00000 -74.00000 -74.00000
 -74.00000 -74.00000 -74.00000 -74.00000 -74.00000 -74.00000 -74.00000 -74.00000
 -74.00000 -74.00000 -74.00000 -74.00000 -74.00000 -74.00000 -74.00000 -74.00000
 -74.00000 -74.00000 -74.00000 -74.00000 -74.00000 -74.00000 -74.00000 -74.00000
 -74.00000 -74.00000 -74.00000 -74.00000 -74.00000 -74.00000 -74.00000 -74.00000
 -74.00000 -74.00000 -74.00000 -74.00000 -74.00000 -74.00000 -74.00000 -74.00000
 -74.00000 -74.00000 -74.00000 -74.00000 -74.00000 -74.00000 -74.00000 -74.00000
 -74.00000 -74.00000 -74.00000 -74.00000 -74.00000 -74.00000 -74.00000 -74.00000
 -74.00000 -74.00000 -74.00000 -74.00000 -74.00000 -74.00000 -74.00000 -74.00000
 -74.00000 -74.00000 -74.00000 -74.00000 -74.00000 -74.00000 -74.00000 -74.00000
 -74.00000 -74.00000 -74.00000 -74.00000 -74.00000 -74.00000 -74.00000 -74.00000
 -74.00000 -74.00000 -74.00000 -74.00000 -74.00000 -74.00000 -74.00000 -74.00000
 -74.00000 -74.00000 -74.00000 -74.00000 -74.00000 -74.00000 -74.00000 -74.00000
 -74.00000 -74.00000 -74.00000 -74.00000 -74.00000 -74.00000 -74.00000 -74.00000
 -74.00000 -74.00000 -74.00000 -74.00000 -74.00000 -74.00000 -74.00000 -74.00000
 -74.00000 -74.00000 -74.00000 -74.00000 -74.00000 -74.00000 -74.00000 -74.00000
 -74.00000 -74.00000 -74.00000 -74.00000 -74.00000 -74.00000 -74.00000 -74.00000
 -74.00000 -74.00000 -74.00000 -74.00000 -74.00000 -74.00000 -74.00000 -74.00000
 -74.00000 -74.00000 -74.00000 -74.00000 -74.00000 -74.00000 -74.00000 -74.00000
 -74.00000 -74.00000 -74.00000 -74.00000 -74.00000 -74.00000 -74.00000 -74.00000
 -74.00000 -74.00000 -74.00000 -74.00000 -74.00000 -74.00000 -74.00000 -74.00000
 -74.00000 -74.00000 -74.00000 -74.00000 -74.00000 -74.00000 -74.00000 -74.00000
 -74.00000 -74.00000 -74.00000 -74.00000 -74.00000 -74.00000 -74.00000 -74.00000
 -74.00000 -74.00000 -74.00000 -74.00000 -74.00000 -74.00000 -74.00000 -74.00000
 -74.00000 -74.00000 -74.00000 -74.00000 -74.00000 -74.00000 -74.00000 -74.00000
 -74.00000 -74.00000 -74.00000 -74.00000 -74.00000 -74.00000 -74.00000 -74.00000
 -74.00000 -74.00000 -74.00000 -74.00000 -74.00000 -74.00000 -74.00000 -74.00000
 -74.00000 -74.00000 -74.00000 -74.00000 -74.00000 -74.00000 -74.00000 -74.00000
 -74.00000 -74.00000 -74.00000 -74.00000 -74.00000 -74.00000 -74.00000 -74.00000
 -74.00000 -74.00000 -74.00000 -74.00000 -74.00000 -74.00000 -74.00000 -74.00000
 -74.00000 -74.00000 -74.00000 -74.00000 -74.00000 -74.00000 -74.00000 -74.00000
 -74.00000 -74.00000 -74.00000 -74.00000 -74.00000 -74.00000 -74.00000 -74.00000
 -74.00000 -74.00000 -74.00000 -74.00000 -74.00000 -74.00000 -74.00000 -74.00000
 -74.00000 -74.00000 -74.00000 -74.00000 -74.00000 -74.00000 -74.00000 -74.00000
 -74.00000 -74.00000 -74.00000 -74.00000 -74.00000 -74.00000 -74.00000 -74.00000
 -74.00000 -74.00000 -74.00000 -74.00000 -74.00000 -74.00000 -74.00000 -74.00000
 -74.00000 -74.00000 -74.00000 -74.00000 -74.00000 -74.00000 -74.00000 -74.00000
 -74.00000 -74.00000 -74.00000 -74.00000 -74.00000 -74.00000 -74.00000 -74.00000
 -74.00000 -74.00000 -74.00000 -74.00000 -74.00000 -74.00000 -74.00000 -74.00000
 -74.00000 -74.00000 -74.00000 -74.00000 -74.00000 -74.00000 -74.00000 -74.00000
 -74.00000 -74.00000 -74.00000 -74.00000 -74.00000 -74.00000 -74.00000 -74.00000
 -74.00000 -74.00000 -74.00000 -74.00000 -74.00000 -74.00000 -74.00000 -74.00000
 -74.00000 -74.00000 -74.00000 -74.00000 -74.00000 -74.00000 -74.00000 -74.00000
 -74.00000 -74.00000 -74.00000 -74.00000 -74.00000 -74.00000 -74.00000 -74.00000
 -74.00000 -74.00000 -74.00000 -74.00000 -74.00000 -74.00000 -74.00000 -74.00000
 -74.00000 -74.00000 -74.00000 -74.00000 -74.00000 -74.00000 -74.00000 -74.00000
 -74.00000 -74.00000 -74.00000 -74.00000 -74.00000 -74.00000 -74.00000 -74.00000
 -74.00000 -74.00000 -74.00000 -74.00000 -74.00000 -74.00000 -74.00000 -74.00000
 -74.00000 -74.00000 -74.00000 -74.00000 -74.00000 -74.00000 -74.00000 -74.00000
 -74.00000 -74.00000 -74.00000 -74.00000 -74.00000 -74.00000 -74.00000 -74.00000
 -74.00000 -74.00000 -74.00000 -74.00000 -74.00000 -74.00000 -74.00000 -74.00000
 -74.00000 -74.00000 -74.00000 -74.00000 -74.00000 -74.00000 -74.00000 -74.00000
 -74.00000 -74.00000 -74.00000 -74.00000 -74.00000 -74.00000 -74.00000 -74.00000
 -74.00000 -74.00000 -74.00000 -74.00000 -74.00000 -74.00000 -74.00000 -74.00000
 -74.00000 -74.00000 -74.00000 -74.00000 -74.00000 -74.00000 -74.00000 -74.00000
 -74.00000 -74.00000 -74.00000 -74.00000 -74.00000 -74.00000 -74.00000 -74.00000
 -74.00000 -74.00000 -74.00000 -74.00000 -74.00000 -74.00000 -74.00000 -74.00000
 -74.00000 -74.00000 -74.00000 -74.00000 -74.00000 -74.00000 -74.00000 -74.00000
 -74.00000 -74.00000 -74.00000 -74.00000 -74.00000 -74.00000 -74.00000 -74.00000
 -74.00000 -74.00000 -74.00000 -74.00000 -74.00000 -74.00000 -74.00000 -74.00000
---------------------/ IPRT= 1  / IGRD= 0  /--------/ Z1= 2   / DATE= 07/10/18
 -31.12350 -31.42478 -31.72676 -32.12509 -32.42526 -32.72656 -33.12504 -33.42528
 -33.72656 -34.12501 -34.42527 -34.72656 -35.12501 -35.42527 -35.72656 -36.12501
 -36.42527 -36.72656 -37.12501 -37.42527 -37.72657 -38.12503 -38.42530 -38.72656
 -30.98366 -31.28371 -31.58421 -31.98163 -32.28244 -32.58390 -32.98200 -33.28231
 -33.58369 -33.98214 -34.28236 -34.58367 -34.98215 -35.28236 -35.58367 -35.98215
 -36.28236 -36.58366 -36.98215 -37.28236 -37.58364 -37.98206 -38.28225 -38.58363
 -30.61723 -30.89737 -31.18718 -31.57970 -31.87861 -32.17856 -32.57501 -32.87456
 -33.17581 -33.57440 -33.87449 -34.17583 -34.57440 -34.87449 -35.17584 -35.57440
 -35.87450 -36.17584 -36.57440 -36.87450 -37.17588 -37.57456 -37.87470 -38.17589
 -30.22923 -30.48857 -30.76674 -31.15236 -31.44825 -31.74710 -32.14411 -32.44412
 -32.74483 -33.14298 -33.44390 -33.74493 -34.14295 -34.44389 -34.74495 -35.14296
 -35.44390 -35.74494 -36.14299 -36.44397 -36.74474 -37.14164 -37.44113 -37.74001
 -29.82909 -30.07229 -30.34054 -30.72021 -31.01486 -31.31231 -31.70796 -32.00846
 -32.30915 -32.70676 -33.00781 -33.30886 -33.70678 -34.00784 -34.30896 -34.70676
 -35.00731 -35.30770 -35.70370 -36.00121 -36.29570 -36.67652 -36.95207 -37.20849
 -29.47448 -29.70330 -29.96300 -30.33728 -30.62978 -30.92579 -31.32043 -31.62085
 -31.92152 -32.31930 -32.62072 -32.92180 -33.31921 -33.61974 -33.92012 -34.31578
 -34.61285 -34.90712 -35.28541 -35.55458 -35.79858 -36.06656 -36.22512 -36.35815
 -29.29189 -29.51221 -29.76706 -30.13788 -30.42832 -30.72419 -31.11925 -31.41865
 -31.71902 -32.11711 -32.41801 -32.71806 -33.11496 -33.41583 -33.71476 -34.10627
 -34.39819 -34.68094 -35.02778 -35.25672 -35.44333 -35.61848 -35.70703 -35.78080
 -29.11645 -29.32729 -29.57542 -29.94158 -30.23072 -30.52584 -30.92025 -31.21958
 -31.52018 -31.91822 -32.21858 -32.51858 -32.91483 -33.21372 -33.51035 -33.89450
 -34.17292 -34.43228 -34.72526 -34.89469 -35.01426 -35.11308 -35.16538 -35.21629
 -28.98358 -29.18945 -29.43334 -29.79612 -30.08472 -30.37987 -30.77427 -31.07337
 -31.37349 -31.77131 -32.07202 -32.37169 -32.76655 -33.06379 -33.35691 -33.73128
 -33.99577 -34.23196 -34.47963 -34.60978 -34.69718 -34.76826 -34.80714 -34.84816
 -28.91446 -29.12198 -29.36747 -29.73189 -30.02106 -30.31569 -30.70956 -31.00940
 -31.30960 -31.70684 -32.00763 -32.30760 -32.70255 -32.99924 -33.29116 -33.66237
 -33.92251 -34.15185 -34.38850 -34.51132 -34.59398 -34.66375 -34.70540 -34.75215
 -28.83770 -29.05023 -29.29905 -29.66556 -29.95570 -30.25115 -30.64546 -30.94509
 -31.24557 -31.64312 -31.94354 -32.24384 -32.63928 -32.93567 -33.22834 -33.60085
 -33.86136 -34.09302 -34.33605 -34.46517 -34.55515 -34.63535 -34.68573 -34.74391
 -28.75131 -28.97163 -29.22642 -29.59622 -29.88605 -30.18171 -30.57786 -30.87873
 -31.17909 -31.57657 -31.87826 -32.17875 -32.57365 -32.87100 -33.16621 -33.54497
 -33.81381 -34.05935 -34.32847 -34.48021 -34.59250 -34.69760 -34.76377 -34.84063
 -28.70078 -28.92627 -29.18467 -29.55666 -29.84710 -30.14328 -30.54010 -30.84118
 -31.14164 -31.53921 -31.84103 -32.14188 -32.53768 -32.83616 -33.13316 -33.51800
 -33.79603 -34.05448 -34.34855 -34.52437 -34.65882 -34.78876 -34.87157 -34.96165
 -28.64449 -28.87607 -29.13795 -29.51243 -29.80477 -30.10161 -30.49816 -30.79938
 -31.09986 -31.49726 -31.79909 -32.10027 -32.49773 -32.79840 -33.09750 -33.48892
 -33.77861 -34.05527 -34.38745 -34.60305 -34.78024 -34.95890 -35.06746 -35.17662
 -28.57812 -28.81548 -29.08087 -29.45684 -29.74939 -30.04665 -30.44359 -30.74454
 -31.04518 -31.44278 -31.74428 -32.04589 -32.44504 -32.74726 -33.04833 -33.44461
 -33.74252 -34.03565 -34.40956 -34.67472 -34.91447 -35.17975 -35.34327 -35.49281
 -28.52921 -28.76852 -29.03537 -29.41217 -29.70471 -30.00228 -30.39954 -30.70021
 -31.00098 -31.39880 -31.69999 -32.00168 -32.40083 -32.70265 -33.00454 -33.40315
 -33.70364 -34.00273 -34.39317 -34.68031 -34.95395 -35.28192 -35.49828 -35.69099
 -28.46650 -28.70693 -28.97421 -29.35174 -29.64530 -29.94271 -30.33875 -30.63908
 -30.93996 -31.33883 -31.64104 -31.94245 -32.34092 -32.64332 -32.94519 -33.34365
 -33.64557 -33.94788 -34.34647 -34.64564 -34.94173 -35.32185 -35.59274 -35.84190
 -28.38294 -28.62337 -28.89083 -29.26898 -29.56301 -29.86026 -30.25628 -30.55737
 -30.85830 -31.25608 -31.55758 -31.85907 -32.25765 -32.55946 -32.86145 -33.26127
 -33.56424 -33.86709 -34.26862 -34.57454 -34.88223 -35.29237 -35.60323 -35.90837
 -28.32147 -28.56163 -28.82881 -29.20621 -29.49950 -29.79696 -30.19338 -30.49388
 -30.79478 -31.19300 -31.49434 -31.79566 -32.19411 -32.49585 -32.79803 -33.19814
 -33.50106 -33.80391 -34.20589 -34.51307 -34.82387 -35.24343 -35.56866 -35.89848
 -28.23854 -28.47687 -28.74182 -29.11779 -29.41189 -29.70976 -30.10542 -30.40535
 -30.70676 -31.10554 -31.40614 -31.70733 -32.10620 -32.40742 -32.70825 -33.10718
 -33.41066 -33.71422 -34.11633 -34.42336 -34.73530 -35.15931 -35.49194 -35.83700
 -28.14582 -28.37980 -28.64335 -29.01888 -29.31111 -29.60759 -30.00306 -30.30347
 -30.60517 -31.00364 -31.30371 -31.60478 -32.00382 -32.30539 -32.60759 -33.00730
 -33.30893 -33.61052 -34.01187 -34.31954 -34.63147 -35.05463 -35.38766 -35.73576
 -28.09034 -28.32061 -28.58257 -28.95740 -29.24861 -29.54498 -29.94099 -30.24087
 -30.54092 -30.93842 -31.24008 -31.54239 -31.94163 -32.24257 -32.54315 -32.94174
 -33.24465 -33.54744 -33.94847 -34.25453 -34.56484 -34.98649 -35.31862 -35.66568
 -28.03341 -28.25922 -28.51757 -28.89015 -29.18120 -29.47717 -29.87259 -30.17269
 -30.47295 -30.87047 -31.17205 -31.47420 -31.87325 -32.17419 -32.47482 -32.87331
 -33.17597 -33.47849 -33.87915 -34.18488 -34.49467 -34.91397 -35.24294 -35.58778
 -27.96912 -28.18973 -28.44348 -28.81300 -29.10397 -29.39926 -29.79360 -30.09427
 -30.39562 -30.79365 -31.09442 -31.39570 -31.79434 -32.09570 -32.39740 -32.79639
 -33.09782 -33.39913 -33.79934 -34.10537 -34.41515 -34.83157 -35.15620 -35.49816
 -27.92351 -28.14042 -28.39091 -28.75826 -29.04917 -29.34399 -29.73755 -30.03863
 -30.34075 -30.73914 -31.03934 -31.34000 -31.73834 -32.04000 -32.34247 -32.74182
 -33.04237 -33.34283 -33.74271 -34.04895 -34.35874 -34.77311 -35.09466 -35.43457
 -27.85921 -28.07093 -28.31682 -28.68111 -28.97195 -29.26608 -29.65855 -29.96022
 -30.26342 -30.66231 -30.96171 -31.26151 -31.65943 -31.96150 -32.26505 -32.66491
 -32.96423 -33.26347 -33.66289 -33.96944 -34.27922 -34.69072 -35.00792 -35.34495
 -27.77822 -27.98339 -28.22347 -28.58391 -28.87465 -29.16793 -29.55903 -29.86142
 -30.16599 -30.56552 -30.86390 -31.16261 -31.56000 -31.86260 -32.16751 -32.56800
 -32.86578 -33.16349 -33.56234 -33.86926 -34.17904 -34.58691 -34.89864 -35.23204
 -27.72486 -27.92572 -28.16199 -28.51989 -28.81056 -29.10328 -29.49347 -29.79635
 -30.10181 -30.50176 -30.79948 -31.09747 -31.49451 -31.79746 -32.10326 -32.50417
 -32.80093 -33.09763 -33.49610 -33.80328 -34.11305 -34.51854 -34.82666 -35.15767
 -27.66831 -27.86459 -28.09681 -28.45202 -28.74262 -29.03475 -29.42398 -29.72737
 -30.03378 -30.43418 -30.73119 -31.02841 -31.42509 -31.72841 -32.03515 -32.43652
 -32.73218 -33.02783 -33.42589 -33.73334 -34.04310 -34.44606 -34.75036 -35.07883
 -27.60402 -27.79510 -28.02272 -28.37487 -28.66540 -28.95684 -29.34499 -29.64895
 -29.95645 -30.35736 -30.65356 -30.94991 -31.34618 -31.64991 -31.95773 -32.35960
 -32.65404 -32.94847 -33.34607 -33.65382 -33.96359 -34.36367 -34.66362 -34.98921
---------------------/ IPRT= 2  / IGRD= 0  /--------/ Z1= 2   / DATE= 07/10/18
 -74.00000 -74.00000 -74.00000 -74.00000 -74.00000 -74.00000 -74.00000 -74.00000
 -74.00000 -74.00000 -74.00000 -74.00000 -74.00000 -74.00000 -74.00000 -74.00000
 -74.00000 -74.00000 -74.00000 -74.00000 -74.00000 -74.00000 -74.00000 -74.00000
 -74.00000 -74.00000 -74.00000 -74.00000 -74.00000 -74.00000 -74.00000 -74.00000
 -74.00000 -74.00000 -74.00000 -74.00000 -74.00000 -74.00000 -74.00000 -74.00000
 -74.00000 -74.00000 -74.00000 -74.00000 -74.00000 -74.00000 -74.00000 -74.00000
 -74.00000 -74.00000 -74.00000 -74.00000 -74.00000 -74.00000 -74.00000 -74.00000
 -74.00000 -74.00000 -74.00000 -74.00000 -74.00000 -74.00000 -74.00000 -74.00000
 -74.00000 -74.00000 -74.00000 -74.00000 -74.00000 -74.00000 -74.00000 -74.00000
 -74.00000 -74.00000 -74.00000 -74.00000 -74.00000 -74.00000 -74.00000 -74.00000
 -74.00000 -74.00000 -74.00000 -74.00000 -74.00000 -74.00000 -74.00000 -74.00000
 -74.00000 -74.00000 -74.00000 -74.00000 -74.00000 -74.00000 -74.00000 -74.00000
 -74.00000 -74.00000 -74.00000 -74.00000 -74.00000 -74.00000 -74.00000 -74.00000
 -74.00000 -74.00000 -74.00000 -74.00000 -74.00000 -74.00000 -74.00000 -74.00000
 -74.00000 -74.00000 -74.00000 -74.00000 -74.00000 -74.00000 -74.00000 -74.00000
 -74.00000 -74.00000 -74.00000 -74.00000 -74.00000 -74.00000 -74.00000 -74.00000
 -74.00000 -74.00000 -74.00000 -74.00000 -74.00000 -74.00000 -74.00000 -74.00000
 -74.00000 -74.00000 -74.00000 -74.00000 -74.00000 -74.00000 -74.00000 -74.00000
 -74.00000 -74.00000 -74.00000 -74.00000 -74.00000 -74.00000 -74.00000 -74.00000
 -74.00000 -74.00000 -74.00000 -74.00000 -74.00000 -74.00000 -74.00000 -74.00000
 -74.00000 -74.00000 -74.00000 -74.00000 -74.00000 -74.00000 -74.00000 -74.00000
 -74.00000 -74.00000 -74.00000 -74.00000 -74.00000 -74.00000 -74.00000 -74.00000
 -74.00000 -74.00000 -74.00000 -74.00000 -74.00000 -74.00000 -74.00000 -74.00000
 -74.00000 -74.00000 -74.00000 -74.00000 -74.00000 -74.00000 -74.00000 -74.00000
 -74.00000 -74.00000 -74.00000 -74.00000 -74.00000 -74.00000 -74.00000 -74.00000
 -74.00000 -74.00000 -74.00000 -74.00000 -74.00000 -74.00000 -74.00000 -74.00000
 -74.00000 -74.00000 -74.00000 -74.00000 -74.00000 -74.00000 -74.00000 -74.00000
 -74.00000 -74.00000 -74.00000 -74.00000 -74.00000 -74.00000 -74.00000 -74.00000
 -74.00000 -74.00000 -74.00000 -74.00000 -74.00000 -74.00000 -74.00000 -74.00000
 -74.00000 -74.00000 -74.00000 -74.00000 -74.00000 -74.00000 -74.00000 -74.00000
 -74.00000 -74.00000 -74.00000 -74.00000 -74.00000 -74.00000 -74.00000 -74.00000
 -74.00000 -74.00000 -74.00000 -74.00000 -74.00000 -74.00000 -74.00000 -74.00000
 -74.00000 -74.00000 -74.00000 -74.00000 -74.00000 -74.00000 -74.00000 -74.00000
 -74.00000 -74.00000 -74.00000 -74.00000 -74.00000 -74.00000 -74.00000 -74.00000
 -74.00000 -74.00000 -74.00000 -74.00000 -74.00000 -74.00000 -74.00000 -74.00000
 -74.00000 -74.00000 -74.00000 -74.00000 -74.00000 -74.00000 -74.00000 -74.00000
 -74.00000 -74.00000 -74.00000 -74.00000 -74.00000 -74.00000 -74.00000 -74.00000
 -74.00000 -74.00000 -74.00000 -74.00000 -74.00000 -74.00000 -74.00000 -74.00000
 -74.00000 -74.00000 -74.00000 -74.00000 -74.00000 -74.00000 -74.00000 -74.00000
 -74.00000 -74.00000 -74.00000 -74.00000 -74.00000 -74.00000 -74.00000 -74.00000
 -74.00000 -74.00000 -74.00000 -74.00000 -74.00000 -74.00000 -74.00000 -74.00000
 -74.00000 -74.00000 -74.00000 -74.00000 -74.00000 -74.00000 -74.00000 -74.00000
 -74.00000 -74.00000 -74.00000 -74.00000 -74.00000 -74.00000 -74.00000 -74.00000
 -74.00000 -74.00000 -74.00000 -74.00000 -74.00000 -74.00000 -74.00000 -74.00000
 -74.00000 -74.00000 -74.00000 -74.00000 -74.00000 -74.00000 -74.00000 -74.00000
 -74.00000 -74.00000 -74.00000 -74.00000 -74.00000 -74.00000 -74.00000 -74.00000
 -74.00000 -74.00000 -74.00000 -74.00000 -74.00000 -74.00000 -74.00000 -74.00000
 -74.00000 -74.00000 -74.00000 -74.00000 -74.00000 -74.00000 -74.00000 -74.00000
 -74.00000 -74.00000 -74.00000 -74.00000 -74.00000 -74.00000 -74.00000 -74.00000
 -74.00000 -74.00000 -74.00000 -74.00000 -74.00000 -74.00000 -74.00000 -74.00000
 -74.00000 -74.00000 -74.00000 -74.00000 -74.00000 -74.00000 -74.00000 -74.00000
 -74.00000 -74.00000 -74.00000 -74.00000 -74.00000 -74.00000 -74.00000 -74.00000
 -74.00000 -74.00000 -74.00000 -74.00000 -74.00000 -74.00000 -74.00000 -74.00000
 -74.00000 -74.00000 -74.00000 -74.00000 -74.00000 -74.00000 -74.00000 -74.00000
 -74.00000 -74.00000 -74.00000 -74.00000 -74.00000 -74.00000 -74.00000 -74.00000
 -74.00000 -74.00000 -74.00000 -74.00000 -74.00000 -74.00000 -74.00000 -74.00000
 -74.00000 -74.00000 -74.00000 -74.00000 -74.00000 -74.00000 -74.00000 -74.00000
 -74.00000 -74.00000 -74.00000 -74.00000 -74.00000 -74.00000 -74.00000 -74.00000
 -74.00000 -74.00000 -74.00000 -74.00000 -74.00000 -74.00000 -74.00000 -74.00000
 -74.00000 -74.00000 -74.00000 -74.00000 -74.00000 -74.00000 -74.00000 -74.00000
 -74.00000 -74.00000 -74.00000 -74.00000 -74.00000 -74.00000 -74.00000 -74.00000
 -74.00000 -74.00000 -74.00000 -74.00000 -74.00000 -74.00000 -74.00000 -74.00000
 -74.00000 -74.00000 -74.00000 -74.00000 -74.00000 -74.00000 -74.00000 -74.00000
 -74.00000 -74.00000 -74.00000 -74.00000 -74.00000 -74.00000 -74.00000 -74.00000
 -74.00000 -74.00000 -74.00000 -74.00000 -74.00000 -74.00000 -74.00000 -74.00000
 -74.00000 -74.00000 -74.00000 -74.00000 -74.00000 -74.00000 -74.00000 -74.00000
 -74.00000 -74.00000 -74.00000 -74.00000 -74.00000 -74.00000 -74.00000 -74.00000
 -74.00000 -74.00000 -74.00000 -74.00000 -74.00000 -74.00000 -74.00000 -74.00000
 -74.00000 -74.00000 -74.00000 -74.00000 -74.00000 -74.00000 -74.00000 -74.00000
 -74.00000 -74.00000 -74.00000 -74.00000 -74.00000 -74.00000 -74.00000 -74.00000
 -74.00000 -74.00000 -74.00000 -74.00000 -74.00000 -74.00000 -74.00000 -74.00000
 -74.00000 -74.00000 -74.00000 -74.00000 -74.00000 -74.00000 -74.00000 -74.00000
 -74.00000 -74.00000 -74.00000 -74.00000 -74.00000 -74.00000 -74.00000 -74.00000
 -74.00000 -74.00000 -74.00000 -74.00000 -74.00000 -74.00000 -74.00000 -74.00000
 -74.00000 -74.00000 -74.00000 -74.00000 -74.00000 -74.00000 -74.00000 -74.00000
 -74.00000 -74.00000 -74.00000 -74.00000 -74.00000 -74.00000 -74.00000 -74.00000
 -74.00000 -74.00000 -74.00000 -74.00000 -74.00000 -74.00000 -74.00000 -74.00000
 -74.00000 -74.00000 -74.00000 -74.00000 -74.00000 -74.00000 -74.00000 -74.00000
 -74.00000 -74.00000 -74.00000 -74.00000 -74.00000 -74.00000 -74.00000 -74.00000
 -74.00000 -74.00000 -74.00000 -74.00000 -74.00000 -74.00000 -74.00000 -74.00000
 -74.00000 -74.00000 -74.00000 -74.00000 -74.00000 -74.00000 -74.00000 -74.00000
 -74.00000 -74.00000 -74.00000 -74.00000 -74.00000 -74.00000 -74.00000 -74.00000
 -74.00000 -74.00000 -74.00000 -74.00000 -74.00000 -74.00000 -74.00000 -74.00000
 -74.00000 -74.00000 -74.00000 -74.00000 -74.00000 -74.00000 -74.00000 -74.00000
 -74.00000 -74.00000 -74.00000 -74.00000 -74.00000 -74.00000 -74.00000 -74.00000
 -74.00000 -74.00000 -74.00000 -74.00000 -74.00000 -74.00000 -74.00000 -74.00000
 -74.00000 -74.00000 -74.00000 -74.00000 -74.00000 -74.00000 -74.00000 -74.00000
 -74.00000 -74.00000 -74.00000 -74.00000 -74.00000 -74.00000 -74.00000 -74.00000
 -74.00000 -74.00000 -74.00000 -74.00000 -74.00000 -74.00000 -74.00000 -74.00000
 -74.00000 -74.00000 -74.00000 -74.00000 -74.00000 -74.00000 -74.00000 -74.00000
---------------------/ IPRT= 1  / IGRD= 0  /--------/ Z1= 3   / DATE= 07/10/18
 -74.00000 -74.00000 -74.00000 -74.00000 -74.00000 -74.00000 -74.00000 -74.00000
 -74.00000 -74.00000 -74.00000 -74.00000 -74.00000 -74.00000 -74.00000 -74.00000
 -74.00000 -74.00000 -74.00000 -74.00000 -74.00000 -74.00000 -74.00000 -74.00000
 -74.00000 -74.00000 -74.00000 -74.00000 -74.00000 -74.00000 -74.00000 -74.00000
 -74.00000 -74.00000 -74.00000 -74.00000 -74.00000 -74.00000 -74.00000 -74.00000
 -74.00000 -74.00000 -74.00000 -74.00000 -74.00000 -74.00000 -74.00000 -74.00000
 -74.00000 -74.00000 -74.00000 -74.00000 -74.00000 -74.00000 -74.00000 -74.00000
 -74.00000 -74.00000 -74.00000 -74.00000 -74.00000 -74.00000 -74.00000 -74.00000
 -74.00000 -74.00000 -74.00000 -74.00000 -74.00000 -74.00000 -74.00000 -74.00000
 -74.00000 -74.00000 -74.00000 -74.00000 -74.00000 -74.00000 -74.00000 -74.00000
 -74.00000 -74.00000 -74.00000 -74.00000 -74.00000 -74.00000 -74.00000 -74.00000
 -74.00000 -74.00000 -74.00000 -74.00000 -74.00000 -74.00000 -74.00000 -74.00000
 -74.00000 -74.00000 -74.00000 -74.00000 -74.00000 -74.00000 -74.00000 -74.00000
 -74.00000 -74.00000 -74.00000 -74.00000 -74.00000 -74.00000 -74.00000 -74.00000
 -74.00000 -74.00000 -74.00000 -74.00000 -74.00000 -74.00000 -74.00000 -74.00000
 -74.00000 -74.00000 -74.00000 -74.00000 -74.00000 -74.00000 -74.00000 -74.00000
 -74.00000 -74.00000 -74.00000 -74.00000 -74.00000 -74.00000 -74.00000 -74.00000
 -74.00000 -74.00000 -74.00000 -74.00000 -74.00000 -74.00000 -74.00000 -74.00000
 -74.00000 -74.00000 -74.00000 -74.00000 -74.00000 -74.00000 -74.00000 -74.00000
 -74.00000 -74.00000 -74.00000 -74.00000 -74.00000 -74.00000 -74.00000 -74.00000
 -74.00000 -74.00000 -74.00000 -74.00000 -74.00000 -74.00000 -74.00000 -74.00000
 -74.00000 -74.00000 -74.00000 -74.00000 -74.00000 -74.00000 -74.00000 -74.00000
 -74.00000 -74.00000 -74.00000 -74.00000 -74.00000 -74.00000 -74.00000 -74.00000
 -74.00000 -74.00000 -74.00000 -74.00000 -74.00000 -74.00000 -74.00000 -74.00000
 -74.00000 -74.00000 -74.00000 -74.00000 -74.00000 -74.00000 -74.00000 -74.00000
 -74.00000 -74.00000 -74.00000 -74.00000 -74.00000 -74.00000 -74.00000 -74.00000
 -74.00000 -74.00000 -74.00000 -74.00000 -74.00000 -74.00000 -74.00000 -74.00000
 -74.00000 -74.00000 -74.00000 -74.00000 -74.00000 -74.00000 -74.00000 -74.00000
 -74.00000 -74.00000 -74.00000 -74.00000 -74.00000 -74.00000 -74.00000 -74.00000
 -74.00000 -74.00000 -74.00000 -74.00000 -74.00000 -74.00000 -74.00000 -74.00000
 -74.00000 -74.00000 -74.00000 -74.00000 -74.00000 -74.00000 -74.00000 -74.00000
 -74.00000 -74.00000 -74.00000 -74.00000 -74.00000 -74.00000 -74.00000 -74.00000
 -74.00000 -74.00000 -74.00000 -74.00000 -74.00000 -74.00000 -74.00000 -74.00000
 -74.00000 -74.00000 -74.00000 -74.00000 -74.00000 -74.00000 -74.00000 -74.00000
 -74.00000 -74.00000 -74.00000 -74.00000 -74.00000 -74.00000 -74.00000 -74.00000
 -74.00000 -74.00000 -74.00000 -74.00000 -74.00000 -74.00000 -74.00000 -74.00000
 -74.00000 -74.00000 -74.00000 -74.00000 -74.00000 -74.00000 -74.00000 -74.00000
 -74.00000 -74.00000 -74.00000 -74.00000 -74.00000 -74.00000 -74.00000 -74.00000
 -74.00000 -74.00000 -74.00000 -74.00000 -74.00000 -74.00000 -74.00000 -74.00000
 -74.00000 -74.00000 -74.00000 -74.00000 -74.00000 -74.00000 -74.00000 -74.00000
 -74.00000 -74.00000 -74.00000 -74.00000 -74.00000 -74.00000 -74.00000 -74.00000
 -74.00000 -74.00000 -74.00000 -74.00000 -74.00000 -74.00000 -74.00000 -74.00000
 -74.00000 -74.00000 -74.00000 -74.00000 -74.00000 -74.00000 -74.00000 -74.00000
 -74.00000 -74.00000 -74.00000 -74.00000 -74.00000 -74.00000 -74.00000 -74.00000
 -74.00000 -74.00000 -74.00000 -74.00000 -74.00000 -74.00000 -74.00000 -74.00000
 -74.00000 -74.00000 -74.00000 -74.00000 -74.00000 -74.00000 -74.00000 -74.00000
 -74.00000 -74.00000 -74.00000 -74.00000 -74.00000 -74.00000 -74.00000 -74.00000
 -74.00000 -74.00000 -74.00000 -74.00000 -74.00000 -74.00000 -74.00000 -74.00000
 -74.00000 -74.00000 -74.00000 -74.00000 -74.00000 -74.00000 -74.00000 -74.00000
 -74.00000 -74.00000 -74.00000 -74.00000 -74.00000 -74.00000 -74.00000 -74.00000
 -74.00000 -74.00000 -74.00000 -74.00000 -74.00000 -74.00000 -74.00000 -74.00000
 -74.00000 -74.00000 -74.00000 -74.00000 -74.00000 -74.00000 -74.00000 -74.00000
 -74.00000 -74.00000 -74.00000 -74.00000 -74.00000 -74.00000 -74.00000 -74.00000
 -74.00000 -74.00000 -74.00000 -74.00000 -74.00000 -74.00000 -74.00000 -74.00000
 -74.00000 -74.00000 -74.00000 -74.00000 -74.00000 -74.00000 -74.00000 -74.00000
 -74.00000 -74.00000 -74.00000 -74.00000 -74.00000 -74.00000 -74.00000 -74.00000
 -74.00000 -74.00000 -74.00000 -74.00000 -74.00000 -74.00000 -74.00000 -74.00000
 -74.00000 -74.00000 -74.00000 -74.00000 -74.00000 -74.00000 -74.00000 -74.00000
 -74.00000 -74.00000 -74.00000 -74.00000 -74.00000 -74.00000 -74.00000 -74.00000
 -74.00000 -74.00000 -74.00000 -74.00000 -74.00000 -74.00000 -74.00000 -74.00000
 -74.00000 -74.00000 -74.00000 -74.00000 -74.00000 -74.00000 -74.00000 -74.00000
 -74.00000 -74.00000 -74.00000 -74.00000 -74.00000 -74.00000 -74.00000 -74.00000
 -74.00000 -74.00000 -74.00000 -74.00000 -74.00000 -74.00000 -74.00000 -74.00000
 -74.00000 -74.00000 -74.00000 -74.00000 -74.00000 -74.00000 -74.00000 -74.00000
 -74.00000 -74.00000 -74.00000 -74.00000 -74.00000 -74.00000 -74.00000 -74.00000
 -74.00000 -74.00000 -74.00000 -74.00000 -74.00000 -74.00000 -74.00000 -74.00000
 -74.00000 -74.00000 -74.00000 -74.00000 -74.00000 -74.00000 -74.00000 -74.00000
 -74.00000 -74.00000 -74.00000 -74.00000 -74.00000 -74.00000 -74.00000 -74.00000
 -74.00000 -74.00000 -74.00000 -74.00000 -74.00000 -74.00000 -74.00000 -74.00000
 -74.00000 -74.00000 -74.00000 -74.00000 -74.00000 -74.00000 -74.00000 -74.00000
 -74.00000 -74.00000 -74.00000 -74.00000 -74.00000 -74.00000 -74.00000 -74.00000
 -74.00000 -74.00000 -74.00000 -74.00000 -74.00000 -74.00000 -74.00000 -74.00000
 -74.00000 -74.00000 -74.00000 -74.00000 -74.00000 -74.00000 -74.00000 -74.00000
 -74.00000 -74.00000 -74.00000 -74.00000 -74.00000 -74.00000 -74.00000 -74.00000
 -74.00000 -74.00000 -74.00000 -74.00000 -74.00000 -74.00000 -74.00000 -74.00000
 -74.00000 -74.00000 -74.00000 -74.00000 -74.00000 -74.00000 -74.00000 -74.00000
 -74.00000 -74.00000 -74.00000 -74.00000 -74.00000 -74.00000 -74.00000 -74.00000
 -74.00000 -74.00000 -74.00000 -74.00000 -74.00000 -74.00000 -74.00000 -74.00000
 -74.00000 -74.00000 -74.00000 -74.00000 -74.00000 -74.00000 -74.00000 -74.00000
 -74.00000 -74.00000 -74.00000 -74.00000 -74.00000 -74.00000 -74.00000 -74.00000
 -74.00000 -74.00000 -74.00000 -74.00000 -74.00000 -74.00000 -74.00000 -74.00000
 -74.00000 -74.00000 -74.00000 -74.00000 -74.00000 -74.00000 -74.00000 -74.00000
 -74.00000 -74.00000 -74.00000 -74.00000 -74.00000 -74.00000 -74.00000 -74.00000
 -74.00000 -74.00000 -74.00000 -74.00000 -74.00000 -74.00000 -74.00000 -74.00000
 -74.00000 -74.00000 -74.00000 -74.00000 -74.00000 -74.00000 -74.00000 -74.00000
 -74.00000 -74.00000 -74.00000 -74.00000 -74.00000 -74.00000 -74.00000 -74.00000
 -74.00000 -74.00000 -74.00000 -74.00000 -74.00000 -74.00000 -74.00000 -74.00000
 -74.00000 -74.00000 -74.00000 -74.00000 -74.00000 -74.00000 -74.00000 -74.00000
 -74.00000 -74.00000 -74.00000 -74.00000 -74.00000 -74.00000 -74.00000 -74.00000
 -74.00000 -74.00000 -74.00000 -74.00000 -74.00000 -74.00000 -74.00000 -74.00000
---------------------/ IPRT= 2  / IGRD= 0  /--------/ Z1= 3   / DATE= 07/10/18
 -74.00000 -74.00000 -74.00000 -74.00000 -74.00000 -74.00000 -74.00000 -74.00000
 -74.00000 -74.00000 -74.00000 -74.00000 -74.00000 -74.00000 -74.00000 -74.00000
 -74.00000 -74.00000 -74.00000 -74.00000 -74.00000 -74.00000 -74.00000 -74.00000
 -74.00000 -74.00000 -74.00000 -74.00000 -74.00000 -74.00000 -74.00000 -74.00000
 -74.00000 -74.00000 -74.00000 -74.00000 -74.00000 -74.00000 -74.00000 -74.00000
 -74.00000 -74.00000 -74.00000 -74.00000 -74.00000 -74.00000 -74.00000 -74.00000
 -74.00000 -74.00000 -74.00000 -74.00000 -74.00000 -74.00000 -74.00000 -74.00000
 -74.00000 -74.00000 -74.00000 -74.00000 -74.00000 -74.00000 -74.00000 -74.00000
 -74.00000 -74.00000 -74.00000 -74.00000 -74.00000 -74.00000 -74.00000 -74.00000
 -74.00000 -74.00000 -74.00000 -74.00000 -74.00000 -74.00000 -74.00000 -74.00000
 -74.00000 -74.00000 -74.00000 -74.00000 -74.00000 -74.00000 -74.00000 -74.00000
 -74.00000 -74.00000 -74.00000 -74.00000 -74.00000 -74.00000 -74.00000 -74.00000
 -74.00000 -74.00000 -74.00000 -74.00000 -74.00000 -74.00000 -74.00000 -74.00000
 -74.00000 -74.00000 -74.00000 -74.00000 -74.00000 -74.00000 -74.00000 -74.00000
 -74.00000 -74.00000 -74.00000 -74.00000 -74.00000 -74.00000 -74.00000 -74.00000
 -74.00000 -74.00000 -74.00000 -74.00000 -74.00000 -74.00000 -74.00000 -74.00000
 -74.00000 -74.00000 -74.00000 -74.00000 -74.00000 -74.00000 -74.00000 -74.00000
 -74.00000 -74.00000 -74.00000 -74.00000 -74.00000 -74.00000 -74.00000 -74.00000
 -74.00000 -74.00000 -74.00000 -74.00000 -74.00000 -74.00000 -74.00000 -74.00000
 -74.00000 -74.00000 -74.00000 -74.00000 -74.00000 -74.00000 -74.00000 -74.00000
 -74.00000 -74.00000 -74.00000 -74.00000 -74.00000 -74.00000 -74.00000 -74.00000
 -74.00000 -74.00000 -74.00000 -74.00000 -74.00000 -74.00000 -74.00000 -74.00000
 -74.00000 -74.00000 -74.00000 -74.00000 -74.00000 -74.00000 -74.00000 -74.00000
 -74.00000 -74.00000 -74.00000 -74.00000 -74.00000 -74.00000 -74.00000 -74.00000
 -74.00000 -74.00000 -74.00000 -74.00000 -74.00000 -74.00000 -74.00000 -74.00000
 -74.00000 -74.00000 -74.00000 -74.00000 -74.00000 -74.00000 -74.00000 -74.00000
 -74.00000 -74.00000 -74.00000 -74.00000 -74.00000 -74.00000 -74.00000 -74.00000
 -74.00000 -74.00000 -74.00000 -74.00000 -74.00000 -74.00000 -74.00000 -74.00000
 -74.00000 -74.00000 -74.00000 -74.00000 -74.00000 -74.00000 -74.00000 -74.00000
 -74.00000 -74.00000 -74.00000 -74.00000 -74.00000 -74.00000 -74.00000 -74.00000
 -74.00000 -74.00000 -74.00000 -74.00000 -74.00000 -74.00000 -74.00000 -74.00000
 -74.00000 -74.00000 -74.00000 -74.00000 -74.00000 -74.00000 -74.00000 -74.00000
 -74.00000 -74.00000 -74.00000 -74.00000 -74.00000 -74.00000 -74.00000 -74.00000
 -74.00000 -74.00000 -74.00000 -74.00000 -74.00000 -74.00000 -74.00000 -74.00000
 -74.00000 -74.00000 -74.00000 -74.00000 -74.00000 -74.00000 -74.00000 -74.00000
 -74.00000 -74.00000 -74.00000 -74.00000 -74.00000 -74.00000 -74.00000 -74.00000
 -74.00000 -74.00000 -74.00000 -74.00000 -74.00000 -74.00000 -74.00000 -74.00000
 -74.00000 -74.00000 -74.00000 -74.00000 -74.00000 -74.00000 -74.00000 -74.00000
 -74.00000 -74.00000 -74.00000 -74.00000 -74.00000 -74.00000 -74.00000 -74.00000
 -74.00000 -74.00000 -74.00000 -74.00000 -74.00000 -74.00000 -74.00000 -74.00000
 -74.00000 -74.00000 -74.00000 -74.00000 -74.00000 -74.00000 -74.00000 -74.00000
 -74.00000 -74.00000 -74.00000 -74.00000 -74.00000 -74.00000 -74.00000 -74.00000
 -74.00000 -74.00000 -74.00000 -74.00000 -74.00000 -74.00000 -74.00000 -74.00000
 -74.00000 -74.00000 -74.00000 -74.00000 -74.00000 -74.00000 -74.00000 -74.00000
 -74.00000 -74.00000 -74.00000 -74.00000 -74.00000 -74.00000 -74.00000 -74.00000
 -74.00000 -74.00000 -74.00000 -74.00000 -74.00000 -74.00000 -74.00000 -74.00000
 -74.00000 -74.00000 -74.00000 -74.00000 -74.00000 -74.00000 -74.00000 -74.00000
 -74.00000 -74.00000 -74.00000 -74.00000 -74.00000 -74.00000 -74.00000 -74.00000
 -74.00000 -74.00000 -74.00000 -74.00000 -74.00000 -74.00000 -74.00000 -74.00000
 -74.00000 -74.00000 -74.00000 -74.00000 -74.00000 -74.00000 -74.00000 -74.00000
 -74.00000 -74.00000 -74.00000 -74.00000 -74.00000 -74.00000 -74.00000 -74.00000
 -74.00000 -74.00000 -74.00000 -74.00000 -74.00000 -74.00000 -74.00000 -74.00000
 -74.00000 -74.00000 -74.00000 -74.00000 -74.00000 -74.00000 -74.00000 -74.00000
 -74.00000 -74.00000 -74.00000 -74.00000 -74.00000 -74.00000 -74.00000 -74.00000
 -74.00000 -74.00000 -74.00000 -74.00000 -74.00000 -74.00000 -74.00000 -74.00000
 -74.00000 -74.00000 -74.00000 -74.00000 -74.00000 -74.00000 -74.00000 -74.00000
 -74.00000 -74.00000 -74.00000 -74.00000 -74.00000 -74.00000 -74.00000 -74.00000
 -74.00000 -74.00000 -74.00000 -74.00000 -74.00000 -74.00000 -74.00000 -74.00000
 -74.00000 -74.00000 -74.00000 -74.00000 -74.00000 -74.00000 -74.00000 -74.00000
 -74.00000 -74.00000 -74.00000 -74.00000 -74.00000 -74.00000 -74.00000 -74.00000
 -74.00000 -74.00000 -74.00000 -74.00000 -74.00000 -74.00000 -74.00000 -74.00000
 -74.00000 -74.00000 -74.00000 -74.00000 -74.00000 -74.00000 -74.00000 -74.00000
 -74.00000 -74.00000 -74.00000 -74.00000 -74.00000 -74.00000 -74.00000 -74.00000
 -74.00000 -74.00000 -74.00000 -74.00000 -74.00000 -74.00000 -74.00000 -74.00000
 -74.00000 -74.00000 -74.00000 -74.00000 -74.00000 -74.00000 -74.00000 -74.00000
 -74.00000 -74.00000 -74.00000 -74.00000 -74.00000 -74.00000 -74.00000 -74.00000
 -74.00000 -74.00000 -74.00000 -74.00000 -74.00000 -74.00000 -74.00000 -74.00000
 -74.00000 -74.00000 -74.00000 -74.00000 -74.00000 -74.00000 -74.00000 -74.00000
 -74.00000 -74.00000 -74.00000 -74.00000 -74.00000 -74.00000 -74.00000 -74.00000
 -74.00000 -74.00000 -74.00000 -74.00000 -74.00000 -74.00000 -74.00000 -74.00000
 -74.00000 -74.00000 -74.00000 -74.00000 -74.00000 -74.00000 -74.00000 -74.00000
 -74.00000 -74.00000 -74.00000 -74.00000 -74.00000 -74.00000 -74.00000 -74.00000
 -74.00000 -74.00000 -74.00000 -74.00000 -74.00000 -74.00000 -74.00000 -74.00000
 -74.00000 -74.00000 -74.00000 -74.00000 -74.00000 -74.00000 -74.00000 -74.00000
 -74.00000 -74.00000 -74.00000 -74.00000 -74.00000 -74.00000 -74.00000 -74.00000
 -74.00000 -74.00000 -74.00000 -74.00000 -74.00000 -74.00000 -74.00000 -74.00000
 -74.00000 -74.00000 -74.00000 -74.00000 -74.00000 -74.00000 -74.00000 -74.00000
 -74.00000 -74.00000 -74.00000 -74.00000 -74.00000 -74.00000 -74.00000 -74.00000
 -74.00000 -74.00000 -74.00000 -74.00000 -74.00000 -74.00000 -74.00000 -74.00000
 -74.00000 -74.00000 -74.00000 -74.00000 -74.00000 -74.00000 -74.00000 -74.00000
 -74.00000 -74.00000 -74.00000 -74.00000 -74.00000 -74.00000 -74.00000 -74.00000
 -74.00000 -74.00000 -74.00000 -74.00000 -74.00000 -74.00000 -74.00000 -74.00000
 -74.00000 -74.00000 -74.00000 -74.00000 -74.00000 -74.00000 -74.00000 -74.00000
 -74.00000 -74.00000 -74.00000 -74.00000 -74.00000 -74.00000 -74.00000 -74.00000
 -74.00000 -74.00000 -74.00000 -74.00000 -74.00000 -74.00000 -74.00000 -74.00000
 -74.00000 -74.00000 -74.00000 -74.00000 -74.00000 -74.00000 -74.00000 -74.00000
 -74.00000 -74.00000 -74.00000 -74.00000 -74.00000 -74.00000 -74.00000 -74.00000
 -74.00000 -74.00000 -74.00000 -74.00000 -74.00000 -74.00000 -74.00000 -74.00000
 -74.00000 -74.00000 -74.00000 -74.00000 -74.00000 -74.00000 -74.00000 -74.00000
 -74.00000 -74.00000 -74.00000 -74.00000 -74.00000 -74.00000 -74.00000 -74.00000
---------------------/ IPRT= 1  / IGRD= 0  /--------/ Z1= 4   / DATE= 07/10/18
 -26.30589 -26.30738 -26.31278 -26.32464 -26.33158 -26.33165 -26.32181 -26.31624
 -26.32090 -26.33498 -26.33151 -26.32861 -26.33083 -26.31886 -26.31686 -26.33808
 -26.34034 -26.33732 -26.33798 -26.33695 -26.33949 -26.34941 -26.35491 -26.37038
 -26.19326 -26.19426 -26.19805 -26.20648 -26.21160 -26.21211 -26.20620 -26.20334
 -26.20790 -26.21963 -26.21831 -26.21675 -26.21818 -26.20995 -26.20900 -26.22445
 -26.22609 -26.22391 -26.22437 -26.22361 -26.22548 -26.23350 -26.23961 -26.25383
 -26.05135 -26.05175 -26.05350 -26.05762 -26.06045 -26.06151 -26.06055 -26.06109
 -26.06552 -26.07430 -26.07569 -26.07582 -26.07624 -26.07273 -26.07311 -26.08130
 -26.08215 -26.08102 -26.08124 -26.08083 -26.08186 -26.08747 -26.09435 -26.10700
 -25.95787 -25.95788 -25.95829 -25.95957 -25.96088 -25.96231 -25.96461 -25.96739
 -25.97174 -25.97857 -25.98175 -25.98299 -25.98275 -25.98235 -25.98360 -25.98701
 -25.98733 -25.98690 -25.98697 -25.98677 -25.98725 -25.99129 -25.99866 -26.01028
 -25.85600 -25.85606 -25.85564 -25.85469 -25.85469 -25.85626 -25.86101 -25.86557
 -25.86997 -25.87550 -25.88016 -25.88259 -25.88250 -25.88453 -25.88624 -25.88575
 -25.88564 -25.88580 -25.88577 -25.88561 -25.88599 -25.88950 -25.89627 -25.90587
 -25.72867 -25.72940 -25.72963 -25.72927 -25.72941 -25.73072 -25.73473 -25.73900
 -25.74384 -25.75067 -25.75583 -25.75957 -25.76188 -25.76333 -25.76437 -25.76474
 -25.76475 -25.76478 -25.76462 -25.76414 -25.76523 -25.76977 -25.77358 -25.77943
 -25.63583 -25.63585 -25.63588 -25.63612 -25.63682 -25.63828 -25.64172 -25.64558
 -25.65061 -25.65859 -25.66459 -25.66908 -25.67195 -25.67304 -25.67422 -25.67591
 -25.67609 -25.67586 -25.67577 -25.67567 -25.67592 -25.67810 -25.68221 -25.68795
 -25.50749 -25.50800 -25.50814 -25.50778 -25.50769 -25.50833 -25.51096 -25.51470
 -25.52024 -25.52971 -25.53680 -25.54212 -25.54603 -25.54827 -25.54941 -25.54912
 -25.54901 -25.54963 -25.55095 -25.55100 -25.55102 -25.55262 -25.55555 -25.55991
 -25.35515 -25.35503 -25.35496 -25.35511 -25.35560 -25.35657 -25.35914 -25.36274
 -25.36836 -25.37832 -25.38583 -25.39197 -25.39703 -25.39892 -25.39998 -25.40108
 -25.40175 -25.40215 -25.40216 -25.40198 -25.40215 -25.40323 -25.40458 -25.40727
 -25.26349 -25.26349 -25.26342 -25.26337 -25.26368 -25.26459 -25.26729 -25.27104
 -25.27674 -25.28682 -25.29470 -25.30121 -25.30669 -25.30912 -25.31048 -25.31109
 -25.31100 -25.31118 -25.31196 -25.31200 -25.31203 -25.31287 -25.31417 -25.31623
 -25.17373 -25.17372 -25.17376 -25.17399 -25.17451 -25.17550 -25.17813 -25.18188
 -25.18782 -25.19852 -25.20678 -25.21363 -25.21927 -25.22126 -25.22243 -25.22362
 -25.22379 -25.22361 -25.22361 -25.22409 -25.22433 -25.22429 -25.22527 -25.22696
 -25.08077 -25.08078 -25.08082 -25.08104 -25.08155 -25.08255 -25.08522 -25.08900
 -25.09496 -25.10578 -25.11437 -25.12161 -25.12766 -25.12984 -25.13095 -25.13191
 -25.13237 -25.13258 -25.13258 -25.13253 -25.13246 -25.13251 -25.13293 -25.13391
 -25.01779 -25.01780 -25.01779 -25.01787 -25.01830 -25.01930 -25.02210 -25.02598
 -25.03194 -25.04279 -25.05170 -25.05916 -25.06517 -25.06753 -25.06877 -25.06958
 -25.06995 -25.07011 -25.07009 -25.07008 -25.07007 -25.07009 -25.07029 -25.07087
 -24.92771 -24.92794 -24.92855 -24.92996 -24.93118 -24.93225 -24.93386 -24.93643
 -24.94125 -24.95183 -24.96197 -24.97053 -24.97687 -24.97981 -24.98142 -24.98196
 -24.98220 -24.98235 -24.98233 -24.98232 -24.98232 -24.98232 -24.98233 -24.98235
 -24.81081 -24.81163 -24.81190 -24.81134 -24.81091 -24.81110 -24.81329 -24.81715
 -24.82353 -24.83556 -24.84555 -24.85337 -24.85840 -24.86011 -24.86209 -24.86520
 -24.86545 -24.86503 -24.86511 -24.86511 -24.86513 -24.86509 -24.86457 -24.86413
 -24.72645 -24.72642 -24.72624 -24.72591 -24.72598 -24.72668 -24.72937 -24.73365
 -24.74065 -24.75318 -24.76245 -24.76997 -24.77594 -24.77765 -24.77895 -24.78110
 -24.78130 -24.78104 -24.78108 -24.78099 -24.78119 -24.78105 -24.77911 -24.77862
 -24.63045 -24.63045 -24.63053 -24.63090 -24.63167 -24.63310 -24.63666 -24.64135
 -24.64842 -24.66044 -24.66911 -24.67656 -24.68317 -24.68466 -24.68548 -24.68731
 -24.68749 -24.68726 -24.68729 -24.68724 -24.68738 -24.68726 -24.68585 -24.68551
 -24.52517 -24.52525 -24.52557 -24.52644 -24.52740 -24.52857 -24.53127 -24.53574
 -24.54370 -24.55752 -24.56568 -24.57225 -24.57883 -24.58049 -24.58114 -24.58233
 -24.58240 -24.58220 -24.58223 -24.58224 -24.58222 -24.58232 -24.58250 -24.58247
 -24.45384 -24.45422 -24.45441 -24.45448 -24.45490 -24.45611 -24.45981 -24.46501
 -24.47299 -24.48610 -24.49439 -24.50056 -24.50603 -24.50884 -24.51017 -24.51005
 -24.50996 -24.50999 -24.50997 -24.50996 -24.50998 -24.51006 -24.51009 -24.51010
 -24.34639 -24.34666 -24.34691 -24.34736 -24.34815 -24.34965 -24.35347 -24.35853
 -24.36612 -24.37908 -24.38830 -24.39484 -24.39908 -24.40125 -24.40229 -24.40232
 -24.40314 -24.40377 -24.40353 -24.40359 -24.40331 -24.40233 -24.40229 -24.40236
 -24.18784 -24.18787 -24.18789 -24.18809 -24.18881 -24.19039 -24.19453 -24.19991
 -24.20784 -24.22083 -24.22944 -24.23561 -24.24006 -24.24195 -24.24321 -24.24414
 -24.24413 -24.24369 -24.24314 -24.24334 -24.24371 -24.24386 -24.24366 -24.24359
 -24.06574 -24.06591 -24.06603 -24.06632 -24.06707 -24.06871 -24.07298 -24.07845
 -24.08643 -24.09935 -24.10781 -24.11413 -24.11903 -24.12058 -24.12141 -24.12232
 -24.12248 -24.12252 -24.12251 -24.12203 -24.12171 -24.12173 -24.12135 -24.12118
 -23.92021 -23.92020 -23.92049 -23.92153 -23.92289 -23.92477 -23.92875 -23.93403
 -23.94227 -23.95557 -23.96320 -23.96961 -23.97621 -23.97695 -23.97597 -23.97619
 -23.97862 -23.98079 -23.98030 -23.97776 -23.97594 -23.97623 -23.97640 -23.97616
 -23.74059 -23.74045 -23.74025 -23.74033 -23.74118 -23.74318 -23.74810 -23.75372
 -23.76111 -23.77308 -23.78232 -23.78900 -23.79297 -23.79506 -23.79637 -23.79651
 -23.79615 -23.79589 -23.79594 -23.79600 -23.79606 -23.79613 -23.79615 -23.79607
 -23.59863 -23.59862 -23.59848 -23.59839 -23.59900 -23.60072 -23.60548 -23.61139
 -23.61967 -23.63306 -23.64238 -23.64900 -23.65300 -23.65426 -23.65537 -23.65685
 -23.65688 -23.65677 -23.65673 -23.65563 -23.65479 -23.65501 -23.65506 -23.65497
 -23.38443 -23.38443 -23.38462 -23.38542 -23.38677 -23.38905 -23.39403 -23.39977
 -23.40763 -23.42022 -23.42898 -23.43580 -23.44085 -23.44195 -23.44241 -23.44339
 -23.44348 -23.44327 -23.44334 -23.44376 -23.44351 -23.44222 -23.44220 -23.44195
 -23.09964 -23.09965 -23.09958 -23.09963 -23.10034 -23.10214 -23.10695 -23.11304
 -23.12175 -23.13557 -23.14438 -23.15053 -23.15502 -23.15710 -23.15828 -23.15872
 -23.15876 -23.15882 -23.15878 -23.15839 -23.15815 -23.15802 -23.15725 -23.15667
 -22.91115 -22.91115 -22.91086 -22.91027 -22.91041 -22.91177 -22.91644 -22.92282
 -22.93222 -22.94711 -22.95600 -22.96164 -22.96561 -22.96839 -22.97015 -22.97031
 -22.97034 -22.97061 -22.97049 -22.96927 -22.96892 -22.96983 -22.96850 -22.96772
 -22.71134 -22.71135 -22.71082 -22.70953 -22.70909 -22.70999 -22.71448 -22.72117
 -22.73132 -22.74733 -22.75631 -22.76142 -22.76483 -22.76836 -22.77074 -22.77059
 -22.77061 -22.77112 -22.77090 -22.76879 -22.76832 -22.77033 -22.76843 -22.76742
 -22.48420 -22.48421 -22.48342 -22.48134 -22.48022 -22.48060 -22.48491 -22.49194
 -22.50294 -22.52023 -22.52931 -22.53380 -22.53659 -22.54096 -22.54404 -22.54355
 -22.54355 -22.54433 -22.54401 -22.54088 -22.54029 -22.54355 -22.54099 -22.53972
---------------------/ IPRT= 1  / IGRD= 0  /--------/ Z1= 5   / DATE= 07/10/18
 -25.77677 -25.77677 -25.77677 -25.77677 -25.77677 -25.77677 -25.77677 -25.77677
 -25.77677 -25.77677 -25.77677 -25.77677 -25.77679 -25.77675 -25.77674 -25.77700
 -25.77643 -25.77628 -25.78192 -25.78539 -25.78624 -25.79212 -25.79659 -25.80275
 -25.68952 -25.68952 -25.68952 -25.68952 -25.68952 -25.68952 -25.68952 -25.68952
 -25.68952 -25.68952 -25.68951 -25.68951 -25.68953 -25.68950 -25.68949 -25.68970
 -25.68925 -25.68913 -25.69359 -25.69638 -25.69718 -25.70229 -25.70655 -25.71265
 -25.57959 -25.57959 -25.57959 -25.57959 -25.57959 -25.57959 -25.57959 -25.57959
 -25.57959 -25.57959 -25.57958 -25.57958 -25.57959 -25.57957 -25.57957 -25.57971
 -25.57941 -25.57933 -25.58230 -25.58423 -25.58498 -25.58912 -25.59311 -25.59913
 -25.50718 -25.50718 -25.50718 -25.50718 -25.50718 -25.50718 -25.50718 -25.50718
 -25.50718 -25.50718 -25.50718 -25.50718 -25.50718 -25.50717 -25.50716 -25.50726
 -25.50706 -25.50701 -25.50900 -25.51036 -25.51107 -25.51457 -25.51839 -25.52435
 -25.43042 -25.43042 -25.43042 -25.43042 -25.43042 -25.43042 -25.43042 -25.43042
 -25.43042 -25.43042 -25.43042 -25.43042 -25.43042 -25.43042 -25.43041 -25.43046
 -25.43036 -25.43034 -25.43130 -25.43205 -25.43273 -25.43555 -25.43919 -25.44509
 -25.34303 -25.34303 -25.34303 -25.34303 -25.34303 -25.34303 -25.34303 -25.34303
 -25.34303 -25.34303 -25.34303 -25.34303 -25.34303 -25.34303 -25.34303 -25.34303
 -25.34303 -25.34304 -25.34298 -25.34313 -25.34376 -25.34590 -25.34927 -25.35493
 -25.28050 -25.28050 -25.28050 -25.28050 -25.28050 -25.28050 -25.28050 -25.28050
 -25.28050 -25.28050 -25.28050 -25.28050 -25.28050 -25.28050 -25.28050 -25.28050
 -25.28051 -25.28052 -25.28039 -25.28046 -25.28101 -25.28294 -25.28584 -25.29074
 -25.19196 -25.19196 -25.19196 -25.19196 -25.19196 -25.19196 -25.19196 -25.19196
 -25.19196 -25.19196 -25.19196 -25.19196 -25.19196 -25.19196 -25.19196 -25.19197
 -25.19194 -25.19193 -25.19234 -25.19275 -25.19316 -25.19422 -25.19623 -25.20021
 -25.08137 -25.08137 -25.08137 -25.08137 -25.08137 -25.08137 -25.08137 -25.08137
 -25.08137 -25.08137 -25.08137 -25.08137 -25.08136 -25.08137 -25.08137 -25.08136
 -25.08137 -25.08137 -25.08129 -25.08122 -25.08138 -25.08258 -25.08436 -25.08749
 -25.00833 -25.00833 -25.00833 -25.00833 -25.00833 -25.00833 -25.00833 -25.00833
 -25.00833 -25.00833 -25.00833 -25.00833 -25.00833 -25.00833 -25.00833 -25.00832
 -25.00834 -25.00834 -25.00823 -25.00854 -25.00924 -25.00989 -25.01105 -25.01399
 -24.92971 -24.92971 -24.92971 -24.92971 -24.92971 -24.92971 -24.92971 -24.92971
 -24.92970 -24.92970 -24.92971 -24.92971 -24.92970 -24.92971 -24.92971 -24.92967
 -24.92975 -24.92978 -24.92925 -24.93045 -24.93303 -24.93359 -24.93382 -24.93634
 -24.84267 -24.84267 -24.84267 -24.84267 -24.84267 -24.84267 -24.84267 -24.84267
 -24.84267 -24.84267 -24.84267 -24.84267 -24.84267 -24.84267 -24.84267 -24.84266
 -24.84267 -24.84267 -24.84265 -24.84268 -24.84271 -24.84260 -24.84288 -24.84482
 -24.78060 -24.78060 -24.78060 -24.78060 -24.78060 -24.78060 -24.78060 -24.78060
 -24.78060 -24.78060 -24.78060 -24.78060 -24.78060 -24.78060 -24.78060 -24.78060
 -24.78060 -24.78060 -24.78061 -24.78057 -24.78045 -24.78029 -24.78061 -24.78225
 -24.69168 -24.69168 -24.69168 -24.69168 -24.69168 -24.69168 -24.69168 -24.69168
 -24.69168 -24.69168 -24.69168 -24.69168 -24.69168 -24.69168 -24.69168 -24.69168
 -24.69168 -24.69168 -24.69166 -24.69170 -24.69175 -24.69157 -24.69199 -24.69356
 -24.58201 -24.58201 -24.58201 -24.58201 -24.58201 -24.58201 -24.58201 -24.58201
 -24.58201 -24.58201 -24.58201 -24.58201 -24.58201 -24.58201 -24.58201 -24.58201
 -24.58201 -24.58201 -24.58202 -24.58200 -24.58200 -24.58218 -24.58192 -24.58165
 -24.50820 -24.50820 -24.50820 -24.50820 -24.50820 -24.50820 -24.50820 -24.50820
 -24.50820 -24.50820 -24.50820 -24.50820 -24.50820 -24.50820 -24.50820 -24.50820
 -24.50820 -24.50820 -24.50820 -24.50821 -24.50820 -24.50808 -24.50805 -24.50806
 -24.43061 -24.43061 -24.43061 -24.43061 -24.43061 -24.43061 -24.43061 -24.43061
 -24.43061 -24.43061 -24.43061 -24.43061 -24.43061 -24.43061 -24.43061 -24.43061
 -24.43061 -24.43061 -24.43059 -24.43064 -24.43064 -24.42997 -24.42936 -24.42883
 -24.34208 -24.34208 -24.34208 -24.34208 -24.34208 -24.34208 -24.34208 -24.34208
 -24.34208 -24.34208 -24.34208 -24.34208 -24.34208 -24.34208 -24.34208 -24.34208
 -24.34209 -24.34209 -24.34207 -24.34211 -24.34212 -24.34164 -24.34078 -24.33955
 -24.27959 -24.27959 -24.27959 -24.27959 -24.27959 -24.27959 -24.27959 -24.27959
 -24.27959 -24.27959 -24.27959 -24.27959 -24.27959 -24.27958 -24.27958 -24.27959
 -24.27958 -24.27958 -24.27964 -24.27945 -24.27901 -24.27853 -24.27769 -24.27617
 -24.19184 -24.19184 -24.19184 -24.19184 -24.19184 -24.19184 -24.19184 -24.19184
 -24.19184 -24.19184 -24.19184 -24.19184 -24.19184 -24.19184 -24.19184 -24.19185
 -24.19183 -24.19182 -24.19199 -24.19178 -24.19122 -24.19089 -24.19014 -24.18844
 -24.07907 -24.07907 -24.07907 -24.07907 -24.07907 -24.07907 -24.07907 -24.07907
 -24.07907 -24.07907 -24.07907 -24.07907 -24.07907 -24.07908 -24.07908 -24.07906
 -24.07910 -24.07910 -24.07876 -24.07856 -24.07854 -24.07809 -24.07695 -24.07497
 -23.99991 -23.99991 -23.99991 -23.99991 -23.99991 -23.99991 -23.99991 -23.99991
 -23.99991 -23.99991 -23.99991 -23.99991 -23.99991 -23.99991 -23.99991 -23.99992
 -23.99991 -23.99991 -23.99998 -23.99998 -23.99968 -23.99844 -23.99732 -23.99596
 -23.91397 -23.91397 -23.91397 -23.91397 -23.91397 -23.91397 -23.91397 -23.91397
 -23.91397 -23.91397 -23.91397 -23.91397 -23.91397 -23.91397 -23.91397 -23.91396
 -23.91398 -23.91398 -23.91387 -23.91416 -23.91420 -23.91137 -23.91014 -23.91050
 -23.81647 -23.81647 -23.81647 -23.81647 -23.81647 -23.81647 -23.81647 -23.81647
 -23.81647 -23.81647 -23.81647 -23.81647 -23.81647 -23.81647 -23.81647 -23.81647
 -23.81647 -23.81647 -23.81648 -23.81646 -23.81645 -23.81659 -23.81624 -23.81443
 -23.74503 -23.74503 -23.74503 -23.74503 -23.74503 -23.74503 -23.74503 -23.74503
 -23.74503 -23.74503 -23.74503 -23.74503 -23.74503 -23.74504 -23.74504 -23.74503
 -23.74504 -23.74505 -23.74497 -23.74514 -23.74530 -23.74410 -23.74289 -23.74142
 -23.63307 -23.63307 -23.63307 -23.63307 -23.63307 -23.63307 -23.63307 -23.63307
 -23.63307 -23.63307 -23.63307 -23.63307 -23.63307 -23.63306 -23.63306 -23.63308
 -23.63304 -23.63303 -23.63329 -23.63271 -23.63149 -23.63128 -23.63059 -23.62831
 -23.46765 -23.46765 -23.46765 -23.46765 -23.46765 -23.46765 -23.46765 -23.46765
 -23.46765 -23.46765 -23.46765 -23.46765 -23.46765 -23.46765 -23.46765 -23.46764
 -23.46766 -23.46766 -23.46756 -23.46779 -23.46810 -23.46713 -23.46591 -23.46424
 -23.34940 -23.34940 -23.34940 -23.34940 -23.34940 -23.34940 -23.34940 -23.34940
 -23.34940 -23.34940 -23.34940 -23.34940 -23.34940 -23.34939 -23.34939 -23.34940
 -23.34939 -23.34939 -23.34942 -23.34936 -23.34921 -23.34894 -23.34798 -23.34585
 -23.22338 -23.22338 -23.22338 -23.22338 -23.22338 -23.22338 -23.22338 -23.22338
 -23.22338 -23.22338 -23.22338 -23.22338 -23.22338 -23.22338 -23.22338 -23.22339
 -23.22336 -23.22335 -23.22357 -23.22309 -23.22223 -23.22291 -23.22233 -23.21958
 -23.08013 -23.08013 -23.08013 -23.08013 -23.08013 -23.08013 -23.08013 -23.08013
 -23.08013 -23.08013 -23.08013 -23.08013 -23.08013 -23.08013 -23.08012 -23.08016
 -23.08009 -23.08007 -23.08051 -23.07954 -23.07789 -23.07964 -23.07949 -23.07603
---------------------/ IPRT= 2  / IGRD= 0  /--------/ Z1= 5   / DATE= 07/10/18
 -74.00000 -74.00000 -74.00000 -74.00000 -74.00000 -74.00000 -74.00000 -74.00000
 -74.00000 -74.00000 -74.00000 -74.00000 -74.00000 -74.00000 -74.00000 -74.00000
 -74.00000 -74.00000 -74.00000 -74.00000 -74.00000 -74.00000 -74.00000 -74.00000
 -74.00000 -74.00000 -74.00000 -74.00000 -74.00000 -74.00000 -74.00000 -74.00000
 -74.00000 -74.00000 -74.00000 -74.00000 -74.00000 -74.00000 -74.00000 -74.00000
 -74.00000 -74.00000 -74.00000 -74.00000 -74.00000 -74.00000 -74.00000 -74.00000
 -74.00000 -74.00000 -74.00000 -74.00000 -74.00000 -74.00000 -74.00000 -74.00000
 -74.00000 -74.00000 -74.00000 -74.00000 -74.00000 -74.00000 -74.00000 -74.00000
 -74.00000 -74.00000 -74.00000 -74.00000 -74.00000 -74.00000 -74.00000 -74.00000
 -74.00000 -74.00000 -74.00000 -74.00000 -74.00000 -74.00000 -74.00000 -74.00000
 -74.00000 -74.00000 -74.00000 -74.00000 -74.00000 -74.00000 -74.00000 -74.00000
 -74.00000 -74.00000 -74.00000 -74.00000 -74.00000 -74.00000 -74.00000 -74.00000
 -74.00000 -74.00000 -74.00000 -74.00000 -74.00000 -74.00000 -74.00000 -74.00000
 -74.00000 -74.00000 -74.00000 -74.00000 -74.00000 -74.00000 -74.00000 -74.00000
 -74.00000 -74.00000 -74.00000 -74.00000 -74.00000 -74.00000 -74.00000 -74.00000
 -74.00000 -74.00000 -74.00000 -74.00000 -74.00000 -74.00000 -74.00000 -74.00000
 -74.00000 -74.00000 -74.00000 -74.00000 -74.00000 -74.00000 -74.00000 -74.00000
 -74.00000 -74.00000 -74.00000 -74.00000 -74.00000 -74.00000 -74.00000 -74.00000
 -74.00000 -74.00000 -74.00000 -74.00000 -74.00000 -74.00000 -74.00000 -74.00000
 -74.00000 -74.00000 -74.00000 -74.00000 -74.00000 -74.00000 -74.00000 -74.00000
 -74.00000 -74.00000 -74.00000 -74.00000 -74.00000 -74.00000 -74.00000 -74.00000
 -74.00000 -74.00000 -74.00000 -74.00000 -74.00000 -74.00000 -74.00000 -74.00000
 -74.00000 -74.00000 -74.00000 -74.00000 -74.00000 -74.00000 -74.00000 -74.00000
 -74.00000 -74.00000 -74.00000 -74.00000 -74.00000 -74.00000 -74.00000 -74.00000
 -74.00000 -74.00000 -74.00000 -74.00000 -74.00000 -74.00000 -74.00000 -74.00000
 -74.00000 -74.00000 -74.00000 -74.00000 -74.00000 -74.00000 -74.00000 -74.00000
 -74.00000 -74.00000 -74.00000 -74.00000 -74.00000 -74.00000 -74.00000 -74.00000
 -74.00000 -74.00000 -74.00000 -74.00000 -74.00000 -74.00000 -74.00000 -74.00000
 -74.00000 -74.00000 -74.00000 -74.00000 -74.00000 -74.00000 -74.00000 -74.00000
 -74.00000 -74.00000 -74.00000 -74.00000 -74.00000 -74.00000 -74.00000 -74.00000
 -74.00000 -74.00000 -74.00000 -74.00000 -74.00000 -74.00000 -74.00000 -74.00000
 -74.00000 -74.00000 -74.00000 -74.00000 -74.00000 -74.00000 -74.00000 -74.00000
 -74.00000 -74.00000 -74.00000 -74.00000 -74.00000 -74.00000 -74.00000 -74.00000
 -74.00000 -74.00000 -74.00000 -74.00000 -74.00000 -74.00000 -74.00000 -74.00000
 -74.00000 -74.00000 -74.00000 -74.00000 -74.00000 -74.00000 -74.00000 -74.00000
 -74.00000 -74.00000 -74.00000 -74.00000 -74.00000 -74.00000 -74.00000 -74.00000
 -74.00000 -74.00000 -74.00000 -74.00000 -74.00000 -74.00000 -74.00000 -74.00000
 -74.00000 -74.00000 -74.00000 -74.00000 -74.00000 -74.00000 -74.00000 -74.00000
 -74.00000 -74.00000 -74.00000 -74.00000 -74.00000 -74.00000 -74.00000 -74.00000
 -74.00000 -74.00000 -74.00000 -74.00000 -74.00000 -74.00000 -74.00000 -74.00000
 -74.00000 -74.00000 -74.00000 -74.00000 -74.00000 -74.00000 -74.00000 -74.00000
 -74.00000 -74.00000 -74.00000 -74.00000 -74.00000 -74.00000 -74.00000 -74.00000
 -74.00000 -74.00000 -74.00000 -74.00000 -74.00000 -74.00000 -74.00000 -74.00000
 -74.00000 -74.00000 -74.00000 -74.00000 -74.00000 -74.00000 -74.00000 -74.00000
 -74.00000 -74.00000 -74.00000 -74.00000 -74.00000 -74.00000 -74.00000 -74.00000
 -74.00000 -74.00000 -74.00000 -74.00000 -74.00000 -74.00000 -74.00000 -74.00000
 -74.00000 -74.00000 -74.00000 -74.00000 -74.00000 -74.00000 -74.00000 -74.00000
 -74.00000 -74.00000 -74.00000 -74.00000 -74.00000 -74.00000 -74.00000 -74.00000
 -74.00000 -74.00000 -74.00000 -74.00000 -74.00000 -74.00000 -74.00000 -74.00000
 -74.00000 -74.00000 -74.00000 -74.00000 -74.00000 -74.00000 -74.00000 -74.00000
 -74.00000 -74.00000 -74.00000 -74.00000 -74.00000 -74.00000 -74.00000 -74.00000
 -74.00000 -74.00000 -74.00000 -74.00000 -74.00000 -74.00000 -74.00000 -74.00000
 -74.00000 -74.00000 -74.00000 -74.00000 -74.00000 -74.00000 -74.00000 -74.00000
 -74.00000 -74.00000 -74.00000 -74.00000 -74.00000 -74.00000 -74.00000 -74.00000
 -74.00000 -74.00000 -74.00000 -74.00000 -74.00000 -74.00000 -74.00000 -74.00000
 -74.00000 -74.00000 -74.00000 -74.00000 -74.00000 -74.00000 -74.00000 -74.00000
 -74.00000 -74.00000 -74.00000 -74.00000 -74.00000 -74.00000 -74.00000 -74.00000
 -74.00000 -74.00000 -74.00000 -74.00000 -74.00000 -74.00000 -74.00000 -74.00000
 -74.00000 -74.00000 -74.00000 -74.00000 -74.00000 -74.00000 -74.00000 -74.00000
 -74.00000 -74.00000 -74.00000 -74.00000 -74.00000 -74.00000 -74.00000 -74.00000
 -74.00000 -74.00000 -74.00000 -74.00000 -74.00000 -74.00000 -74.00000 -74.00000
 -74.00000 -74.00000 -74.00000 -74.00000 -74.00000 -74.00000 -74.00000 -74.00000
 -74.00000 -74.00000 -74.00000 -74.00000 -74.00000 -74.00000 -74.00000 -74.00000
 -74.00000 -74.00000 -74.00000 -74.00000 -74.00000 -74.00000 -74.00000 -74.00000
 -74.00000 -74.00000 -74.00000 -74.00000 -74.00000 -74.00000 -74.00000 -74.00000
 -74.00000 -74.00000 -74.00000 -74.00000 -74.00000 -74.00000 -74.00000 -74.00000
 -74.00000 -74.00000 -74.00000 -74.00000 -74.00000 -74.00000 -74.00000 -74.00000
 -74.00000 -74.00000 -74.00000 -74.00000 -74.00000 -74.00000 -74.00000 -74.00000
 -74.00000 -74.00000 -74.00000 -74.00000 -74.00000 -74.00000 -74.00000 -74.00000
 -74.00000 -74.00000 -74.00000 -74.00000 -74.00000 -74.00000 -74.00000 -74.00000
 -74.00000 -74.00000 -74.00000 -74.00000 -74.00000 -74.00000 -74.00000 -74.00000
 -74.00000 -74.00000 -74.00000 -74.00000 -74.00000 -74.00000 -74.00000 -74.00000
 -74.00000 -74.00000 -74.00000 -74.00000 -74.00000 -74.00000 -74.00000 -74.00000
 -74.00000 -74.00000 -74.00000 -74.00000 -74.00000 -74.00000 -74.00000 -74.00000
 -74.00000 -74.00000 -74.00000 -74.00000 -74.00000 -74.00000 -74.00000 -74.00000
 -74.00000 -74.00000 -74.00000 -74.00000 -74.00000 -74.00000 -74.00000 -74.00000
 -74.00000 -74.00000 -74.00000 -74.00000 -74.00000 -74.00000 -74.00000 -74.00000
 -74.00000 -74.00000 -74.00000 -74.00000 -74.00000 -74.00000 -74.00000 -74.00000
 -74.00000 -74.00000 -74.00000 -74.00000 -74.00000 -74.00000 -74.00000 -74.00000
 -74.00000 -74.00000 -74.00000 -74.00000 -74.00000 -74.00000 -74.00000 -74.00000
 -74.00000 -74.00000 -74.00000 -74.00000 -74.00000 -74.00000 -74.00000 -74.00000
 -74.00000 -74.00000 -74.00000 -74.00000 -74.00000 -74.00000 -74.00000 -74.00000
 -74.00000 -74.00000 -74.00000 -74.00000 -74.00000 -74.00000 -74.00000 -74.00000
 -74.00000 -74.00000 -74.00000 -74.00000 -74.00000 -74.00000 -74.00000 -74.00000
 -74.00000 -74.00000 -74.00000 -74.00000 -74.00000 -74.00000 -74.00000 -74.00000
 -74.00000 -74.00000 -74.00000 -74.00000 -74.00000 -74.00000 -74.00000 -74.00000
 -74.00000 -74.00000 -74.00000 -74.00000 -74.00000 -74.00000 -74.00000 -74.00000
 -74.00000 -74.00000 -74.00000 -74.00000 -74.00000 -74.00000 -74.00000 -74.00000
 -74.00000 -74.00000 -74.00000 -74.00000 -74.00000 -74.00000 -74.00000 -74.00000
 -74.00000 -74.00000 -74.00000 -74.00000 -74.00000 -74.00000 -74.00000 -74.00000
---------------------/ IPRT= 1  / IGRD= 0  /--------/ Z1= 6   / DATE= 07/10/18
 -25.19410 -25.19410 -25.19404 -25.19400 -25.19401 -25.19402 -25.19401 -25.19399
 -25.19400 -25.19408 -25.19414 -25.19410 -25.19385 -25.19421 -25.19467 -25.19181
 -25.19668 -25.21235 -25.22235 -25.22487 -25.23382 -25.24749 -25.25541 -25.26299
 -25.10706 -25.10706 -25.10701 -25.10698 -25.10699 -25.10699 -25.10699 -25.10697
 -25.10698 -25.10704 -25.10709 -25.10706 -25.10686 -25.10715 -25.10753 -25.10519
 -25.10917 -25.12203 -25.13043 -25.13285 -25.14081 -25.15374 -25.16245 -25.17139
 -24.99740 -24.99740 -24.99737 -24.99735 -24.99735 -24.99736 -24.99735 -24.99734
 -24.99735 -24.99739 -24.99743 -24.99741 -24.99726 -24.99747 -24.99774 -24.99605
 -24.99893 -25.00825 -25.01463 -25.01692 -25.02364 -25.03563 -25.04533 -25.05597
 -24.92517 -24.92517 -24.92515 -24.92513 -24.92514 -24.92514 -24.92514 -24.92513
 -24.92513 -24.92517 -24.92519 -24.92518 -24.92507 -24.92522 -24.92543 -24.92417
 -24.92631 -24.93330 -24.93835 -24.94055 -24.94645 -24.95784 -24.96818 -24.97995
 -24.84861 -24.84861 -24.84859 -24.84859 -24.84859 -24.84859 -24.84859 -24.84858
 -24.84858 -24.84861 -24.84862 -24.84861 -24.84854 -24.84864 -24.84877 -24.84797
 -24.84934 -24.85385 -24.85749 -24.85960 -24.86464 -24.87537 -24.88641 -24.89936
 -24.76157 -24.76157 -24.76157 -24.76157 -24.76157 -24.76157 -24.76156 -24.76156
 -24.76156 -24.76157 -24.76158 -24.76157 -24.76155 -24.76158 -24.76163 -24.76135
 -24.76183 -24.76354 -24.76558 -24.76758 -24.77163 -24.78163 -24.79344 -24.80776
 -24.69967 -24.69967 -24.69967 -24.69968 -24.69968 -24.69968 -24.69968 -24.69968
 -24.69968 -24.69967 -24.69967 -24.69967 -24.69968 -24.69967 -24.69967 -24.69969
 -24.69966 -24.69969 -24.70076 -24.70265 -24.70603 -24.71546 -24.72759 -24.74255
 -24.61103 -24.61103 -24.61103 -24.61102 -24.61102 -24.61102 -24.61102 -24.61102
 -24.61102 -24.61103 -24.61103 -24.61103 -24.61101 -24.61103 -24.61106 -24.61091
 -24.61116 -24.61209 -24.61343 -24.61482 -24.61757 -24.62549 -24.63562 -24.64873
 -24.49986 -24.49987 -24.49998 -24.50009 -24.50008 -24.50005 -24.50002 -24.50002
 -24.50003 -24.50004 -24.50004 -24.50004 -24.50003 -24.50004 -24.50006 -24.49996
 -24.50013 -24.50075 -24.50167 -24.50285 -24.50520 -24.51112 -24.51976 -24.53267
 -24.42705 -24.42707 -24.42717 -24.42726 -24.42726 -24.42724 -24.42721 -24.42722
 -24.42722 -24.42723 -24.42723 -24.42723 -24.42723 -24.42722 -24.42722 -24.42726
 -24.42718 -24.42698 -24.42728 -24.42859 -24.43127 -24.43723 -24.44517 -24.45688
 -24.34972 -24.34969 -24.34974 -24.34979 -24.34978 -24.34977 -24.34975 -24.34975
 -24.34975 -24.34975 -24.34975 -24.34975 -24.34975 -24.34975 -24.34975 -24.34975
 -24.34976 -24.34984 -24.35023 -24.35121 -24.35325 -24.35792 -24.36488 -24.37611
 -24.26183 -24.26158 -24.26139 -24.26128 -24.26128 -24.26131 -24.26133 -24.26133
 -24.26132 -24.26131 -24.26131 -24.26132 -24.26131 -24.26132 -24.26133 -24.26125
 -24.26139 -24.26187 -24.26252 -24.26303 -24.26417 -24.26863 -24.27527 -24.28527
 -24.19922 -24.19897 -24.19884 -24.19878 -24.19880 -24.19883 -24.19887 -24.19888
 -24.19889 -24.19889 -24.19889 -24.19889 -24.19889 -24.19889 -24.19888 -24.19891
 -24.19887 -24.19887 -24.19962 -24.20043 -24.20137 -24.20509 -24.21114 -24.22070
 -24.11156 -24.11140 -24.11127 -24.11106 -24.11088 -24.11074 -24.11063 -24.11060
 -24.11060 -24.11061 -24.11061 -24.11061 -24.11061 -24.11060 -24.11060 -24.11062
 -24.11058 -24.11056 -24.11116 -24.11201 -24.11314 -24.11622 -24.12119 -24.12968
 -24.00109 -24.00084 -24.00063 -24.00047 -24.00041 -24.00030 -23.99997 -23.99962
 -23.99931 -23.99912 -23.99913 -23.99918 -23.99921 -23.99921 -23.99923 -23.99913
 -23.99930 -23.99990 -24.00059 -24.00102 -24.00172 -24.00387 -24.00783 -24.01515
 -23.92773 -23.92773 -23.92782 -23.92816 -23.92841 -23.92833 -23.92731 -23.92607
 -23.92491 -23.92418 -23.92422 -23.92444 -23.92451 -23.92453 -23.92460 -23.92418
 -23.92490 -23.92720 -23.92845 -23.92772 -23.92723 -23.92940 -23.93327 -23.93915
 -23.84684 -23.84684 -23.84681 -23.84668 -23.84656 -23.84650 -23.84659 -23.84678
 -23.84696 -23.84708 -23.84707 -23.84704 -23.84703 -23.84702 -23.84701 -23.84709
 -23.84696 -23.84658 -23.84658 -23.84643 -23.84622 -23.84975 -23.85419 -23.85906
 -23.75283 -23.75294 -23.75285 -23.75218 -23.75138 -23.75064 -23.75017 -23.75020
 -23.75036 -23.75050 -23.75049 -23.75045 -23.75043 -23.75044 -23.75044 -23.75043
 -23.75044 -23.75042 -23.75018 -23.75061 -23.75200 -23.75376 -23.75622 -23.76149
 -23.68089 -23.68107 -23.68105 -23.68041 -23.67960 -23.67884 -23.67836 -23.67840
 -23.67858 -23.67873 -23.67872 -23.67868 -23.67865 -23.67866 -23.67867 -23.67864
 -23.67869 -23.67878 -23.67844 -23.67880 -23.68026 -23.68143 -23.68357 -23.68911
 -23.57387 -23.57332 -23.57282 -23.57257 -23.57263 -23.57266 -23.57230 -23.57179
 -23.57129 -23.57097 -23.57098 -23.57107 -23.57113 -23.57111 -23.57110 -23.57116
 -23.57106 -23.57093 -23.57193 -23.57268 -23.57263 -23.57374 -23.57678 -23.58216
 -23.43797 -23.43806 -23.43807 -23.43781 -23.43741 -23.43694 -23.43632 -23.43593
 -23.43565 -23.43549 -23.43549 -23.43554 -23.43557 -23.43555 -23.43555 -23.43559
 -23.43552 -23.43542 -23.43620 -23.43676 -23.43676 -23.43825 -23.44125 -23.44608
 -23.34922 -23.34923 -23.34919 -23.34899 -23.34873 -23.34840 -23.34792 -23.34758
 -23.34731 -23.34715 -23.34716 -23.34720 -23.34723 -23.34722 -23.34722 -23.34725
 -23.34720 -23.34713 -23.34769 -23.34844 -23.34910 -23.34994 -23.35207 -23.35711
 -23.25720 -23.25723 -23.25722 -23.25705 -23.25681 -23.25652 -23.25614 -23.25589
 -23.25571 -23.25560 -23.25561 -23.25564 -23.25565 -23.25565 -23.25564 -23.25567
 -23.25563 -23.25558 -23.25597 -23.25641 -23.25682 -23.25815 -23.26037 -23.26454
 -23.15405 -23.15408 -23.15406 -23.15392 -23.15374 -23.15352 -23.15323 -23.15304
 -23.15290 -23.15282 -23.15283 -23.15285 -23.15286 -23.15286 -23.15286 -23.15285
 -23.15286 -23.15288 -23.15277 -23.15292 -23.15359 -23.15508 -23.15709 -23.16092
 -23.08155 -23.08156 -23.08155 -23.08148 -23.08135 -23.08114 -23.08071 -23.08033
 -23.08001 -23.07982 -23.07982 -23.07988 -23.07991 -23.07990 -23.07990 -23.07992
 -23.07989 -23.07985 -23.08016 -23.08048 -23.08078 -23.08225 -23.08443 -23.08802
 -22.97909 -22.97909 -22.97909 -22.97906 -22.97902 -22.97900 -22.97901 -22.97905
 -22.97909 -22.97912 -22.97912 -22.97911 -22.97911 -22.97911 -22.97911 -22.97910
 -22.97912 -22.97914 -22.97901 -22.97898 -22.97907 -22.97867 -22.97977 -22.98409
 -22.84857 -22.84857 -22.84857 -22.84857 -22.84847 -22.84816 -22.84725 -22.84634
 -22.84553 -22.84503 -22.84505 -22.84520 -22.84528 -22.84524 -22.84523 -22.84533
 -22.84517 -22.84495 -22.84666 -22.84809 -22.84807 -22.84793 -22.84902 -22.85209
 -22.77342 -22.77356 -22.77347 -22.77267 -22.77171 -22.77084 -22.77035 -22.77046
 -22.77073 -22.77093 -22.77092 -22.77086 -22.77083 -22.77084 -22.77084 -22.77083
 -22.77084 -22.77085 -22.77074 -22.77048 -22.77032 -22.77168 -22.77385 -22.77685
 -22.70543 -22.70534 -22.70539 -22.70588 -22.70635 -22.70653 -22.70580 -22.70471
 -22.70363 -22.70294 -22.70297 -22.70317 -22.70329 -22.70324 -22.70322 -22.70334
 -22.70316 -22.70291 -22.70487 -22.70673 -22.70687 -22.70535 -22.70609 -22.71030
 -22.62976 -22.62934 -22.62961 -22.63190 -22.63434 -22.63596 -22.63485 -22.63202
 -22.62902 -22.62703 -22.62712 -22.62771 -22.62803 -22.62790 -22.62786 -22.62815
 -22.62769 -22.62707 -22.63204 -22.63694 -22.63748 -22.63200 -22.63073 -22.63649
---------------------/ IPRT= 1  / IGRD= 0  /--------/ Z1= 7   / DATE= 07/10/18
 -24.46018 -24.46011 -24.45998 -24.45996 -24.46026 -24.46074 -24.46080 -24.45969
 -24.45787 -24.45765 -24.46179 -24.46860 -24.46941 -24.45397 -24.42900 -24.42036
 -24.42437 -24.42403 -24.42337 -24.42376 -24.42380 -24.42295 -24.42435 -24.42457
 -24.36552 -24.36546 -24.36535 -24.36533 -24.36559 -24.36601 -24.36606 -24.36510
 -24.36353 -24.36334 -24.36691 -24.37277 -24.37347 -24.36018 -24.33868 -24.33124
 -24.33469 -24.33439 -24.33383 -24.33416 -24.33420 -24.33349 -24.33465 -24.33483
 -24.24626 -24.24621 -24.24612 -24.24611 -24.24631 -24.24665 -24.24669 -24.24593
 -24.24468 -24.24453 -24.24737 -24.25204 -24.25259 -24.24200 -24.22488 -24.21896
 -24.22170 -24.22147 -24.22102 -24.22128 -24.22131 -24.22079 -24.22164 -24.22176
 -24.16771 -24.16767 -24.16759 -24.16758 -24.16775 -24.16803 -24.16806 -24.16743
 -24.16639 -24.16627 -24.16863 -24.17251 -24.17297 -24.16417 -24.14992 -24.14500
 -24.14728 -24.14708 -24.14672 -24.14693 -24.14694 -24.14655 -24.14719 -24.14729
 -24.08444 -24.08441 -24.08435 -24.08434 -24.08447 -24.08469 -24.08472 -24.08422
 -24.08340 -24.08331 -24.08516 -24.08821 -24.08858 -24.08166 -24.07047 -24.06660
 -24.06839 -24.06824 -24.06795 -24.06811 -24.06812 -24.06786 -24.06828 -24.06834
 -23.98978 -23.98976 -23.98972 -23.98971 -23.98980 -23.98995 -23.98997 -23.98963
 -23.98906 -23.98900 -23.99028 -23.99238 -23.99263 -23.98786 -23.98014 -23.97748
 -23.97871 -23.97860 -23.97841 -23.97851 -23.97851 -23.97840 -23.97858 -23.97859
 -23.92262 -23.92260 -23.92257 -23.92257 -23.92263 -23.92273 -23.92275 -23.92251
 -23.92213 -23.92208 -23.92295 -23.92439 -23.92456 -23.92131 -23.91606 -23.91424
 -23.91508 -23.91501 -23.91488 -23.91494 -23.91494 -23.91493 -23.91493 -23.91492
 -23.82925 -23.82925 -23.82924 -23.82924 -23.82926 -23.82930 -23.82930 -23.82922
 -23.82908 -23.82906 -23.82938 -23.82989 -23.82996 -23.82878 -23.82688 -23.82623
 -23.82653 -23.82650 -23.82647 -23.82647 -23.82646 -23.82657 -23.82638 -23.82623
 -23.71637 -23.71637 -23.71637 -23.71637 -23.71637 -23.71637 -23.71637 -23.71638
 -23.71639 -23.71639 -23.71636 -23.71631 -23.71631 -23.71642 -23.71659 -23.71665
 -23.71662 -23.71663 -23.71662 -23.71664 -23.71666 -23.71647 -23.71687 -23.71769
 -23.64182 -23.64182 -23.64182 -23.64182 -23.64182 -23.64182 -23.64182 -23.64182
 -23.64182 -23.64182 -23.64182 -23.64183 -23.64183 -23.64181 -23.64178 -23.64177
 -23.64178 -23.64178 -23.64176 -23.64179 -23.64182 -23.64154 -23.64195 -23.64302
 -23.56561 -23.56561 -23.56561 -23.56561 -23.56561 -23.56561 -23.56561 -23.56561
 -23.56561 -23.56561 -23.56561 -23.56560 -23.56560 -23.56561 -23.56562 -23.56563
 -23.56562 -23.56562 -23.56565 -23.56560 -23.56557 -23.56602 -23.56608 -23.56571
 -23.47738 -23.47738 -23.47738 -23.47738 -23.47738 -23.47738 -23.47738 -23.47738
 -23.47738 -23.47738 -23.47738 -23.47738 -23.47738 -23.47738 -23.47737 -23.47738
 -23.47737 -23.47736 -23.47742 -23.47732 -23.47725 -23.47839 -23.47920 -23.47935
 -23.41499 -23.41499 -23.41499 -23.41499 -23.41499 -23.41499 -23.41499 -23.41499
 -23.41499 -23.41499 -23.41499 -23.41499 -23.41499 -23.41499 -23.41499 -23.41499
 -23.41499 -23.41499 -23.41502 -23.41495 -23.41491 -23.41571 -23.41645 -23.41700
 -23.32735 -23.32735 -23.32735 -23.32735 -23.32735 -23.32735 -23.32735 -23.32735
 -23.32735 -23.32735 -23.32735 -23.32735 -23.32735 -23.32735 -23.32735 -23.32734
 -23.32735 -23.32735 -23.32734 -23.32736 -23.32737 -23.32720 -23.32752 -23.32870
 -23.21706 -23.21706 -23.21706 -23.21706 -23.21706 -23.21706 -23.21706 -23.21706
 -23.21706 -23.21706 -23.21706 -23.21706 -23.21706 -23.21706 -23.21706 -23.21706
 -23.21706 -23.21705 -23.21707 -23.21704 -23.21702 -23.21740 -23.21801 -23.21904
 -23.14678 -23.14678 -23.14678 -23.14678 -23.14678 -23.14678 -23.14678 -23.14678
 -23.14678 -23.14678 -23.14679 -23.14679 -23.14679 -23.14678 -23.14678 -23.14679
 -23.14678 -23.14678 -23.14680 -23.14677 -23.14675 -23.14715 -23.14782 -23.14894
 -23.07570 -23.07570 -23.07570 -23.07570 -23.07570 -23.07570 -23.07570 -23.07570
 -23.07570 -23.07570 -23.07570 -23.07570 -23.07570 -23.07570 -23.07570 -23.07570
 -23.07570 -23.07570 -23.07572 -23.07568 -23.07566 -23.07607 -23.07680 -23.07798
 -22.99899 -22.99899 -22.99899 -22.99899 -22.99899 -22.99899 -22.99899 -22.99899
 -22.99899 -22.99899 -22.99899 -22.99899 -22.99899 -22.99899 -22.99899 -22.99900
 -22.99899 -22.99898 -22.99906 -22.99892 -22.99882 -23.00036 -23.00133 -23.00164
 -22.94821 -22.94821 -22.94821 -22.94821 -22.94821 -22.94821 -22.94821 -22.94821
 -22.94821 -22.94821 -22.94821 -22.94821 -22.94821 -22.94820 -22.94820 -22.94821
 -22.94820 -22.94818 -22.94833 -22.94806 -22.94787 -22.95077 -22.95223 -22.95168
 -22.88360 -22.88360 -22.88360 -22.88360 -22.88360 -22.88360 -22.88360 -22.88360
 -22.88360 -22.88360 -22.88360 -22.88360 -22.88360 -22.88360 -22.88360 -22.88360
 -22.88361 -22.88361 -22.88357 -22.88364 -22.88368 -22.88314 -22.88396 -22.88630
 -22.79718 -22.79718 -22.79718 -22.79718 -22.79718 -22.79718 -22.79718 -22.79718
 -22.79718 -22.79718 -22.79718 -22.79718 -22.79718 -22.79718 -22.79718 -22.79718
 -22.79718 -22.79718 -22.79720 -22.79716 -22.79715 -22.79764 -22.79702 -22.79609
 -22.73580 -22.73580 -22.73580 -22.73580 -22.73580 -22.73580 -22.73580 -22.73580
 -22.73580 -22.73580 -22.73580 -22.73580 -22.73580 -22.73580 -22.73580 -22.73580
 -22.73580 -22.73580 -22.73581 -22.73579 -22.73572 -22.73567 -22.73568 -22.73616
 -22.67091 -22.67091 -22.67091 -22.67091 -22.67091 -22.67091 -22.67091 -22.67091
 -22.67091 -22.67091 -22.67091 -22.67091 -22.67091 -22.67091 -22.67091 -22.67090
 -22.67092 -22.67093 -22.67080 -22.67104 -22.67162 -22.67169 -22.67188 -22.67290
 -22.60291 -22.60291 -22.60291 -22.60291 -22.60291 -22.60291 -22.60291 -22.60291
 -22.60291 -22.60291 -22.60291 -22.60291 -22.60291 -22.60291 -22.60291 -22.60290
 -22.60293 -22.60295 -22.60273 -22.60313 -22.60421 -22.60474 -22.60432 -22.60420
 -22.55463 -22.55463 -22.55463 -22.55463 -22.55463 -22.55463 -22.55463 -22.55463
 -22.55463 -22.55463 -22.55463 -22.55463 -22.55463 -22.55463 -22.55463 -22.55463
 -22.55463 -22.55464 -22.55460 -22.55467 -22.55480 -22.55472 -22.55493 -22.55580
 -22.47696 -22.47696 -22.47696 -22.47696 -22.47696 -22.47696 -22.47696 -22.47696
 -22.47696 -22.47696 -22.47696 -22.47696 -22.47696 -22.47696 -22.47696 -22.47696
 -22.47696 -22.47696 -22.47695 -22.47697 -22.47699 -22.47686 -22.47711 -22.47795
 -22.35762 -22.35762 -22.35762 -22.35762 -22.35762 -22.35762 -22.35762 -22.35762
 -22.35762 -22.35762 -22.35762 -22.35762 -22.35762 -22.35762 -22.35762 -22.35762
 -22.35762 -22.35762 -22.35762 -22.35763 -22.35763 -22.35752 -22.35772 -22.35837
 -22.26389 -22.26389 -22.26389 -22.26389 -22.26389 -22.26389 -22.26389 -22.26389
 -22.26389 -22.26389 -22.26389 -22.26389 -22.26389 -22.26389 -22.26389 -22.26389
 -22.26389 -22.26389 -22.26388 -22.26389 -22.26390 -22.26382 -22.26397 -22.26448
 -22.14824 -22.14824 -22.14824 -22.14824 -22.14824 -22.14824 -22.14824 -22.14824
 -22.14824 -22.14824 -22.14824 -22.14824 -22.14824 -22.14824 -22.14824 -22.14824
 -22.14824 -22.14824 -22.14823 -22.14824 -22.14825 -22.14818 -22.14830 -22.14870
 -22.00369 -22.00369 -22.00369 -22.00369 -22.00369 -22.00369 -22.00369 -22.00369
 -22.00369 -22.00369 -22.00369 -22.00369 -22.00369 -22.00369 -22.00369 -22.00369
 -22.00369 -22.00369 -22.00368 -22.00369 -22.00369 -22.00365 -22.00373 -22.00400
C-------------------------------------------------------------------------------
C
C     RADIATED POWERS IN UNITS OF W CM**3 
C     ----------------------------------- 
C
C     INPUT DATA
C         FOR YEAR: 96 AND WITH PREFIX: pj
C         FOR n  RECOMBINING ION CHARGE(S)  1 TO  7
C
C     CODE     : ADAS404
C     PRODUCER : Martin O'Mullane              
C     DATE     : 07/10/18
C
C-------------------------------------------------------------------------------
