   74    7   14   49   49     /TUNGSTEN           /ADAS810-total           ADF11
 -------------------------------------------------------------------------------
  10.00000  11.00000  12.00000  13.00000  14.00000  15.00000  16.00000
   1.61676   1.79285   2.01469   2.31574   2.61676   3.01469   3.31574   3.49182
   3.61676   3.79285   4.01469   4.31574   4.61676   4.79285
 --------------------/ IGRD= 1  / IPRT= 0  /PLT     / Z1=49   / DATE= 18.05.09
 -30.46526 -30.46526 -30.46526 -30.46526 -30.46526 -30.46526 -30.46526
 -28.76425 -28.76425 -28.76425 -28.76425 -28.76425 -28.76425 -28.76425
 -27.44189 -27.44189 -27.44189 -27.44189 -27.44189 -27.44189 -27.44190
 -26.50433 -26.50433 -26.50433 -26.50433 -26.50433 -26.50433 -26.50433
 -26.01299 -26.01299 -26.01299 -26.01299 -26.01299 -26.01299 -26.01299
 -25.34224 -25.34224 -25.34224 -25.34224 -25.34224 -25.34224 -25.34224
 -25.01160 -25.01160 -25.01160 -25.01160 -25.01160 -25.01160 -25.01162
 -24.90882 -24.90882 -24.90882 -24.90882 -24.90882 -24.90882 -24.90884
 -24.86438 -24.86438 -24.86438 -24.86438 -24.86438 -24.86439 -24.86441
 -24.83021 -24.83021 -24.83021 -24.83021 -24.83021 -24.83021 -24.83024
 -24.81879 -24.81879 -24.81879 -24.81879 -24.81879 -24.81879 -24.81882
 -24.83922 -24.83922 -24.83922 -24.83922 -24.83922 -24.83922 -24.83924
 -24.88506 -24.88506 -24.88506 -24.88506 -24.88506 -24.88506 -24.88508
 -24.92060 -24.92060 -24.92060 -24.92060 -24.92060 -24.92061 -24.92062
C-------------------------------------------------------------------------------
C                                                                               
C  Low-level line power coefficients  - unfiltered                              
C                                                                               
C                                                                               
C                                                                               
C  CODE     : ADAS810                                                           
C  PRODUCER : Adam Foster                                                       
C  DATE     : 18/05/09                                                          
C                                                                               
C-------------------------------------------------------------------------------
