   74    7   14   53   53     /TUNGSTEN           /ADAS810-total           ADF11
 -------------------------------------------------------------------------------
  10.00000  11.00000  12.00000  13.00000  14.00000  15.00000  16.00000
   1.68492   1.86101   2.08286   2.38389   2.68492   3.08286   3.38389   3.55998
   3.68492   3.86101   4.08286   4.38389   4.68492   4.86101
 --------------------/ IGRD= 1  / IPRT= 0  /PLT     / Z1=53   / DATE= 15.05.09
 -28.21251 -28.21254 -28.21283 -28.21520 -28.22373 -28.23416 -28.25170
 -27.29743 -27.29744 -27.29751 -27.29782 -27.29835 -27.29862 -27.30070
 -26.45174 -26.45179 -26.45189 -26.45225 -26.45309 -26.45515 -26.45852
 -25.84281 -25.84288 -25.84304 -25.84376 -25.84570 -25.84824 -25.85143
 -25.57391 -25.57394 -25.57405 -25.57445 -25.57544 -25.57640 -25.57800
 -25.36148 -25.36148 -25.36146 -25.36137 -25.36104 -25.36076 -25.36030
 -25.24744 -25.24742 -25.24740 -25.24727 -25.24672 -25.24621 -25.24520
 -25.21216 -25.21214 -25.21210 -25.21194 -25.21146 -25.21099 -25.20988
 -25.19963 -25.19960 -25.19957 -25.19944 -25.19898 -25.19851 -25.19740
 -25.19559 -25.19556 -25.19552 -25.19537 -25.19494 -25.19450 -25.19338
 -25.20684 -25.20681 -25.20678 -25.20667 -25.20628 -25.20584 -25.20479
 -25.24400 -25.24396 -25.24394 -25.24385 -25.24348 -25.24302 -25.24210
 -25.29829 -25.29825 -25.29822 -25.29814 -25.29785 -25.29746 -25.29668
 -25.33689 -25.33686 -25.33683 -25.33676 -25.33647 -25.33605 -25.33530
C-------------------------------------------------------------------------------
C                                                                               
C  Low-level line power coefficients  - unfiltered                              
C                                                                               
C                                                                               
C                                                                               
C  CODE     : ADAS810                                                           
C  PRODUCER : Adam Foster                                                       
C  DATE     : 15/05/09                                                          
C                                                                               
C-------------------------------------------------------------------------------
