   74    7   14   60   60     /TUNGSTEN           /ADAS810-total           ADF11
 -------------------------------------------------------------------------------
  10.00000  11.00000  12.00000  13.00000  14.00000  15.00000  16.00000
   1.79267   1.96876   2.19061   2.49164   2.79267   3.19061   3.49164   3.66773
   3.79267   3.96876   4.19061   4.49164   4.79267   4.96876
 --------------------/ IGRD= 1  / IPRT= 0  /PLT     / Z1=60   / DATE= 18.05.09
 -27.55428 -27.55428 -27.55428 -27.55428 -27.55428 -27.55428 -27.55428
 -26.68592 -26.68592 -26.68592 -26.68592 -26.68592 -26.68592 -26.68592
 -26.02262 -26.02262 -26.02262 -26.02262 -26.02262 -26.02262 -26.02262
 -25.57156 -25.57156 -25.57156 -25.57156 -25.57156 -25.57157 -25.57157
 -25.38928 -25.38928 -25.38928 -25.38928 -25.38928 -25.38928 -25.38928
 -25.27912 -25.27912 -25.27912 -25.27912 -25.27912 -25.27912 -25.27912
 -25.22555 -25.22555 -25.22555 -25.22555 -25.22555 -25.22555 -25.22555
 -25.21364 -25.21364 -25.21364 -25.21364 -25.21364 -25.21364 -25.21364
 -25.21453 -25.21453 -25.21453 -25.21453 -25.21453 -25.21453 -25.21453
 -25.22652 -25.22652 -25.22652 -25.22652 -25.22652 -25.22652 -25.22652
 -25.25563 -25.25563 -25.25563 -25.25563 -25.25563 -25.25563 -25.25563
 -25.31300 -25.31300 -25.31300 -25.31300 -25.31300 -25.31300 -25.31300
 -25.38479 -25.38479 -25.38479 -25.38479 -25.38479 -25.38479 -25.38479
 -25.43189 -25.43189 -25.43189 -25.43189 -25.43189 -25.43189 -25.43189
C-------------------------------------------------------------------------------
C                                                                               
C  Low-level line power coefficients  - unfiltered                              
C                                                                               
C                                                                               
C                                                                               
C  CODE     : ADAS810                                                           
C  PRODUCER : Adam Foster                                                       
C  DATE     : 18/05/09                                                          
C                                                                               
C-------------------------------------------------------------------------------
