   74    7   14   43   43     /TUNGSTEN           /ADAS810-total           ADF11
 -------------------------------------------------------------------------------
  10.00000  11.00000  12.00000  13.00000  14.00000  15.00000  16.00000
   1.50330   1.67940   1.90125   2.20227   2.50330   2.90125   3.20227   3.37836
   3.50330   3.67940   3.90125   4.20227   4.50330   4.67940
 --------------------/ IGRD= 1  / IPRT= 0  /PLT     / Z1=43   / DATE= 15.05.09
 -27.03746 -27.03748 -27.03759 -27.03868 -27.04812 -27.08646 -27.12039
 -26.37235 -26.37256 -26.37248 -26.37151 -26.36370 -26.34116 -26.33080
 -25.76926 -25.77222 -25.77230 -25.77006 -25.75344 -25.71669 -25.70099
 -25.53179 -25.54928 -25.55035 -25.54290 -25.49044 -25.39181 -25.35691
 -25.63801 -25.67476 -25.67738 -25.66494 -25.57841 -25.42013 -25.36423
 -25.78238 -25.84815 -25.85394 -25.83991 -25.73860 -25.54252 -25.46853
 -25.81428 -25.90749 -25.91686 -25.90407 -25.80543 -25.59508 -25.50869
 -25.82128 -25.93344 -25.94548 -25.93390 -25.83957 -25.62384 -25.52971
 -25.82291 -25.94998 -25.96423 -25.95371 -25.86370 -25.64587 -25.54598
 -25.82539 -25.97566 -25.99354 -25.98454 -25.90084 -25.68105 -25.57251
 -25.82552 -26.00879 -26.03228 -26.02530 -25.95027 -25.73079 -25.61061
 -25.82143 -26.05606 -26.08946 -26.08540 -26.02245 -25.80818 -25.67080
 -25.81486 -26.10747 -26.15424 -26.15323 -26.10149 -25.89698 -25.74129
 -25.80984 -26.13863 -26.19522 -26.19615 -26.15051 -25.95384 -25.78720
C-------------------------------------------------------------------------------
C                                                                               
C  Low-level line power coefficients  - unfiltered                              
C                                                                               
C                                                                               
C                                                                               
C  CODE     : ADAS810                                                           
C  PRODUCER : Adam Foster                                                       
C  DATE     : 15/05/09                                                          
C                                                                               
C-------------------------------------------------------------------------------
