   74    7   14   12   12     /TUNGSTEN           /ADAS810-total           ADF11
 -------------------------------------------------------------------------------
  10.00000  11.00000  12.00000  13.00000  14.00000  15.00000  16.00000
   0.39473   0.57082   0.79267   1.09370   1.39473   1.79267   2.09370   2.26979
   2.39473   2.57082   2.79267   3.09370   3.39473   3.57082
 --------------------/ IGRD= 1  / IPRT= 0  /PLT     / Z1=12   / DATE= 15.05.09
 -27.70257 -27.83122 -28.12976 -28.53633 -29.27592 -30.23420 -31.22959
 -27.05431 -27.16714 -27.44846 -27.89929 -28.68795 -29.64204 -30.51464
 -26.56670 -26.66529 -26.89677 -27.34404 -27.97414 -28.25344 -28.29761
 -26.06781 -26.10658 -26.17244 -26.26570 -26.31246 -26.31934 -26.32074
 -25.39329 -25.39110 -25.38643 -25.38296 -25.38279 -25.38286 -25.38342
 -24.85744 -24.85507 -24.85087 -24.84760 -24.84692 -24.84692 -24.84770
 -24.69124 -24.69103 -24.69083 -24.69087 -24.69090 -24.69101 -24.69206
 -24.64912 -24.64984 -24.65137 -24.65271 -24.65301 -24.65316 -24.65428
 -24.63522 -24.63647 -24.63897 -24.64103 -24.64149 -24.64166 -24.64280
 -24.63209 -24.63387 -24.63755 -24.64052 -24.64118 -24.64137 -24.64249
 -24.64816 -24.65033 -24.65505 -24.65899 -24.65987 -24.66008 -24.66113
 -24.69367 -24.69627 -24.70214 -24.70731 -24.70854 -24.70877 -24.70967
 -24.75837 -24.76125 -24.76788 -24.77423 -24.77585 -24.77612 -24.77686
 -24.80261 -24.80552 -24.81253 -24.81962 -24.82153 -24.82183 -24.82249
C-------------------------------------------------------------------------------
C                                                                               
C  Low-level line power coefficients  - unfiltered                              
C                                                                               
C                                                                               
C                                                                               
C  CODE     : ADAS810                                                           
C  PRODUCER : Adam Foster                                                       
C  DATE     : 15/05/09                                                          
C                                                                               
C-------------------------------------------------------------------------------
