   74    7   14   13   13     /TUNGSTEN           /ADAS810-total           ADF11
 -------------------------------------------------------------------------------
  10.00000  11.00000  12.00000  13.00000  14.00000  15.00000  16.00000
   0.46425   0.64035   0.86220   1.16322   1.46425   1.86220   2.16322   2.33931
   2.46425   2.64035   2.86220   3.16322   3.46425   3.64035
 --------------------/ IGRD= 1  / IPRT= 0  /PLT     / Z1=13   / DATE= 15.05.09
 -27.58006 -28.16321 -29.08688 -30.07819 -31.07465 -32.04854 -32.84997
 -27.22434 -27.96657 -28.91214 -29.75971 -30.16851 -30.24251 -30.25168
 -27.01541 -27.64760 -27.93207 -27.97628 -27.98099 -27.98155 -27.98240
 -26.31400 -26.34741 -26.35185 -26.35231 -26.35236 -26.35242 -26.35300
 -25.58104 -25.57155 -25.57045 -25.57034 -25.57033 -25.57037 -25.57079
 -25.07841 -25.07859 -25.07861 -25.07862 -25.07862 -25.07866 -25.07903
 -24.89480 -24.89663 -24.89682 -24.89684 -24.89685 -24.89690 -24.89735
 -24.83897 -24.84096 -24.84117 -24.84119 -24.84120 -24.84125 -24.84175
 -24.81318 -24.81509 -24.81529 -24.81531 -24.81532 -24.81537 -24.81590
 -24.79574 -24.79761 -24.79781 -24.79783 -24.79783 -24.79789 -24.79843
 -24.79190 -24.79371 -24.79390 -24.79392 -24.79393 -24.79398 -24.79454
 -24.81175 -24.81363 -24.81383 -24.81385 -24.81386 -24.81391 -24.81446
 -24.85192 -24.85396 -24.85418 -24.85421 -24.85421 -24.85426 -24.85477
 -24.88422 -24.88648 -24.88673 -24.88675 -24.88676 -24.88681 -24.88728
C-------------------------------------------------------------------------------
C                                                                               
C  Low-level line power coefficients  - unfiltered                              
C                                                                               
C                                                                               
C                                                                               
C  CODE     : ADAS810                                                           
C  PRODUCER : Adam Foster                                                       
C  DATE     : 15/05/09                                                          
C                                                                               
C-------------------------------------------------------------------------------
