   74    7   14   16   16     /TUNGSTEN           /ADAS810-total           ADF11
 -------------------------------------------------------------------------------
  10.00000  11.00000  12.00000  13.00000  14.00000  15.00000  16.00000
   0.64461   0.82070   1.04254   1.34359   1.64461   2.04254   2.34359   2.51967
   2.64461   2.82070   3.04254   3.34359   3.64461   3.82070
 --------------------/ IGRD= 1  / IPRT= 0  /PLT     / Z1=16   / DATE= 15.05.09
 -27.81948 -27.83893 -27.93413 -28.02370 -28.04605 -28.05110 -28.06361
 -26.94095 -26.94547 -26.96283 -26.97522 -26.97766 -26.97890 -26.98780
 -26.01028 -26.01160 -26.01483 -26.01583 -26.01583 -26.01653 -26.02351
 -25.23740 -25.23804 -25.23881 -25.23834 -25.23829 -25.23922 -25.24862
 -24.86955 -24.87036 -24.87050 -24.86989 -24.86989 -24.87117 -24.88394
 -24.66132 -24.66292 -24.66292 -24.66218 -24.66218 -24.66357 -24.67749
 -24.59788 -24.59986 -24.59976 -24.59884 -24.59879 -24.60009 -24.61312
 -24.58766 -24.58955 -24.58941 -24.58837 -24.58827 -24.58949 -24.60169
 -24.58955 -24.59139 -24.59125 -24.59011 -24.58998 -24.59113 -24.60268
 -24.60224 -24.60406 -24.60401 -24.60274 -24.60255 -24.60359 -24.61419
 -24.63101 -24.63283 -24.63296 -24.63152 -24.63125 -24.63216 -24.64152
 -24.68689 -24.68834 -24.68875 -24.68709 -24.68668 -24.68740 -24.69518
 -24.75669 -24.75774 -24.75850 -24.75666 -24.75607 -24.75663 -24.76296
 -24.80225 -24.80329 -24.80436 -24.80244 -24.80174 -24.80220 -24.80777
C-------------------------------------------------------------------------------
C                                                                               
C  Low-level line power coefficients  - unfiltered                              
C                                                                               
C                                                                               
C                                                                               
C  CODE     : ADAS810                                                           
C  PRODUCER : Adam Foster                                                       
C  DATE     : 15/05/09                                                          
C                                                                               
C-------------------------------------------------------------------------------
