   74    7   14   35   35     /TUNGSTEN           /ADAS810-total           ADF11
 -------------------------------------------------------------------------------
  10.00000  11.00000  12.00000  13.00000  14.00000  15.00000  16.00000
   1.32451   1.50059   1.72244   2.02346   2.32451   2.72244   3.02346   3.19956
   3.32451   3.50059   3.72244   4.02346   4.32451   4.50059
 --------------------/ IGRD= 1  / IPRT= 0  /PLT     / Z1=35   / DATE= 15.05.09
 -28.22344 -28.22344 -28.22344 -28.22344 -28.22344 -28.22344 -28.22346
 -26.89388 -26.89388 -26.89388 -26.89388 -26.89388 -26.89388 -26.89389
 -25.86783 -25.86783 -25.86783 -25.86783 -25.86783 -25.86783 -25.86785
 -25.15256 -25.15256 -25.15256 -25.15256 -25.15256 -25.15256 -25.15259
 -24.84246 -24.84246 -24.84246 -24.84246 -24.84246 -24.84246 -24.84251
 -24.70268 -24.70268 -24.70268 -24.70268 -24.70269 -24.70269 -24.70278
 -24.69067 -24.69067 -24.69067 -24.69067 -24.69067 -24.69068 -24.69078
 -24.70332 -24.70332 -24.70332 -24.70332 -24.70332 -24.70333 -24.70343
 -24.71677 -24.71677 -24.71677 -24.71677 -24.71677 -24.71678 -24.71688
 -24.74340 -24.74340 -24.74340 -24.74340 -24.74340 -24.74341 -24.74350
 -24.78422 -24.78422 -24.78422 -24.78422 -24.78422 -24.78423 -24.78431
 -24.85025 -24.85025 -24.85025 -24.85025 -24.85025 -24.85026 -24.85033
 -24.92871 -24.92871 -24.92871 -24.92871 -24.92871 -24.92872 -24.92877
 -24.97913 -24.97913 -24.97913 -24.97913 -24.97913 -24.97913 -24.97918
C-------------------------------------------------------------------------------
C                                                                               
C  Low-level line power coefficients  - unfiltered                              
C                                                                               
C                                                                               
C                                                                               
C  CODE     : ADAS810                                                           
C  PRODUCER : Adam Foster                                                       
C  DATE     : 15/05/09                                                          
C                                                                               
C-------------------------------------------------------------------------------
