   74    7   14    4    4     /TUNGSTEN           /ADAS810-total           ADF11
 -------------------------------------------------------------------------------
  10.00000  11.00000  12.00000  13.00000  14.00000  15.00000  16.00000
  -0.55952  -0.38342  -0.16157   0.13947   0.44048   0.83843   1.13947   1.31555
   1.44048   1.61658   1.83843   2.13947   2.44048   2.61658
 --------------------/ IGRD= 1  / IPRT= 0  /PLT     / Z1= 4   / DATE= 15.05.09
 -29.53685 -30.46805 -31.46029 -32.45950 -33.45942 -34.45942 -35.45941
 -29.16042 -30.07963 -31.06950 -32.06843 -33.06808 -34.06589 -35.05681
 -28.63825 -29.53127 -30.48661 -31.25379 -31.54683 -31.62705 -31.88929
 -27.80959 -28.04317 -28.08556 -28.09044 -28.09348 -28.11849 -28.31050
 -26.38131 -26.38780 -26.38864 -26.38887 -26.39033 -26.40456 -26.52273
 -25.30006 -25.29804 -25.29782 -25.29779 -25.29769 -25.29724 -25.31980
 -24.82608 -24.82379 -24.82355 -24.82351 -24.82343 -24.82362 -24.86648
 -24.64216 -24.64084 -24.64070 -24.64071 -24.64090 -24.64369 -24.70698
 -24.54912 -24.54886 -24.54884 -24.54888 -24.54927 -24.55366 -24.62766
 -24.46103 -24.46263 -24.46280 -24.46289 -24.46351 -24.46952 -24.55261
 -24.40134 -24.40564 -24.40611 -24.40625 -24.40710 -24.41433 -24.50146
 -24.37256 -24.38121 -24.38217 -24.38239 -24.38346 -24.39161 -24.47746
 -24.37550 -24.38949 -24.39108 -24.39137 -24.39257 -24.40111 -24.48196
 -24.38668 -24.40437 -24.40642 -24.40676 -24.40798 -24.41654 -24.49346
C-------------------------------------------------------------------------------
C                                                                               
C  Low-level line power coefficients  - unfiltered                              
C                                                                               
C                                                                               
C                                                                               
C  CODE     : ADAS810                                                           
C  PRODUCER : Adam Foster                                                       
C  DATE     : 15/05/09                                                          
C                                                                               
C-------------------------------------------------------------------------------
