   74    7   14   46   46     /TUNGSTEN           /ADAS810-total           ADF11
 -------------------------------------------------------------------------------
  10.00000  11.00000  12.00000  13.00000  14.00000  15.00000  16.00000
   1.56189   1.73798   1.95982   2.26086   2.56189   2.95982   3.26086   3.43694
   3.56189   3.73798   3.95982   4.26086   4.56189   4.73798
 --------------------/ IGRD= 1  / IPRT= 0  /PLT     / Z1=46   / DATE= 15.05.09
 -26.75925 -26.75925 -26.75925 -26.75925 -26.75925 -26.75925 -26.75928
 -26.18001 -26.18001 -26.18001 -26.18001 -26.18001 -26.18001 -26.18004
 -25.74184 -25.74184 -25.74184 -25.74184 -25.74184 -25.74184 -25.74186
 -25.44433 -25.44433 -25.44433 -25.44433 -25.44433 -25.44433 -25.44435
 -25.32037 -25.32037 -25.32037 -25.32037 -25.32037 -25.32037 -25.32039
 -25.09580 -25.09580 -25.09580 -25.09580 -25.09580 -25.09581 -25.09585
 -24.89283 -24.89283 -24.89283 -24.89283 -24.89283 -24.89284 -24.89296
 -24.81763 -24.81763 -24.81763 -24.81763 -24.81763 -24.81765 -24.81781
 -24.78558 -24.78558 -24.78558 -24.78558 -24.78558 -24.78560 -24.78579
 -24.76095 -24.76095 -24.76095 -24.76095 -24.76095 -24.76098 -24.76119
 -24.75595 -24.75595 -24.75595 -24.75595 -24.75595 -24.75598 -24.75620
 -24.77887 -24.77887 -24.77887 -24.77887 -24.77887 -24.77889 -24.77910
 -24.82403 -24.82403 -24.82403 -24.82403 -24.82403 -24.82405 -24.82423
 -24.85843 -24.85843 -24.85843 -24.85843 -24.85843 -24.85844 -24.85861
C-------------------------------------------------------------------------------
C                                                                               
C  Low-level line power coefficients  - unfiltered                              
C                                                                               
C                                                                               
C                                                                               
C  CODE     : ADAS810                                                           
C  PRODUCER : Adam Foster                                                       
C  DATE     : 15/05/09                                                          
C                                                                               
C-------------------------------------------------------------------------------
