   74    7   14   69   69     /TUNGSTEN           /ADAS810-total           ADF11
 -------------------------------------------------------------------------------
  10.00000  11.00000  12.00000  13.00000  14.00000  15.00000  16.00000
   1.91407   2.09015   2.31201   2.61304   2.91407   3.31201   3.61304   3.78913
   3.91407   4.09015   4.31201   4.61304   4.91407   5.09015
 --------------------/ IGRD= 1  / IPRT= 0  /PLT     / Z1=69   / DATE= 15.05.09
 -30.51718 -30.51718 -30.51718 -30.51718 -30.51718 -30.51719 -30.51719
 -29.20033 -29.20033 -29.20033 -29.20033 -29.20033 -29.20033 -29.20033
 -28.02587 -28.02587 -28.02587 -28.02587 -28.02587 -28.02587 -28.02587
 -27.06491 -27.06491 -27.06491 -27.06491 -27.06491 -27.06491 -27.06491
 -26.52329 -26.52329 -26.52329 -26.52329 -26.52329 -26.52329 -26.52329
 -26.19185 -26.19185 -26.19185 -26.19185 -26.19185 -26.19185 -26.19185
 -26.00935 -26.00935 -26.00935 -26.00935 -26.00935 -26.00935 -26.00935
 -25.89536 -25.89536 -25.89536 -25.89536 -25.89536 -25.89536 -25.89536
 -25.82672 -25.82672 -25.82672 -25.82672 -25.82672 -25.82672 -25.82672
 -25.75717 -25.75717 -25.75717 -25.75717 -25.75717 -25.75717 -25.75718
 -25.71245 -25.71245 -25.71245 -25.71245 -25.71245 -25.71245 -25.71245
 -25.70610 -25.70610 -25.70610 -25.70610 -25.70610 -25.70610 -25.70610
 -25.73710 -25.73710 -25.73710 -25.73710 -25.73710 -25.73710 -25.73710
 -25.76655 -25.76655 -25.76655 -25.76655 -25.76655 -25.76655 -25.76655
C-------------------------------------------------------------------------------
C                                                                               
C  Low-level line power coefficients  - unfiltered                              
C                                                                               
C                                                                               
C                                                                               
C  CODE     : ADAS810                                                           
C  PRODUCER : Adam Foster                                                       
C  DATE     : 15/05/09                                                          
C                                                                               
C-------------------------------------------------------------------------------
