   74    7   14   24   24     /TUNGSTEN           /ADAS810-total           ADF11
 -------------------------------------------------------------------------------
  10.00000  11.00000  12.00000  13.00000  14.00000  15.00000  16.00000
   0.99679   1.17289   1.39473   1.69576   1.99679   2.39473   2.69576   2.87185
   2.99679   3.17289   3.39473   3.69576   3.99679   4.17289
 --------------------/ IGRD= 1  / IPRT= 0  /PLT     / Z1=24   / DATE= 15.05.09
 -35.50466 -35.50466 -35.50466 -35.50466 -35.50466 -35.50466 -35.50466
 -32.47514 -32.47514 -32.47514 -32.47514 -32.47514 -32.47514 -32.47514
 -30.09175 -30.09175 -30.09175 -30.09175 -30.09175 -30.09175 -30.09175
 -28.36279 -28.36279 -28.36279 -28.36279 -28.36279 -28.36279 -28.36279
 -27.54582 -27.54582 -27.54582 -27.54582 -27.54582 -27.54582 -27.54582
 -27.05088 -27.05088 -27.05088 -27.05088 -27.05088 -27.05088 -27.05088
 -26.81174 -26.81174 -26.81174 -26.81174 -26.81174 -26.81174 -26.81175
 -26.69330 -26.69330 -26.69330 -26.69330 -26.69330 -26.69330 -26.69330
 -26.61972 -26.61972 -26.61972 -26.61972 -26.61972 -26.61972 -26.61972
 -26.53360 -26.53360 -26.53360 -26.53360 -26.53360 -26.53360 -26.53361
 -26.45218 -26.45218 -26.45218 -26.45218 -26.45218 -26.45218 -26.45219
 -26.39368 -26.39368 -26.39368 -26.39368 -26.39368 -26.39368 -26.39368
 -26.37680 -26.37680 -26.37680 -26.37680 -26.37680 -26.37680 -26.37680
 -26.38243 -26.38243 -26.38243 -26.38243 -26.38243 -26.38243 -26.38243
C-------------------------------------------------------------------------------
C                                                                               
C  Low-level line power coefficients  - unfiltered                              
C                                                                               
C                                                                               
C                                                                               
C  CODE     : ADAS810                                                           
C  PRODUCER : Adam Foster                                                       
C  DATE     : 15/05/09                                                          
C                                                                               
C-------------------------------------------------------------------------------
