   74    7   14   12   12     /TUNGSTEN           /ADAS810-total           ADF11
 -------------------------------------------------------------------------------
  10.00000  11.00000  12.00000  13.00000  14.00000  15.00000  16.00000
   0.39473   0.57082   0.79267   1.09370   1.39473   1.79267   2.09370   2.26979
   2.39473   2.57082   2.79267   3.09370   3.39473   3.57082
 --------------------/ IGRD= 1  / IPRT= 0  /PLT     / Z1=12   / DATE= 15.05.09
 -33.83329 -33.83329 -33.83329 -33.83329 -33.83331 -33.83347 -33.83512
 -30.60636 -30.60636 -30.60636 -30.60636 -30.60638 -30.60651 -30.60786
 -28.06412 -28.06412 -28.06412 -28.06412 -28.06413 -28.06424 -28.06529
 -26.21589 -26.21589 -26.21589 -26.21589 -26.21590 -26.21597 -26.21674
 -25.33420 -25.33420 -25.33420 -25.33420 -25.33421 -25.33427 -25.33492
 -24.82938 -24.82938 -24.82938 -24.82938 -24.82939 -24.82947 -24.83028
 -24.68452 -24.68452 -24.68452 -24.68452 -24.68453 -24.68463 -24.68562
 -24.65030 -24.65030 -24.65030 -24.65030 -24.65031 -24.65042 -24.65145
 -24.64114 -24.64114 -24.64114 -24.64114 -24.64115 -24.64126 -24.64230
 -24.64330 -24.64330 -24.64330 -24.64330 -24.64331 -24.64341 -24.64443
 -24.66601 -24.66601 -24.66601 -24.66601 -24.66602 -24.66611 -24.66705
 -24.71756 -24.71756 -24.71756 -24.71756 -24.71757 -24.71765 -24.71845
 -24.78664 -24.78664 -24.78664 -24.78664 -24.78665 -24.78671 -24.78737
 -24.83485 -24.83485 -24.83485 -24.83485 -24.83486 -24.83491 -24.83549
C-------------------------------------------------------------------------------
C                                                                               
C  Low-level line power coefficients  - unfiltered                              
C                                                                               
C                                                                               
C                                                                               
C  CODE     : ADAS810                                                           
C  PRODUCER : Adam Foster                                                       
C  DATE     : 15/05/09                                                          
C                                                                               
C-------------------------------------------------------------------------------
