   74    7   14   37   37     /TUNGSTEN           /ADAS810-total           ADF11
 -------------------------------------------------------------------------------
  10.00000  11.00000  12.00000  13.00000  14.00000  15.00000  16.00000
   1.37276   1.54887   1.77071   2.07173   2.37276   2.77071   3.07173   3.24783
   3.37276   3.54887   3.77071   4.07173   4.37276   4.54887
 --------------------/ IGRD= 1  / IPRT= 0  /PLT     / Z1=37   / DATE= 15.05.09
 -27.63403 -27.67160 -27.68492 -27.71365 -27.78280 -27.93182 -28.04238
 -26.84580 -26.85110 -26.85319 -26.85806 -26.86777 -26.87853 -26.87890
 -25.92229 -25.92271 -25.92243 -25.92146 -25.91842 -25.91188 -25.90911
 -25.38687 -25.39580 -25.38846 -25.36316 -25.28899 -25.23657 -25.22878
 -25.38256 -25.40956 -25.38938 -25.31363 -25.12091 -25.02996 -25.01854
 -25.50567 -25.55852 -25.53048 -25.41412 -25.14638 -25.03791 -25.02490
 -25.57719 -25.65482 -25.62837 -25.50560 -25.21656 -25.09591 -25.08115
 -25.61059 -25.70553 -25.68208 -25.56134 -25.26585 -25.13606 -25.11983
 -25.63185 -25.74040 -25.71982 -25.60224 -25.30410 -25.16675 -25.14921
 -25.65805 -25.78764 -25.77201 -25.66040 -25.36097 -25.21173 -25.19201
 -25.68699 -25.84613 -25.83813 -25.73552 -25.43828 -25.27208 -25.24900
 -25.72110 -25.92533 -25.93018 -25.84098 -25.55322 -25.36130 -25.33236
 -25.75099 -26.00499 -26.02597 -25.95019 -25.67849 -25.45878 -25.42218
 -25.76698 -26.05152 -26.08371 -26.01557 -25.75591 -25.51977 -25.47768
C-------------------------------------------------------------------------------
C                                                                               
C  Low-level line power coefficients  - unfiltered                              
C                                                                               
C                                                                               
C                                                                               
C  CODE     : ADAS810                                                           
C  PRODUCER : Adam Foster                                                       
C  DATE     : 15/05/09                                                          
C                                                                               
C-------------------------------------------------------------------------------
