   74    7   14    7    7     /TUNGSTEN           /ADAS810-total           ADF11
 -------------------------------------------------------------------------------
  10.00000  11.00000  12.00000  13.00000  14.00000  15.00000  16.00000
  -0.07344   0.10267   0.32451   0.62554   0.92656   1.32451   1.62554   1.80163
   1.92656   2.10267   2.32451   2.62554   2.92656   3.10267
 --------------------/ IGRD= 1  / IPRT= 0  /PLT     / Z1= 7   / DATE= 15.05.09
 -46.96083 -46.96083 -46.96084 -46.96084 -46.96093 -46.96182 -46.97059
 -39.92344 -39.92344 -39.92344 -39.92345 -39.92350 -39.92403 -39.92927
 -33.81078 -33.81078 -33.81078 -33.81078 -33.81081 -33.81110 -33.81402
 -29.03419 -29.03418 -29.03418 -29.03418 -29.03419 -29.03430 -29.03555
 -26.51100 -26.51057 -26.51026 -26.51020 -26.51020 -26.51010 -26.50948
 -24.97568 -24.98353 -24.98758 -24.98706 -24.98706 -24.99112 -25.01464
 -24.60945 -24.63491 -24.64737 -24.64501 -24.64535 -24.65941 -24.71961
 -24.56027 -24.58961 -24.60317 -24.60035 -24.60082 -24.61660 -24.67862
 -24.55732 -24.58717 -24.60046 -24.59764 -24.59808 -24.61338 -24.67189
 -24.57294 -24.60251 -24.61499 -24.61238 -24.61271 -24.62630 -24.67790
 -24.60655 -24.63603 -24.64760 -24.64541 -24.64555 -24.65666 -24.69986
 -24.65861 -24.69034 -24.70148 -24.69982 -24.69970 -24.70807 -24.74287
 -24.71559 -24.75264 -24.76419 -24.76308 -24.76274 -24.76914 -24.79821
 -24.75111 -24.79281 -24.80491 -24.80412 -24.80364 -24.80913 -24.83557
C-------------------------------------------------------------------------------
C                                                                               
C  Low-level line power coefficients  - unfiltered                              
C                                                                               
C                                                                               
C                                                                               
C  CODE     : ADAS810                                                           
C  PRODUCER : Adam Foster                                                       
C  DATE     : 15/05/09                                                          
C                                                                               
C-------------------------------------------------------------------------------
