   74    7   14   25   25     /TUNGSTEN           /ADAS810-total           ADF11
 -------------------------------------------------------------------------------
  10.00000  11.00000  12.00000  13.00000  14.00000  15.00000  16.00000
   1.03226   1.20833   1.43019   1.73122   2.03226   2.43019   2.73122   2.90731
   3.03226   3.20833   3.43019   3.73122   4.03226   4.20833
 --------------------/ IGRD= 1  / IPRT= 0  /PLT     / Z1=25   / DATE= 15.05.09
 -37.47062 -37.47062 -37.47062 -37.47065 -37.47091 -37.47348 -37.49826
 -33.33459 -33.33459 -33.33459 -33.33461 -33.33479 -33.33655 -33.35302
 -30.01343 -30.01343 -30.01343 -30.01343 -30.01347 -30.01384 -30.01692
 -27.48876 -27.48876 -27.48876 -27.48875 -27.48864 -27.48759 -27.48015
 -26.24184 -26.24184 -26.24184 -26.24183 -26.24169 -26.24042 -26.23230
 -25.55165 -25.55165 -25.55165 -25.55165 -25.55159 -25.55103 -25.54759
 -25.35725 -25.35725 -25.35725 -25.35725 -25.35725 -25.35720 -25.35689
 -25.30217 -25.30217 -25.30217 -25.30217 -25.30219 -25.30233 -25.30325
 -25.27874 -25.27874 -25.27874 -25.27874 -25.27877 -25.27900 -25.28051
 -25.26026 -25.26026 -25.26026 -25.26026 -25.26030 -25.26061 -25.26268
 -25.25340 -25.25340 -25.25340 -25.25340 -25.25344 -25.25381 -25.25631
 -25.27063 -25.27063 -25.27063 -25.27064 -25.27068 -25.27104 -25.27366
 -25.30974 -25.30974 -25.30974 -25.30974 -25.30978 -25.31010 -25.31254
 -25.34084 -25.34084 -25.34084 -25.34084 -25.34087 -25.34116 -25.34344
C-------------------------------------------------------------------------------
C                                                                               
C  Low-level line power coefficients  - unfiltered                              
C                                                                               
C                                                                               
C                                                                               
C  CODE     : ADAS810                                                           
C  PRODUCER : Adam Foster                                                       
C  DATE     : 15/05/09                                                          
C                                                                               
C-------------------------------------------------------------------------------
