   74    7   14   44   44     /TUNGSTEN           /ADAS810-total           ADF11
 -------------------------------------------------------------------------------
  10.00000  11.00000  12.00000  13.00000  14.00000  15.00000  16.00000
   1.52328   1.69937   1.92121   2.22225   2.52328   2.92121   3.22225   3.39834
   3.52328   3.69937   3.92121   4.22225   4.52328   4.69937
 --------------------/ IGRD= 1  / IPRT= 0  /PLT     / Z1=44   / DATE= 15.05.09
 -26.61907 -26.61907 -26.61907 -26.61907 -26.61907 -26.61907 -26.61910
 -26.00791 -26.00791 -26.00791 -26.00791 -26.00791 -26.00791 -26.00794
 -25.51456 -25.51456 -25.51456 -25.51456 -25.51456 -25.51456 -25.51458
 -25.15537 -25.15537 -25.15537 -25.15537 -25.15537 -25.15538 -25.15540
 -24.99597 -24.99597 -24.99597 -24.99597 -24.99597 -24.99598 -24.99601
 -24.87208 -24.87208 -24.87208 -24.87208 -24.87208 -24.87209 -24.87212
 -24.78157 -24.78157 -24.78157 -24.78157 -24.78157 -24.78157 -24.78161
 -24.74790 -24.74790 -24.74790 -24.74790 -24.74790 -24.74790 -24.74794
 -24.73510 -24.73510 -24.73510 -24.73510 -24.73510 -24.73510 -24.73513
 -24.73019 -24.73019 -24.73019 -24.73019 -24.73019 -24.73019 -24.73022
 -24.74085 -24.74085 -24.74085 -24.74085 -24.74085 -24.74085 -24.74088
 -24.77657 -24.77657 -24.77657 -24.77657 -24.77657 -24.77657 -24.77660
 -24.82984 -24.82984 -24.82984 -24.82984 -24.82984 -24.82984 -24.82986
 -24.86771 -24.86771 -24.86771 -24.86771 -24.86771 -24.86771 -24.86773
C-------------------------------------------------------------------------------
C                                                                               
C  Low-level line power coefficients  - unfiltered                              
C                                                                               
C                                                                               
C                                                                               
C  CODE     : ADAS810                                                           
C  PRODUCER : Adam Foster                                                       
C  DATE     : 15/05/09                                                          
C                                                                               
C-------------------------------------------------------------------------------
