   74    7   14    3    3     /TUNGSTEN           /ADAS810-total           ADF11
 -------------------------------------------------------------------------------
  10.00000  11.00000  12.00000  13.00000  14.00000  15.00000  16.00000
  -0.80939  -0.63330  -0.41145  -0.11042   0.19061   0.58855   0.88958   1.06569
   1.19061   1.36670   1.58855   1.88958   2.19061   2.36670
 --------------------/ IGRD= 1  / IPRT= 0  /PLT     / Z1= 3   / DATE= 15.05.09
 -30.62978 -31.62741 -32.62716 -33.62713 -34.62713 -35.62713 -36.62713
 -30.31450 -31.29720 -32.29490 -33.29466 -34.29461 -35.29449 -36.29434
 -29.67705 -30.55089 -31.51894 -32.38596 -32.84493 -33.09383 -33.71922
 -28.39296 -28.60432 -28.64918 -28.65543 -28.66879 -28.78181 -29.29486
 -26.57525 -26.57306 -26.57292 -26.57379 -26.58253 -26.66083 -27.07769
 -25.37804 -25.37726 -25.37724 -25.37791 -25.38453 -25.44387 -25.74815
 -24.99191 -24.99076 -24.99063 -24.99119 -24.99673 -25.05047 -25.32846
 -24.85543 -24.85425 -24.85404 -24.85451 -24.85905 -24.90830 -25.18482
 -24.77101 -24.77009 -24.76987 -24.77029 -24.77443 -24.82147 -25.09789
 -24.66551 -24.66531 -24.66510 -24.66552 -24.66959 -24.71540 -24.99202
 -24.56567 -24.56687 -24.56675 -24.56720 -24.57157 -24.61758 -24.89394
 -24.49361 -24.49769 -24.49779 -24.49829 -24.50294 -24.54859 -24.82044
 -24.47033 -24.47844 -24.47890 -24.47943 -24.48410 -24.52801 -24.79067
 -24.47079 -24.48183 -24.48258 -24.48312 -24.48767 -24.52988 -24.78496
C-------------------------------------------------------------------------------
C                                                                               
C  Low-level line power coefficients  - unfiltered                              
C                                                                               
C                                                                               
C                                                                               
C  CODE     : ADAS810                                                           
C  PRODUCER : Adam Foster                                                       
C  DATE     : 15/05/09                                                          
C                                                                               
C-------------------------------------------------------------------------------
