   74    7   14   31   31     /TUNGSTEN           /ADAS810-total           ADF11
 -------------------------------------------------------------------------------
  10.00000  11.00000  12.00000  13.00000  14.00000  15.00000  16.00000
   1.21909   1.39519   1.61703   1.91806   2.21909   2.61703   2.91806   3.09416
   3.21909   3.39519   3.61703   3.91806   4.21909   4.39519
 --------------------/ IGRD= 1  / IPRT= 0  /PLT     / Z1=31   / DATE= 15.05.09
 -28.00546 -28.04204 -28.05045 -28.06692 -28.18112 -28.63480 -29.39840
 -27.70816 -27.73037 -27.73570 -27.74598 -27.81186 -28.00750 -28.13493
 -26.56209 -26.56391 -26.56441 -26.56565 -26.57315 -26.59023 -26.59768
 -25.43741 -25.43755 -25.43766 -25.43817 -25.44096 -25.44560 -25.44719
 -24.90081 -24.90093 -24.90135 -24.90237 -24.90495 -24.90773 -24.91233
 -24.60705 -24.60755 -24.60932 -24.61215 -24.61523 -24.62122 -24.63931
 -24.53517 -24.53597 -24.53854 -24.54226 -24.54562 -24.55454 -24.58056
 -24.52576 -24.52665 -24.52945 -24.53343 -24.53691 -24.54671 -24.57516
 -24.52855 -24.52945 -24.53233 -24.53641 -24.53998 -24.55004 -24.57940
 -24.54321 -24.54411 -24.54699 -24.55103 -24.55449 -24.56440 -24.59410
 -24.57377 -24.57461 -24.57739 -24.58139 -24.58491 -24.59424 -24.62328
 -24.63227 -24.63299 -24.63553 -24.63929 -24.64280 -24.65082 -24.67772
 -24.70564 -24.70623 -24.70846 -24.71182 -24.71494 -24.72133 -24.74538
 -24.75352 -24.75404 -24.75609 -24.75927 -24.76233 -24.76787 -24.79014
C-------------------------------------------------------------------------------
C                                                                               
C  Low-level line power coefficients  - unfiltered                              
C                                                                               
C                                                                               
C                                                                               
C  CODE     : ADAS810                                                           
C  PRODUCER : Adam Foster                                                       
C  DATE     : 15/05/09                                                          
C                                                                               
C-------------------------------------------------------------------------------
