   74    7   14    5    5     /TUNGSTEN           /ADAS810-total           ADF11
 -------------------------------------------------------------------------------
  10.00000  11.00000  12.00000  13.00000  14.00000  15.00000  16.00000
  -0.36569  -0.18960   0.03226   0.33329   0.63431   1.03226   1.33329   1.50938
   1.63431   1.81040   2.03226   2.33329   2.63431   2.81040
 --------------------/ IGRD= 1  / IPRT= 0  /PLT     / Z1= 5   / DATE= 15.05.09
 -29.35706 -30.31656 -31.31194 -32.31147 -33.31142 -34.31142 -35.31141
 -28.87947 -29.82648 -30.82023 -31.81937 -32.81711 -33.79632 -34.66507
 -28.48307 -29.40805 -30.29483 -30.79430 -30.90109 -30.92310 -31.01231
 -27.70482 -27.85273 -27.87404 -27.87634 -27.87725 -27.88409 -27.94693
 -26.36985 -26.37528 -26.37590 -26.37600 -26.37630 -26.37923 -26.40742
 -25.24300 -25.24284 -25.24282 -25.24281 -25.24275 -25.24226 -25.24173
 -24.67255 -24.67249 -24.67249 -24.67250 -24.67264 -24.67404 -24.69022
 -24.46100 -24.46097 -24.46097 -24.46101 -24.46130 -24.46406 -24.49186
 -24.35671 -24.35668 -24.35669 -24.35674 -24.35713 -24.36068 -24.39528
 -24.25877 -24.25874 -24.25875 -24.25881 -24.25930 -24.26366 -24.30523
 -24.19231 -24.19227 -24.19228 -24.19236 -24.19292 -24.19779 -24.24417
 -24.16359 -24.16356 -24.16357 -24.16365 -24.16423 -24.16914 -24.21670
 -24.17608 -24.17604 -24.17604 -24.17612 -24.17666 -24.18119 -24.22598
 -24.19598 -24.19593 -24.19594 -24.19601 -24.19650 -24.20070 -24.24276
C-------------------------------------------------------------------------------
C                                                                               
C  Low-level line power coefficients  - unfiltered                              
C                                                                               
C                                                                               
C                                                                               
C  CODE     : ADAS810                                                           
C  PRODUCER : Adam Foster                                                       
C  DATE     : 15/05/09                                                          
C                                                                               
C-------------------------------------------------------------------------------
