   74    7   14   13   13     /TUNGSTEN           /ADAS810-total           ADF11
 -------------------------------------------------------------------------------
  10.00000  11.00000  12.00000  13.00000  14.00000  15.00000  16.00000
   0.46425   0.64035   0.86220   1.16322   1.46425   1.86220   2.16322   2.33931
   2.46425   2.64035   2.86220   3.16322   3.46425   3.64035
 --------------------/ IGRD= 1  / IPRT= 0  /PLT     / Z1=13   / DATE= 15.05.09
 -27.38487 -27.41663 -27.59596 -28.22227 -29.15619 -30.14882 -31.14690
 -26.98293 -27.00747 -27.17158 -27.76785 -28.68617 -29.61982 -30.26764
 -26.66342 -26.68637 -26.84488 -27.36560 -27.88528 -28.02925 -28.04790
 -26.21536 -26.22211 -26.26237 -26.32816 -26.34912 -26.35180 -26.35267
 -25.59142 -25.58816 -25.57543 -25.56363 -25.56110 -25.56085 -25.56124
 -25.07145 -25.07017 -25.06527 -25.06185 -25.06122 -25.06118 -25.06154
 -24.87221 -24.87289 -24.87410 -24.87485 -24.87498 -24.87504 -24.87549
 -24.80964 -24.81105 -24.81438 -24.81643 -24.81679 -24.81687 -24.81738
 -24.78203 -24.78382 -24.78827 -24.79101 -24.79149 -24.79160 -24.79213
 -24.76111 -24.76325 -24.76878 -24.77225 -24.77286 -24.77298 -24.77353
 -24.75584 -24.75820 -24.76461 -24.76884 -24.76962 -24.76976 -24.77031
 -24.77406 -24.77662 -24.78401 -24.78925 -24.79026 -24.79042 -24.79096
 -24.81427 -24.81683 -24.82465 -24.83076 -24.83200 -24.83219 -24.83268
 -24.84612 -24.84857 -24.85628 -24.86278 -24.86417 -24.86437 -24.86484
C-------------------------------------------------------------------------------
C                                                                               
C  Low-level line power coefficients  - unfiltered                              
C                                                                               
C                                                                               
C                                                                               
C  CODE     : ADAS810                                                           
C  PRODUCER : Adam Foster                                                       
C  DATE     : 15/05/09                                                          
C                                                                               
C-------------------------------------------------------------------------------
