   74    7   14   34   34     /TUNGSTEN           /ADAS810-total           ADF11
 -------------------------------------------------------------------------------
  10.00000  11.00000  12.00000  13.00000  14.00000  15.00000  16.00000
   1.29933   1.47542   1.69726   1.99830   2.29933   2.69726   2.99830   3.17438
   3.29933   3.47542   3.69726   3.99830   4.29933   4.47542
 --------------------/ IGRD= 1  / IPRT= 0  /PLT     / Z1=34   / DATE= 15.05.09
 -27.69023 -27.69026 -27.69063 -27.69474 -27.75741 -28.16148 -28.58186
 -27.19270 -27.19266 -27.19228 -27.18886 -27.17790 -27.20944 -27.22945
 -26.14869 -26.14858 -26.14746 -26.13746 -26.09754 -26.07558 -26.07268
 -25.27440 -25.27419 -25.27227 -25.26105 -25.24803 -25.24506 -25.24472
 -24.87467 -24.87465 -24.87462 -24.87621 -24.87801 -24.87802 -24.87804
 -24.68574 -24.68617 -24.68989 -24.70395 -24.71067 -24.71122 -24.71133
 -24.66008 -24.66067 -24.66567 -24.68322 -24.69127 -24.69200 -24.69213
 -24.66772 -24.66832 -24.67349 -24.69172 -24.70033 -24.70116 -24.70130
 -24.68075 -24.68134 -24.68643 -24.70465 -24.71363 -24.71454 -24.71469
 -24.70663 -24.70719 -24.71202 -24.72984 -24.73923 -24.74027 -24.74043
 -24.74782 -24.74834 -24.75289 -24.77043 -24.78057 -24.78180 -24.78198
 -24.81845 -24.81889 -24.82275 -24.83904 -24.85003 -24.85155 -24.85174
 -24.89963 -24.89999 -24.90320 -24.91811 -24.93002 -24.93191 -24.93214
 -24.95153 -24.95185 -24.95473 -24.96887 -24.98135 -24.98348 -24.98374
C-------------------------------------------------------------------------------
C                                                                               
C  Low-level line power coefficients  - unfiltered                              
C                                                                               
C                                                                               
C                                                                               
C  CODE     : ADAS810                                                           
C  PRODUCER : Adam Foster                                                       
C  DATE     : 15/05/09                                                          
C                                                                               
C-------------------------------------------------------------------------------
