   74    7   14   17   17     /TUNGSTEN           /ADAS810-total           ADF11
 -------------------------------------------------------------------------------
  10.00000  11.00000  12.00000  13.00000  14.00000  15.00000  16.00000
   0.69726   0.87336   1.09520   1.39623   1.69726   2.09520   2.39623   2.57233
   2.69726   2.87336   3.09520   3.39623   3.69726   3.87336
 --------------------/ IGRD= 1  / IPRT= 0  /PLT     / Z1=17   / DATE= 15.05.09
 -27.77221 -27.77598 -27.82628 -27.89476 -27.91800 -27.92691 -27.93611
 -26.86133 -26.85902 -26.86439 -26.87635 -26.87639 -26.87632 -26.88150
 -26.01718 -26.01573 -26.02043 -26.02177 -26.01806 -26.01764 -26.02131
 -25.37303 -25.37417 -25.38101 -25.37781 -25.37619 -25.37631 -25.37921
 -25.06554 -25.06928 -25.07600 -25.07416 -25.07391 -25.07418 -25.07673
 -24.92175 -24.92654 -24.93242 -24.93196 -24.93214 -24.93241 -24.93453
 -24.91431 -24.91905 -24.92444 -24.92418 -24.92436 -24.92460 -24.92638
 -24.93258 -24.93692 -24.94197 -24.94168 -24.94183 -24.94203 -24.94362
 -24.95236 -24.95617 -24.96088 -24.96053 -24.96063 -24.96082 -24.96228
 -24.98682 -24.99024 -24.99473 -24.99430 -24.99435 -24.99452 -24.99578
 -25.03970 -25.04271 -25.04683 -25.04630 -25.04628 -25.04641 -25.04746
 -25.12318 -25.12515 -25.12872 -25.12809 -25.12798 -25.12807 -25.12888
 -25.21584 -25.21742 -25.22064 -25.22000 -25.21980 -25.21986 -25.22047
 -25.27347 -25.27477 -25.27784 -25.27724 -25.27700 -25.27704 -25.27755
C-------------------------------------------------------------------------------
C                                                                               
C  Low-level line power coefficients  - unfiltered                              
C                                                                               
C                                                                               
C                                                                               
C  CODE     : ADAS810                                                           
C  PRODUCER : Adam Foster                                                       
C  DATE     : 15/05/09                                                          
C                                                                               
C-------------------------------------------------------------------------------
