   74    7   14   38   38     /TUNGSTEN           /ADAS810-total           ADF11
 -------------------------------------------------------------------------------
  10.00000  11.00000  12.00000  13.00000  14.00000  15.00000  16.00000
   1.39594   1.57202   1.79387   2.09489   2.39594   2.79387   3.09489   3.27100
   3.39594   3.57202   3.79387   4.09489   4.39594   4.57202
 --------------------/ IGRD= 1  / IPRT= 0  /PLT     / Z1=38   / DATE= 18.05.09
 -27.55194 -27.55194 -27.55194 -27.55194 -27.55194 -27.55195 -27.55196
 -26.46499 -26.46499 -26.46499 -26.46499 -26.46499 -26.46499 -26.46501
 -25.62709 -25.62709 -25.62709 -25.62709 -25.62709 -25.62709 -25.62711
 -25.03223 -25.03223 -25.03223 -25.03223 -25.03223 -25.03224 -25.03228
 -24.75624 -24.75624 -24.75624 -24.75624 -24.75624 -24.75625 -24.75633
 -24.61566 -24.61566 -24.61566 -24.61566 -24.61566 -24.61567 -24.61580
 -24.60182 -24.60182 -24.60182 -24.60182 -24.60183 -24.60184 -24.60198
 -24.61575 -24.61575 -24.61575 -24.61575 -24.61575 -24.61577 -24.61591
 -24.63316 -24.63316 -24.63316 -24.63316 -24.63317 -24.63318 -24.63331
 -24.66401 -24.66401 -24.66401 -24.66401 -24.66402 -24.66403 -24.66415
 -24.71331 -24.71331 -24.71331 -24.71331 -24.71331 -24.71332 -24.71343
 -24.79112 -24.79112 -24.79112 -24.79112 -24.79112 -24.79113 -24.79122
 -24.88094 -24.88094 -24.88094 -24.88094 -24.88094 -24.88094 -24.88102
 -24.93688 -24.93688 -24.93688 -24.93688 -24.93688 -24.93689 -24.93695
C-------------------------------------------------------------------------------
C                                                                               
C  Low-level line power coefficients  - unfiltered                              
C                                                                               
C                                                                               
C                                                                               
C  CODE     : ADAS810                                                           
C  PRODUCER : Adam Foster                                                       
C  DATE     : 18/05/09                                                          
C                                                                               
C-------------------------------------------------------------------------------
