   74    7   14   58   58     /TUNGSTEN           /ADAS810-total           ADF11
 -------------------------------------------------------------------------------
  10.00000  11.00000  12.00000  13.00000  14.00000  15.00000  16.00000
   1.76323   1.93932   2.16116   2.46220   2.76323   3.16116   3.46220   3.63829
   3.76323   3.93932   4.16116   4.46220   4.76323   4.93932
 --------------------/ IGRD= 1  / IPRT= 0  /PLT     / Z1=58   / DATE= 15.05.09
 -28.03728 -28.03728 -28.03728 -28.03728 -28.03728 -28.03728 -28.03729
 -27.04831 -27.04831 -27.04831 -27.04831 -27.04831 -27.04831 -27.04832
 -26.21617 -26.21617 -26.21617 -26.21617 -26.21617 -26.21617 -26.21617
 -25.60744 -25.60744 -25.60744 -25.60744 -25.60744 -25.60744 -25.60747
 -25.33875 -25.33875 -25.33875 -25.33875 -25.33875 -25.33876 -25.33884
 -25.16637 -25.16637 -25.16637 -25.16637 -25.16637 -25.16638 -25.16651
 -25.08559 -25.08559 -25.08559 -25.08559 -25.08559 -25.08561 -25.08574
 -25.06413 -25.06413 -25.06413 -25.06413 -25.06413 -25.06415 -25.06428
 -25.05972 -25.05972 -25.05972 -25.05972 -25.05972 -25.05973 -25.05986
 -25.06653 -25.06653 -25.06653 -25.06653 -25.06653 -25.06654 -25.06666
 -25.09086 -25.09086 -25.09086 -25.09086 -25.09087 -25.09088 -25.09098
 -25.14427 -25.14427 -25.14427 -25.14427 -25.14427 -25.14428 -25.14436
 -25.21292 -25.21292 -25.21292 -25.21292 -25.21292 -25.21292 -25.21298
 -25.25872 -25.25872 -25.25872 -25.25872 -25.25872 -25.25872 -25.25878
C-------------------------------------------------------------------------------
C                                                                               
C  Low-level line power coefficients  - unfiltered                              
C                                                                               
C                                                                               
C                                                                               
C  CODE     : ADAS810                                                           
C  PRODUCER : Adam Foster                                                       
C  DATE     : 15/05/09                                                          
C                                                                               
C-------------------------------------------------------------------------------
