   74    7   14   39   39     /TUNGSTEN           /ADAS810-total           ADF11
 -------------------------------------------------------------------------------
  10.00000  11.00000  12.00000  13.00000  14.00000  15.00000  16.00000
   1.41850   1.59459   1.81644   2.11747   2.41850   2.81644   3.11747   3.29356
   3.41850   3.59459   3.81644   4.11747   4.41850   4.59459
 --------------------/ IGRD= 1  / IPRT= 0  /PLT     / Z1=39   / DATE= 18.05.09
 -27.36181 -27.36181 -27.36181 -27.36181 -27.36181 -27.36181 -27.36183
 -26.34672 -26.34672 -26.34672 -26.34672 -26.34672 -26.34672 -26.34675
 -25.56288 -25.56288 -25.56288 -25.56288 -25.56288 -25.56291 -25.56316
 -25.00826 -25.00826 -25.00826 -25.00827 -25.00829 -25.00854 -25.01096
 -24.75370 -24.75370 -24.75371 -24.75371 -24.75378 -24.75450 -24.76156
 -24.60183 -24.60183 -24.60183 -24.60184 -24.60196 -24.60312 -24.61458
 -24.52985 -24.52985 -24.52985 -24.52986 -24.52999 -24.53125 -24.54358
 -24.50394 -24.50394 -24.50394 -24.50395 -24.50408 -24.50532 -24.51746
 -24.49510 -24.49510 -24.49510 -24.49511 -24.49523 -24.49643 -24.50818
 -24.49334 -24.49334 -24.49335 -24.49336 -24.49347 -24.49458 -24.50553
 -24.50812 -24.50812 -24.50812 -24.50813 -24.50823 -24.50922 -24.51898
 -24.55006 -24.55006 -24.55006 -24.55006 -24.55015 -24.55096 -24.55902
 -24.60943 -24.60943 -24.60943 -24.60944 -24.60950 -24.61016 -24.61666
 -24.65034 -24.65034 -24.65034 -24.65034 -24.65040 -24.65097 -24.65665
C-------------------------------------------------------------------------------
C                                                                               
C  Low-level line power coefficients  - unfiltered                              
C                                                                               
C                                                                               
C                                                                               
C  CODE     : ADAS810                                                           
C  PRODUCER : Adam Foster                                                       
C  DATE     : 18/05/09                                                          
C                                                                               
C-------------------------------------------------------------------------------
