   74    7   14   57   57     /TUNGSTEN           /ADAS810-total           ADF11
 -------------------------------------------------------------------------------
  10.00000  11.00000  12.00000  13.00000  14.00000  15.00000  16.00000
   1.74812   1.92421   2.14607   2.44710   2.74812   3.14607   3.44710   3.62318
   3.74812   3.92421   4.14607   4.44710   4.74812   4.92421
 --------------------/ IGRD= 1  / IPRT= 0  /PLT     / Z1=57   / DATE= 18.05.09
 -27.77161 -27.77161 -27.77161 -27.77161 -27.77161 -27.77161 -27.77162
 -26.78982 -26.78982 -26.78982 -26.78982 -26.78982 -26.78982 -26.78982
 -26.04101 -26.04101 -26.04101 -26.04101 -26.04101 -26.04101 -26.04102
 -25.53771 -25.53771 -25.53771 -25.53771 -25.53771 -25.53771 -25.53773
 -25.33636 -25.33636 -25.33636 -25.33636 -25.33636 -25.33636 -25.33639
 -25.18863 -25.18863 -25.18863 -25.18863 -25.18863 -25.18863 -25.18865
 -25.09423 -25.09423 -25.09423 -25.09423 -25.09423 -25.09423 -25.09425
 -25.06458 -25.06458 -25.06458 -25.06458 -25.06458 -25.06458 -25.06460
 -25.05532 -25.05532 -25.05532 -25.05532 -25.05532 -25.05532 -25.05534
 -25.05657 -25.05657 -25.05657 -25.05657 -25.05657 -25.05657 -25.05659
 -25.07555 -25.07555 -25.07555 -25.07555 -25.07555 -25.07555 -25.07557
 -25.12446 -25.12446 -25.12446 -25.12446 -25.12446 -25.12446 -25.12447
 -25.19004 -25.19004 -25.19004 -25.19004 -25.19004 -25.19004 -25.19005
 -25.23447 -25.23447 -25.23447 -25.23447 -25.23447 -25.23447 -25.23448
C-------------------------------------------------------------------------------
C                                                                               
C  Low-level line power coefficients  - unfiltered                              
C                                                                               
C                                                                               
C                                                                               
C  CODE     : ADAS810                                                           
C  PRODUCER : Adam Foster                                                       
C  DATE     : 18/05/09                                                          
C                                                                               
C-------------------------------------------------------------------------------
