   74    7   14   58   58     /TUNGSTEN           /ADAS810-total           ADF11
 -------------------------------------------------------------------------------
  10.00000  11.00000  12.00000  13.00000  14.00000  15.00000  16.00000
   1.76323   1.93932   2.16116   2.46220   2.76323   3.16116   3.46220   3.63829
   3.76323   3.93932   4.16116   4.46220   4.76323   4.93932
 --------------------/ IGRD= 1  / IPRT= 0  /PLT     / Z1=58   / DATE= 15.05.09
 -27.69230 -27.69230 -27.69230 -27.69230 -27.69230 -27.69230 -27.69230
 -26.75076 -26.75076 -26.75076 -26.75076 -26.75076 -26.75076 -26.75076
 -26.03167 -26.03167 -26.03167 -26.03167 -26.03167 -26.03167 -26.03168
 -25.54120 -25.54120 -25.54120 -25.54120 -25.54120 -25.54120 -25.54121
 -25.33718 -25.33718 -25.33718 -25.33718 -25.33718 -25.33718 -25.33720
 -25.19805 -25.19805 -25.19805 -25.19805 -25.19805 -25.19805 -25.19806
 -25.11863 -25.11863 -25.11863 -25.11863 -25.11863 -25.11863 -25.11864
 -25.09550 -25.09550 -25.09550 -25.09550 -25.09550 -25.09550 -25.09551
 -25.09080 -25.09080 -25.09080 -25.09080 -25.09080 -25.09080 -25.09081
 -25.09628 -25.09628 -25.09628 -25.09628 -25.09628 -25.09628 -25.09629
 -25.11918 -25.11918 -25.11918 -25.11918 -25.11918 -25.11918 -25.11919
 -25.17139 -25.17139 -25.17139 -25.17139 -25.17139 -25.17139 -25.17140
 -25.23964 -25.23964 -25.23964 -25.23964 -25.23964 -25.23964 -25.23965
 -25.28508 -25.28508 -25.28508 -25.28508 -25.28508 -25.28508 -25.28509
C-------------------------------------------------------------------------------
C                                                                               
C  Low-level line power coefficients  - unfiltered                              
C                                                                               
C                                                                               
C                                                                               
C  CODE     : ADAS810                                                           
C  PRODUCER : Adam Foster                                                       
C  DATE     : 15/05/09                                                          
C                                                                               
C-------------------------------------------------------------------------------
