   74    7   14   65   65     /TUNGSTEN           /ADAS810-total           ADF11
 -------------------------------------------------------------------------------
  10.00000  11.00000  12.00000  13.00000  14.00000  15.00000  16.00000
   1.86220   2.03830   2.26014   2.56116   2.86220   3.26014   3.56116   3.73726
   3.86220   4.03830   4.26014   4.56116   4.86220   5.03830
 --------------------/ IGRD= 1  / IPRT= 0  /PLT     / Z1=65   / DATE= 15.05.09
 -74.00000 -74.00000 -74.00000 -74.00000 -74.00000 -74.00000 -74.00000
 -74.00000 -74.00000 -74.00000 -60.99073 -59.33001 -59.25301 -59.25969
 -45.91284 -45.91284 -45.91284 -45.91284 -45.91284 -45.91284 -45.91284
 -35.56769 -35.56769 -35.56769 -35.56769 -35.56769 -35.56769 -35.56769
 -30.33986 -30.33986 -30.33986 -30.33986 -30.33986 -30.33986 -30.33986
 -27.22157 -27.22157 -27.22157 -27.22157 -27.22157 -27.22157 -27.22157
 -26.20426 -26.20426 -26.20426 -26.20426 -26.20426 -26.20426 -26.20426
 -25.88235 -25.88235 -25.88235 -25.88235 -25.88235 -25.88235 -25.88235
 -25.73151 -25.73151 -25.73151 -25.73151 -25.73151 -25.73151 -25.73151
 -25.59448 -25.59448 -25.59448 -25.59448 -25.59448 -25.59448 -25.59448
 -25.50309 -25.50309 -25.50309 -25.50309 -25.50309 -25.50309 -25.50309
 -25.46452 -25.46452 -25.46452 -25.46452 -25.46452 -25.46452 -25.46452
 -25.47629 -25.47629 -25.47629 -25.47629 -25.47629 -25.47629 -25.47629
 -25.49759 -25.49759 -25.49759 -25.49759 -25.49759 -25.49759 -25.49759
C-------------------------------------------------------------------------------
C                                                                               
C  Low-level line power coefficients  - unfiltered                              
C                                                                               
C                                                                               
C                                                                               
C  CODE     : ADAS810                                                           
C  PRODUCER : Adam Foster                                                       
C  DATE     : 15/05/09                                                          
C                                                                               
C-------------------------------------------------------------------------------
