   74    7   14   37   37     /TUNGSTEN           /ADAS810-total           ADF11
 -------------------------------------------------------------------------------
  10.00000  11.00000  12.00000  13.00000  14.00000  15.00000  16.00000
   1.37273   1.54888   1.77070   2.07188   2.37273   2.77070   3.07188   3.24773
   3.37273   3.54888   3.77070   4.07188   4.37273   4.54888
 --------------------/ IGRD= 1  / IPRT= 0  /PLT     / Z1=37   / DATE= 24.05.12
 -27.75483 -27.75483 -27.75483 -27.75483 -27.75483 -27.75483 -27.75485
 -26.59159 -26.59159 -26.59159 -26.59159 -26.59159 -26.59159 -26.59161
 -25.69458 -25.69458 -25.69458 -25.69458 -25.69458 -25.69458 -25.69459
 -25.05699 -25.05699 -25.05699 -25.05699 -25.05699 -25.05700 -25.05702
 -24.75844 -24.75844 -24.75844 -24.75844 -24.75844 -24.75845 -24.75850
 -24.59517 -24.59517 -24.59517 -24.59517 -24.59517 -24.59518 -24.59528
 -24.56906 -24.56906 -24.56906 -24.56906 -24.56906 -24.56908 -24.56920
 -24.57732 -24.57732 -24.57732 -24.57732 -24.57732 -24.57733 -24.57746
 -24.59151 -24.59151 -24.59151 -24.59151 -24.59151 -24.59153 -24.59165
 -24.62096 -24.62096 -24.62096 -24.62096 -24.62097 -24.62098 -24.62110
 -24.66581 -24.66581 -24.66581 -24.66581 -24.66581 -24.66582 -24.66593
 -24.74123 -24.74123 -24.74123 -24.74123 -24.74123 -24.74124 -24.74132
 -24.82747 -24.82747 -24.82747 -24.82747 -24.82747 -24.82747 -24.82754
 -24.88206 -24.88206 -24.88206 -24.88206 -24.88206 -24.88207 -24.88213
C-------------------------------------------------------------------------------
C                                                                               
C  Low-level line power coefficients  - unfiltered                              
C                                                                               
C                                                                               
C                                                                               
C  CODE     : ADAS810                                                           
C  PRODUCER : Martin O'Mullane                                                  
C  DATE     : 24/05/12                                                          
C                                                                               
C-------------------------------------------------------------------------------
