   74    7   14   55   55     /TUNGSTEN           /ADAS810-total           ADF11
 -------------------------------------------------------------------------------
  10.00000  11.00000  12.00000  13.00000  14.00000  15.00000  16.00000
   1.71710   1.89318   2.11504   2.41606   2.71710   3.11504   3.41606   3.59215
   3.71710   3.89318   4.11504   4.41606   4.71710   4.89318
 --------------------/ IGRD= 1  / IPRT= 0  /PLT     / Z1=55   / DATE= 15.05.09
 -28.27956 -28.27956 -28.27956 -28.27956 -28.27956 -28.27956 -28.27956
 -27.14807 -27.14807 -27.14807 -27.14807 -27.14807 -27.14807 -27.14807
 -26.27704 -26.27704 -26.27704 -26.27704 -26.27704 -26.27704 -26.27704
 -25.68644 -25.68644 -25.68644 -25.68644 -25.68644 -25.68644 -25.68645
 -25.43695 -25.43695 -25.43695 -25.43695 -25.43695 -25.43696 -25.43696
 -25.26406 -25.26406 -25.26406 -25.26406 -25.26406 -25.26406 -25.26406
 -25.17473 -25.17473 -25.17473 -25.17473 -25.17473 -25.17473 -25.17474
 -25.14806 -25.14806 -25.14806 -25.14806 -25.14806 -25.14806 -25.14807
 -25.13952 -25.13952 -25.13952 -25.13952 -25.13952 -25.13952 -25.13953
 -25.13949 -25.13949 -25.13949 -25.13949 -25.13949 -25.13949 -25.13949
 -25.15501 -25.15501 -25.15501 -25.15501 -25.15501 -25.15501 -25.15501
 -25.19581 -25.19581 -25.19581 -25.19581 -25.19581 -25.19581 -25.19581
 -25.25335 -25.25335 -25.25335 -25.25335 -25.25335 -25.25335 -25.25336
 -25.29380 -25.29380 -25.29380 -25.29380 -25.29380 -25.29380 -25.29380
C-------------------------------------------------------------------------------
C                                                                               
C  Low-level line power coefficients  - unfiltered                              
C                                                                               
C                                                                               
C                                                                               
C  CODE     : ADAS810                                                           
C  PRODUCER : Adam Foster                                                       
C  DATE     : 15/05/09                                                          
C                                                                               
C-------------------------------------------------------------------------------
