   74    7   14   14   14     /TUNGSTEN           /ADAS810-total           ADF11
 -------------------------------------------------------------------------------
  10.00000  11.00000  12.00000  13.00000  14.00000  15.00000  16.00000
   0.52862   0.70472   0.92656   1.22760   1.52862   1.92656   2.22760   2.40369
   2.52862   2.70472   2.92656   3.22760   3.52862   3.70472
 --------------------/ IGRD= 1  / IPRT= 0  /PLT     / Z1=14   / DATE= 15.05.09
 -29.06686 -29.06686 -29.06686 -29.06687 -29.06693 -29.06750 -29.07319
 -27.42179 -27.42179 -27.42179 -27.42180 -27.42184 -27.42231 -27.42700
 -26.14328 -26.14328 -26.14328 -26.14328 -26.14332 -26.14372 -26.14774
 -25.23902 -25.23902 -25.23902 -25.23903 -25.23908 -25.23961 -25.24479
 -24.82360 -24.82360 -24.82360 -24.82361 -24.82369 -24.82445 -24.83195
 -24.58893 -24.58893 -24.58893 -24.58894 -24.58903 -24.58993 -24.59875
 -24.51409 -24.51409 -24.51409 -24.51410 -24.51418 -24.51508 -24.52381
 -24.49846 -24.49846 -24.49846 -24.49847 -24.49855 -24.49941 -24.50779
 -24.49499 -24.49499 -24.49499 -24.49500 -24.49508 -24.49591 -24.50405
 -24.50612 -24.50612 -24.50612 -24.50612 -24.50620 -24.50697 -24.51455
 -24.53667 -24.53667 -24.53667 -24.53668 -24.53675 -24.53744 -24.54421
 -24.59699 -24.59699 -24.59699 -24.59699 -24.59705 -24.59763 -24.60330
 -24.67405 -24.67405 -24.67405 -24.67405 -24.67410 -24.67457 -24.67919
 -24.72384 -24.72384 -24.72384 -24.72384 -24.72388 -24.72430 -24.72838
C-------------------------------------------------------------------------------
C                                                                               
C  Low-level line power coefficients  - unfiltered                              
C                                                                               
C                                                                               
C                                                                               
C  CODE     : ADAS810                                                           
C  PRODUCER : Adam Foster                                                       
C  DATE     : 15/05/09                                                          
C                                                                               
C-------------------------------------------------------------------------------
