   74    7   14   49   49     /TUNGSTEN           /ADAS810-total           ADF11
 -------------------------------------------------------------------------------
  10.00000  11.00000  12.00000  13.00000  14.00000  15.00000  16.00000
   1.61676   1.79285   2.01469   2.31574   2.61676   3.01469   3.31574   3.49182
   3.61676   3.79285   4.01469   4.31574   4.61676   4.79285
 --------------------/ IGRD= 1  / IPRT= 0  /PLT     / Z1=49   / DATE= 18.05.09
 -28.47431 -28.47432 -28.47434 -28.47453 -28.47632 -28.49125 -28.58952
 -28.01375 -28.01375 -28.01377 -28.01399 -28.01601 -28.03284 -28.13096
 -27.15513 -27.15513 -27.15515 -27.15534 -27.15710 -27.17170 -27.24018
 -26.40440 -26.40440 -26.40443 -26.40465 -26.40656 -26.42010 -26.46002
 -26.01189 -26.01190 -26.01192 -26.01214 -26.01351 -26.02063 -26.03388
 -25.48031 -25.48032 -25.48032 -25.48035 -25.48025 -25.47924 -25.47794
 -25.20267 -25.20267 -25.20268 -25.20271 -25.20262 -25.20177 -25.20065
 -25.11505 -25.11505 -25.11506 -25.11513 -25.11522 -25.11492 -25.11422
 -25.07679 -25.07679 -25.07680 -25.07689 -25.07711 -25.07723 -25.07683
 -25.04693 -25.04693 -25.04695 -25.04706 -25.04738 -25.04779 -25.04757
 -25.03598 -25.03598 -25.03600 -25.03612 -25.03654 -25.03726 -25.03728
 -25.05217 -25.05217 -25.05219 -25.05232 -25.05283 -25.05388 -25.05417
 -25.09267 -25.09267 -25.09269 -25.09281 -25.09335 -25.09455 -25.09505
 -25.12484 -25.12484 -25.12485 -25.12497 -25.12550 -25.12678 -25.12738
C-------------------------------------------------------------------------------
C                                                                               
C  Low-level line power coefficients  - unfiltered                              
C                                                                               
C                                                                               
C                                                                               
C  CODE     : ADAS810                                                           
C  PRODUCER : Adam Foster                                                       
C  DATE     : 18/05/09                                                          
C                                                                               
C-------------------------------------------------------------------------------
