   74    7   14   51   51     /TUNGSTEN           /ADAS810-total           ADF11
 -------------------------------------------------------------------------------
  10.00000  11.00000  12.00000  13.00000  14.00000  15.00000  16.00000
   1.65151   1.82760   2.04945   2.35048   2.65151   3.04945   3.35048   3.52657
   3.65151   3.82760   4.04945   4.35048   4.65151   4.82760
 --------------------/ IGRD= 1  / IPRT= 0  /PLT     / Z1=51   / DATE= 15.05.09
 -28.43327 -28.43775 -28.44712 -28.45047 -28.45439 -28.46139 -28.48195
 -27.62696 -27.62732 -27.62897 -27.62998 -27.63119 -27.63343 -27.64150
 -26.71213 -26.71204 -26.71237 -26.71311 -26.71378 -26.71531 -26.72178
 -26.04096 -26.04099 -26.04132 -26.04178 -26.04216 -26.04359 -26.05004
 -25.73674 -25.73681 -25.73698 -25.73714 -25.73732 -25.73811 -25.74181
 -25.43449 -25.43450 -25.43448 -25.43446 -25.43444 -25.43435 -25.43391
 -25.27073 -25.27072 -25.27065 -25.27060 -25.27053 -25.27021 -25.26876
 -25.21918 -25.21917 -25.21909 -25.21904 -25.21896 -25.21861 -25.21705
 -25.19820 -25.19818 -25.19810 -25.19804 -25.19797 -25.19761 -25.19602
 -25.18458 -25.18457 -25.18449 -25.18444 -25.18437 -25.18402 -25.18248
 -25.18674 -25.18673 -25.18664 -25.18658 -25.18651 -25.18616 -25.18465
 -25.21287 -25.21284 -25.21275 -25.21268 -25.21262 -25.21231 -25.21093
 -25.25867 -25.25865 -25.25857 -25.25850 -25.25844 -25.25817 -25.25697
 -25.29295 -25.29293 -25.29284 -25.29277 -25.29272 -25.29247 -25.29133
C-------------------------------------------------------------------------------
C                                                                               
C  Low-level line power coefficients  - unfiltered                              
C                                                                               
C                                                                               
C                                                                               
C  CODE     : ADAS810                                                           
C  PRODUCER : Adam Foster                                                       
C  DATE     : 15/05/09                                                          
C                                                                               
C-------------------------------------------------------------------------------
