   74    7   14   50   50     /TUNGSTEN           /ADAS810-total           ADF11
 -------------------------------------------------------------------------------
  10.00000  11.00000  12.00000  13.00000  14.00000  15.00000  16.00000
   1.63431   1.81040   2.03226   2.33329   2.63431   3.03226   3.33329   3.50938
   3.63431   3.81040   4.03226   4.33329   4.63431   4.81040
 --------------------/ IGRD= 1  / IPRT= 0  /PLT     / Z1=50   / DATE= 15.05.09
 -29.99012 -29.99012 -29.99012 -29.99012 -29.99012 -29.99012 -29.99012
 -28.39889 -28.39889 -28.39889 -28.39889 -28.39889 -28.39889 -28.39889
 -27.16247 -27.16247 -27.16247 -27.16247 -27.16247 -27.16247 -27.16247
 -26.28934 -26.28934 -26.28934 -26.28934 -26.28934 -26.28934 -26.28934
 -25.86697 -25.86697 -25.86697 -25.86697 -25.86697 -25.86697 -25.86697
 -25.45400 -25.45400 -25.45400 -25.45400 -25.45400 -25.45400 -25.45400
 -25.25730 -25.25730 -25.25730 -25.25730 -25.25730 -25.25730 -25.25730
 -25.19729 -25.19729 -25.19729 -25.19729 -25.19729 -25.19729 -25.19729
 -25.17179 -25.17179 -25.17179 -25.17179 -25.17179 -25.17179 -25.17179
 -25.15489 -25.15489 -25.15489 -25.15489 -25.15489 -25.15489 -25.15489
 -25.15312 -25.15312 -25.15312 -25.15312 -25.15312 -25.15312 -25.15312
 -25.17620 -25.17620 -25.17620 -25.17620 -25.17620 -25.17620 -25.17620
 -25.22002 -25.22002 -25.22002 -25.22002 -25.22002 -25.22002 -25.22002
 -25.25294 -25.25294 -25.25294 -25.25294 -25.25294 -25.25294 -25.25294
C-------------------------------------------------------------------------------
C                                                                               
C  Low-level line power coefficients  - unfiltered                              
C                                                                               
C                                                                               
C                                                                               
C  CODE     : ADAS810                                                           
C  PRODUCER : Adam Foster                                                       
C  DATE     : 15/05/09                                                          
C                                                                               
C-------------------------------------------------------------------------------
