   74    7   14   42   42     /TUNGSTEN           /ADAS810-total           ADF11
 -------------------------------------------------------------------------------
  10.00000  11.00000  12.00000  13.00000  14.00000  15.00000  16.00000
   1.48287   1.65896   1.88081   2.18184   2.48287   2.88081   3.18184   3.35793
   3.48287   3.65896   3.88081   4.18184   4.48287   4.65896
 --------------------/ IGRD= 1  / IPRT= 0  /PLT     / Z1=42   / DATE= 15.05.09
 -26.92847 -26.92847 -26.92847 -26.92847 -26.92847 -26.92848 -26.92850
 -26.13051 -26.13051 -26.13051 -26.13051 -26.13051 -26.13051 -26.13053
 -25.51064 -25.51064 -25.51064 -25.51064 -25.51064 -25.51065 -25.51067
 -25.06997 -25.06997 -25.06997 -25.06997 -25.06997 -25.06998 -25.07000
 -24.87604 -24.87604 -24.87604 -24.87604 -24.87604 -24.87604 -24.87608
 -24.76171 -24.76171 -24.76171 -24.76171 -24.76171 -24.76171 -24.76175
 -24.70965 -24.70965 -24.70965 -24.70965 -24.70965 -24.70965 -24.70969
 -24.69688 -24.69688 -24.69688 -24.69688 -24.69688 -24.69689 -24.69692
 -24.69555 -24.69555 -24.69555 -24.69555 -24.69555 -24.69556 -24.69559
 -24.70330 -24.70330 -24.70330 -24.70330 -24.70330 -24.70330 -24.70333
 -24.72557 -24.72557 -24.72557 -24.72557 -24.72557 -24.72557 -24.72560
 -24.77214 -24.77214 -24.77214 -24.77214 -24.77214 -24.77215 -24.77217
 -24.83349 -24.83349 -24.83349 -24.83349 -24.83349 -24.83349 -24.83351
 -24.87455 -24.87455 -24.87455 -24.87455 -24.87455 -24.87455 -24.87457
C-------------------------------------------------------------------------------
C                                                                               
C  Low-level line power coefficients  - unfiltered                              
C                                                                               
C                                                                               
C                                                                               
C  CODE     : ADAS810                                                           
C  PRODUCER : Adam Foster                                                       
C  DATE     : 15/05/09                                                          
C                                                                               
C-------------------------------------------------------------------------------
