   74    7   14   61   61     /TUNGSTEN           /ADAS810-total           ADF11
 -------------------------------------------------------------------------------
  10.00000  11.00000  12.00000  13.00000  14.00000  15.00000  16.00000
   1.80703   1.98312   2.20496   2.50600   2.80703   3.20496   3.50600   3.68209
   3.80703   3.98312   4.20496   4.50600   4.80703   4.98312
 --------------------/ IGRD= 1  / IPRT= 0  /PLT     / Z1=61   / DATE= 15.05.09
 -27.46854 -27.46854 -27.46854 -27.46854 -27.46854 -27.46855 -27.46864
 -26.78359 -26.78359 -26.78359 -26.78359 -26.78358 -26.78355 -26.78321
 -26.14016 -26.14016 -26.14016 -26.14016 -26.14016 -26.14011 -26.13964
 -25.63967 -25.63967 -25.63967 -25.63967 -25.63967 -25.63966 -25.63954
 -25.41869 -25.41869 -25.41869 -25.41869 -25.41869 -25.41872 -25.41901
 -25.30140 -25.30140 -25.30140 -25.30140 -25.30140 -25.30145 -25.30189
 -25.26068 -25.26068 -25.26068 -25.26069 -25.26069 -25.26073 -25.26113
 -25.25618 -25.25618 -25.25618 -25.25618 -25.25619 -25.25622 -25.25659
 -25.26101 -25.26101 -25.26101 -25.26101 -25.26102 -25.26105 -25.26139
 -25.27820 -25.27820 -25.27820 -25.27820 -25.27820 -25.27823 -25.27853
 -25.31167 -25.31167 -25.31167 -25.31167 -25.31167 -25.31170 -25.31195
 -25.37300 -25.37300 -25.37300 -25.37300 -25.37300 -25.37302 -25.37322
 -25.44734 -25.44734 -25.44734 -25.44734 -25.44734 -25.44736 -25.44752
 -25.49594 -25.49594 -25.49594 -25.49594 -25.49595 -25.49596 -25.49610
C-------------------------------------------------------------------------------
C                                                                               
C  Low-level line power coefficients  - unfiltered                              
C                                                                               
C                                                                               
C                                                                               
C  CODE     : ADAS810                                                           
C  PRODUCER : Adam Foster                                                       
C  DATE     : 15/05/09                                                          
C                                                                               
C-------------------------------------------------------------------------------
