   74    7   14    8    8     /TUNGSTEN           /ADAS810-total           ADF11
 -------------------------------------------------------------------------------
  10.00000  11.00000  12.00000  13.00000  14.00000  15.00000  16.00000
   0.04254   0.21864   0.44048   0.74152   1.04254   1.44048   1.74152   1.91761
   2.04254   2.21864   2.44048   2.74152   3.04254   3.21864
 --------------------/ IGRD= 1  / IPRT= 0  /PLT     / Z1= 8   / DATE= 18.05.09
 -42.37756 -42.37756 -42.37756 -42.37757 -42.37760 -42.37800 -42.38188
 -36.08322 -36.08322 -36.08322 -36.08322 -36.08325 -36.08357 -36.08674
 -31.08458 -31.08458 -31.08458 -31.08458 -31.08461 -31.08485 -31.08731
 -27.39457 -27.39457 -27.39457 -27.39457 -27.39459 -27.39476 -27.39650
 -25.61016 -25.61016 -25.61016 -25.61016 -25.61019 -25.61043 -25.61286
 -24.58587 -24.58587 -24.58587 -24.58589 -24.58605 -24.58764 -24.60316
 -24.26636 -24.26636 -24.26636 -24.26640 -24.26673 -24.27004 -24.30138
 -24.16871 -24.16871 -24.16871 -24.16875 -24.16917 -24.17330 -24.21187
 -24.12506 -24.12506 -24.12506 -24.12511 -24.12557 -24.13010 -24.17216
 -24.08962 -24.08962 -24.08962 -24.08967 -24.09016 -24.09502 -24.13988
 -24.07663 -24.07663 -24.07664 -24.07669 -24.07719 -24.08211 -24.12756
 -24.09714 -24.09715 -24.09715 -24.09720 -24.09766 -24.10228 -24.14503
 -24.14737 -24.14737 -24.14737 -24.14741 -24.14782 -24.15188 -24.18982
 -24.18519 -24.18519 -24.18519 -24.18523 -24.18560 -24.18930 -24.22407
C-------------------------------------------------------------------------------
C                                                                               
C  Low-level line power coefficients  - unfiltered                              
C                                                                               
C                                                                               
C                                                                               
C  CODE     : ADAS810                                                           
C  PRODUCER : Adam Foster                                                       
C  DATE     : 18/05/09                                                          
C                                                                               
C-------------------------------------------------------------------------------
