   74    7   14   55   55     /TUNGSTEN           /ADAS810-total           ADF11
 -------------------------------------------------------------------------------
  10.00000  11.00000  12.00000  13.00000  14.00000  15.00000  16.00000
   1.71710   1.89318   2.11504   2.41606   2.71710   3.11504   3.41606   3.59215
   3.71710   3.89318   4.11504   4.41606   4.71710   4.89318
 --------------------/ IGRD= 1  / IPRT= 0  /PLT     / Z1=55   / DATE= 15.05.09
 -27.89090 -27.89376 -27.90287 -27.90774 -27.90898 -27.91259 -27.92017
 -26.99988 -27.00035 -27.00156 -27.00212 -27.00257 -27.00475 -27.00813
 -26.24499 -26.24511 -26.24529 -26.24540 -26.24594 -26.24787 -26.25019
 -25.69721 -25.69723 -25.69725 -25.69733 -25.69780 -25.69875 -25.70042
 -25.45171 -25.45173 -25.45175 -25.45178 -25.45197 -25.45228 -25.45308
 -25.27125 -25.27124 -25.27123 -25.27121 -25.27114 -25.27105 -25.27104
 -25.17623 -25.17625 -25.17625 -25.17623 -25.17610 -25.17596 -25.17604
 -25.14692 -25.14692 -25.14692 -25.14689 -25.14677 -25.14663 -25.14683
 -25.13757 -25.13756 -25.13755 -25.13752 -25.13739 -25.13725 -25.13749
 -25.13631 -25.13633 -25.13634 -25.13632 -25.13620 -25.13607 -25.13637
 -25.15064 -25.15066 -25.15067 -25.15064 -25.15053 -25.15041 -25.15070
 -25.19033 -25.19033 -25.19033 -25.19032 -25.19023 -25.19012 -25.19037
 -25.24639 -25.24639 -25.24639 -25.24637 -25.24629 -25.24618 -25.24633
 -25.28574 -25.28579 -25.28582 -25.28582 -25.28575 -25.28564 -25.28576
C-------------------------------------------------------------------------------
C                                                                               
C  Low-level line power coefficients  - unfiltered                              
C                                                                               
C                                                                               
C                                                                               
C  CODE     : ADAS810                                                           
C  PRODUCER : Adam Foster                                                       
C  DATE     : 15/05/09                                                          
C                                                                               
C-------------------------------------------------------------------------------
