   74    7   14   53   53     /TUNGSTEN           /ADAS810-total           ADF11
 -------------------------------------------------------------------------------
  10.00000  11.00000  12.00000  13.00000  14.00000  15.00000  16.00000
   1.68492   1.86101   2.08286   2.38389   2.68492   3.08286   3.38389   3.55998
   3.68492   3.86101   4.08286   4.38389   4.68492   4.86101
 --------------------/ IGRD= 1  / IPRT= 0  /PLT     / Z1=53   / DATE= 18.05.09
 -28.86879 -28.86879 -28.86879 -28.86879 -28.86879 -28.86879 -28.86880
 -27.56648 -27.56648 -27.56648 -27.56648 -27.56648 -27.56648 -27.56648
 -26.56190 -26.56190 -26.56190 -26.56190 -26.56190 -26.56190 -26.56190
 -25.86154 -25.86154 -25.86154 -25.86154 -25.86154 -25.86154 -25.86154
 -25.54078 -25.54078 -25.54078 -25.54078 -25.54078 -25.54078 -25.54078
 -25.22524 -25.22524 -25.22524 -25.22524 -25.22524 -25.22524 -25.22524
 -25.04478 -25.04478 -25.04478 -25.04478 -25.04479 -25.04479 -25.04479
 -24.98762 -24.98762 -24.98762 -24.98762 -24.98762 -24.98762 -24.98762
 -24.96511 -24.96511 -24.96511 -24.96511 -24.96511 -24.96511 -24.96511
 -24.95246 -24.95246 -24.95246 -24.95246 -24.95246 -24.95246 -24.95246
 -24.95905 -24.95905 -24.95905 -24.95905 -24.95905 -24.95905 -24.95905
 -24.99544 -24.99544 -24.99544 -24.99544 -24.99544 -24.99544 -24.99544
 -25.05278 -25.05278 -25.05278 -25.05278 -25.05278 -25.05278 -25.05278
 -25.09285 -25.09285 -25.09285 -25.09285 -25.09285 -25.09285 -25.09285
C-------------------------------------------------------------------------------
C                                                                               
C  Low-level line power coefficients  - unfiltered                              
C                                                                               
C                                                                               
C                                                                               
C  CODE     : ADAS810                                                           
C  PRODUCER : Adam Foster                                                       
C  DATE     : 18/05/09                                                          
C                                                                               
C-------------------------------------------------------------------------------
