   74    7   14   13   13     /TUNGSTEN           /ADAS810-total           ADF11
 -------------------------------------------------------------------------------
  10.00000  11.00000  12.00000  13.00000  14.00000  15.00000  16.00000
   0.46419   0.64038   0.86219   1.16316   1.46419   1.86219   2.16316   2.33925
   2.46419   2.64038   2.86219   3.16316   3.46419   3.64038
 --------------------/ IGRD= 1  / IPRT= 0  /PLT     / Z1=13   / DATE= 24.05.12
 -27.58024 -28.16333 -29.08698 -30.07827 -31.07460 -32.04731 -32.84181
 -27.22429 -27.96643 -28.91093 -29.75129 -30.14724 -30.21742 -30.22617
 -27.01176 -27.62676 -27.89133 -27.93123 -27.93546 -27.93597 -27.93682
 -26.23607 -26.24741 -26.24888 -26.24903 -26.24905 -26.24911 -26.24965
 -25.41938 -25.39549 -25.39277 -25.39250 -25.39248 -25.39254 -25.39318
 -24.81331 -24.80327 -24.80219 -24.80208 -24.80210 -24.80235 -24.80491
 -24.58831 -24.58255 -24.58194 -24.58189 -24.58193 -24.58243 -24.58734
 -24.52156 -24.51685 -24.51636 -24.51631 -24.51637 -24.51697 -24.52293
 -24.49417 -24.48993 -24.48949 -24.48945 -24.48951 -24.49017 -24.49664
 -24.47579 -24.47197 -24.47157 -24.47154 -24.47160 -24.47230 -24.47917
 -24.47557 -24.47206 -24.47169 -24.47166 -24.47173 -24.47244 -24.47942
 -24.50245 -24.49916 -24.49881 -24.49878 -24.49885 -24.49952 -24.50620
 -24.55077 -24.54766 -24.54733 -24.54730 -24.54736 -24.54797 -24.55400
 -24.58561 -24.58255 -24.58222 -24.58219 -24.58225 -24.58281 -24.58841
C-------------------------------------------------------------------------------
C                                                                               
C  Low-level line power coefficients  - unfiltered                              
C                                                                               
C                                                                               
C                                                                               
C  CODE     : ADAS810                                                           
C  PRODUCER : Martin O'Mullane                                                  
C  DATE     : 24/05/12                                                          
C                                                                               
C-------------------------------------------------------------------------------
