   74    7   14   38   38     /TUNGSTEN           /ADAS810-total           ADF11
 -------------------------------------------------------------------------------
  10.00000  11.00000  12.00000  13.00000  14.00000  15.00000  16.00000
   1.39594   1.57202   1.79387   2.09489   2.39594   2.79387   3.09489   3.27100
   3.39594   3.57202   3.79387   4.09489   4.39594   4.57202
 --------------------/ IGRD= 1  / IPRT= 0  /PLT     / Z1=38   / DATE= 15.05.09
 -27.69670 -27.69672 -27.69692 -27.69889 -27.71635 -27.79293 -27.85497
 -26.71302 -26.71303 -26.71308 -26.71348 -26.71691 -26.72906 -26.73640
 -25.81419 -25.81467 -25.81475 -25.81502 -25.81678 -25.82048 -25.82224
 -25.25535 -25.26556 -25.26605 -25.26028 -25.23420 -25.21495 -25.21594
 -25.20905 -25.24154 -25.24173 -25.21377 -25.12421 -25.08053 -25.08129
 -25.29752 -25.36037 -25.36121 -25.31204 -25.17738 -25.12109 -25.12007
 -25.35376 -25.44290 -25.44669 -25.39406 -25.24661 -25.18272 -25.17987
 -25.38200 -25.48888 -25.49539 -25.44403 -25.29313 -25.22406 -25.21993
 -25.39976 -25.52044 -25.52932 -25.47979 -25.32774 -25.25461 -25.24948
 -25.42303 -25.56496 -25.57776 -25.53173 -25.37958 -25.30018 -25.29348
 -25.44908 -25.62077 -25.63960 -25.59888 -25.44885 -25.36080 -25.35183
 -25.48068 -25.69759 -25.72684 -25.69390 -25.55003 -25.44925 -25.43658
 -25.50996 -25.77626 -25.81915 -25.79426 -25.66021 -25.54623 -25.52898
 -25.52611 -25.82223 -25.87492 -25.85465 -25.72746 -25.60573 -25.58531
C-------------------------------------------------------------------------------
C                                                                               
C  Low-level line power coefficients  - unfiltered                              
C                                                                               
C                                                                               
C                                                                               
C  CODE     : ADAS810                                                           
C  PRODUCER : Adam Foster                                                       
C  DATE     : 15/05/09                                                          
C                                                                               
C-------------------------------------------------------------------------------
