   74    7   14   10   10     /TUNGSTEN           /ADAS810-total           ADF11
 -------------------------------------------------------------------------------
  10.00000  11.00000  12.00000  13.00000  14.00000  15.00000  16.00000
   0.23636   0.41246   0.63431   0.93534   1.23636   1.63431   1.93534   2.11143
   2.23636   2.41246   2.63431   2.93534   3.23636   3.41246
 --------------------/ IGRD= 1  / IPRT= 0  /PLT     / Z1=10   / DATE= 15.05.09
 -36.82113 -36.82113 -36.82113 -36.82113 -36.82116 -36.82140 -36.82384
 -32.47215 -32.47215 -32.47215 -32.47215 -32.47217 -32.47237 -32.47438
 -29.03653 -29.03653 -29.03653 -29.03653 -29.03655 -29.03670 -29.03826
 -26.52320 -26.52320 -26.52320 -26.52320 -26.52321 -26.52332 -26.52445
 -25.32460 -25.32460 -25.32460 -25.32461 -25.32462 -25.32474 -25.32593
 -24.66958 -24.66958 -24.66958 -24.66958 -24.66961 -24.66984 -24.67219
 -24.48657 -24.48657 -24.48657 -24.48658 -24.48661 -24.48693 -24.49012
 -24.44220 -24.44220 -24.44220 -24.44221 -24.44224 -24.44259 -24.44602
 -24.42592 -24.42592 -24.42592 -24.42593 -24.42596 -24.42632 -24.42984
 -24.42086 -24.42086 -24.42086 -24.42087 -24.42090 -24.42125 -24.42477
 -24.43382 -24.43382 -24.43382 -24.43383 -24.43386 -24.43420 -24.43757
 -24.47650 -24.47650 -24.47650 -24.47651 -24.47654 -24.47684 -24.47986
 -24.53725 -24.53725 -24.53725 -24.53725 -24.53728 -24.53754 -24.54015
 -24.57950 -24.57950 -24.57950 -24.57950 -24.57952 -24.57976 -24.58212
C-------------------------------------------------------------------------------
C                                                                               
C  Low-level line power coefficients  - unfiltered                              
C                                                                               
C                                                                               
C                                                                               
C  CODE     : ADAS810                                                           
C  PRODUCER : Adam Foster                                                       
C  DATE     : 15/05/09                                                          
C                                                                               
C-------------------------------------------------------------------------------
