   74    7   14   34   34     /TUNGSTEN           /ADAS810-total           ADF11
 -------------------------------------------------------------------------------
  10.00000  11.00000  12.00000  13.00000  14.00000  15.00000  16.00000
   1.29933   1.47542   1.69726   1.99830   2.29933   2.69726   2.99830   3.17438
   3.29933   3.47542   3.69726   3.99830   4.29933   4.47542
 --------------------/ IGRD= 1  / IPRT= 0  /PLT     / Z1=34   / DATE= 18.05.09
 -28.45121 -28.45121 -28.45121 -28.45121 -28.45121 -28.45121 -28.45123
 -27.02960 -27.02960 -27.02960 -27.02960 -27.02961 -27.02961 -27.02962
 -25.92831 -25.92831 -25.92831 -25.92831 -25.92831 -25.92831 -25.92833
 -25.14845 -25.14845 -25.14845 -25.14845 -25.14845 -25.14845 -25.14847
 -24.77929 -24.77929 -24.77929 -24.77929 -24.77929 -24.77930 -24.77936
 -24.55862 -24.55862 -24.55862 -24.55862 -24.55862 -24.55864 -24.55877
 -24.50369 -24.50369 -24.50369 -24.50369 -24.50370 -24.50371 -24.50388
 -24.50057 -24.50057 -24.50057 -24.50057 -24.50057 -24.50059 -24.50076
 -24.50814 -24.50814 -24.50814 -24.50814 -24.50814 -24.50816 -24.50833
 -24.52860 -24.52860 -24.52860 -24.52860 -24.52860 -24.52861 -24.52878
 -24.56625 -24.56625 -24.56625 -24.56625 -24.56625 -24.56627 -24.56642
 -24.63377 -24.63377 -24.63377 -24.63377 -24.63377 -24.63378 -24.63390
 -24.71334 -24.71334 -24.71334 -24.71334 -24.71334 -24.71335 -24.71345
 -24.76491 -24.76491 -24.76491 -24.76491 -24.76491 -24.76492 -24.76501
C-------------------------------------------------------------------------------
C                                                                               
C  Low-level line power coefficients  - unfiltered                              
C                                                                               
C                                                                               
C                                                                               
C  CODE     : ADAS810                                                           
C  PRODUCER : Adam Foster                                                       
C  DATE     : 18/05/09                                                          
C                                                                               
C-------------------------------------------------------------------------------
