   74    7   14   47   47     /TUNGSTEN           /ADAS810-total           ADF11
 -------------------------------------------------------------------------------
  10.00000  11.00000  12.00000  13.00000  14.00000  15.00000  16.00000
   1.58056   1.75666   1.97850   2.27953   2.58056   2.97850   3.27953   3.45562
   3.58056   3.75666   3.97850   4.27953   4.58056   4.75666
 --------------------/ IGRD= 1  / IPRT= 0  /PLT     / Z1=47   / DATE= 15.05.09
 -43.97258 -43.97258 -43.97258 -43.97258 -43.97258 -43.97258 -43.97257
 -38.03563 -38.03563 -38.03563 -38.03563 -38.03563 -38.03562 -38.03559
 -33.16428 -33.16428 -33.16428 -33.16428 -33.16428 -33.16427 -33.16421
 -29.05897 -29.05897 -29.05897 -29.05897 -29.05897 -29.05897 -29.05892
 -26.81465 -26.81465 -26.81465 -26.81465 -26.81465 -26.81465 -26.81462
 -25.45126 -25.45126 -25.45126 -25.45126 -25.45126 -25.45126 -25.45125
 -25.02660 -25.02660 -25.02660 -25.02660 -25.02660 -25.02660 -25.02663
 -24.90220 -24.90220 -24.90220 -24.90220 -24.90220 -24.90220 -24.90224
 -24.84860 -24.84860 -24.84860 -24.84860 -24.84860 -24.84861 -24.84865
 -24.80489 -24.80489 -24.80489 -24.80489 -24.80489 -24.80490 -24.80495
 -24.78636 -24.78636 -24.78636 -24.78636 -24.78636 -24.78637 -24.78642
 -24.79767 -24.79767 -24.79767 -24.79767 -24.79767 -24.79768 -24.79772
 -24.83821 -24.83821 -24.83821 -24.83821 -24.83821 -24.83822 -24.83826
 -24.87063 -24.87063 -24.87063 -24.87063 -24.87063 -24.87063 -24.87067
C-------------------------------------------------------------------------------
C                                                                               
C  Low-level line power coefficients  - unfiltered                              
C                                                                               
C                                                                               
C                                                                               
C  CODE     : ADAS810                                                           
C  PRODUCER : Adam Foster                                                       
C  DATE     : 15/05/09                                                          
C                                                                               
C-------------------------------------------------------------------------------
