   74    7   14   10   10     /TUNGSTEN           /ADAS810-total           ADF11
 -------------------------------------------------------------------------------
  10.00000  11.00000  12.00000  13.00000  14.00000  15.00000  16.00000
   0.23636   0.41246   0.63431   0.93534   1.23636   1.63431   1.93534   2.11143
   2.23636   2.41246   2.63431   2.93534   3.23636   3.41246
 --------------------/ IGRD= 1  / IPRT= 0  /PLT     / Z1=10   / DATE= 15.05.09
 -27.97105 -28.37006 -28.76611 -29.46154 -30.40782 -31.40194 -32.40133
 -27.49263 -27.70654 -27.95421 -28.58833 -29.52142 -30.51163 -31.48756
 -26.97628 -27.07092 -27.24976 -27.83451 -28.68654 -29.28044 -29.43645
 -26.39240 -26.42531 -26.51074 -26.71807 -26.81845 -26.83298 -26.83542
 -25.47001 -25.47245 -25.47910 -25.48993 -25.49357 -25.49414 -25.49515
 -24.73498 -24.73477 -24.73405 -24.73341 -24.73333 -24.73366 -24.73666
 -24.51564 -24.51556 -24.51555 -24.51559 -24.51568 -24.51631 -24.52139
 -24.45698 -24.45704 -24.45749 -24.45789 -24.45806 -24.45881 -24.46468
 -24.43438 -24.43450 -24.43521 -24.43581 -24.43603 -24.43683 -24.44302
 -24.42095 -24.42120 -24.42225 -24.42310 -24.42337 -24.42419 -24.43050
 -24.42606 -24.42633 -24.42761 -24.42867 -24.42899 -24.42979 -24.43587
 -24.45863 -24.45904 -24.46065 -24.46201 -24.46240 -24.46311 -24.46851
 -24.51257 -24.51302 -24.51478 -24.51643 -24.51689 -24.51750 -24.52204
 -24.55154 -24.55203 -24.55385 -24.55564 -24.55614 -24.55669 -24.56074
C-------------------------------------------------------------------------------
C                                                                               
C  Low-level line power coefficients  - unfiltered                              
C                                                                               
C                                                                               
C                                                                               
C  CODE     : ADAS810                                                           
C  PRODUCER : Adam Foster                                                       
C  DATE     : 15/05/09                                                          
C                                                                               
C-------------------------------------------------------------------------------
