   74    7   14   18   18     /TUNGSTEN           /ADAS810-total           ADF11
 -------------------------------------------------------------------------------
  10.00000  11.00000  12.00000  13.00000  14.00000  15.00000  16.00000
   0.74695   0.92298   1.14489   1.44592   1.74695   2.14489   2.44592   2.62201
   2.74695   2.92298   3.14489   3.44592   3.74695   3.92298
 --------------------/ IGRD= 1  / IPRT= 0  /PLT     / Z1=18   / DATE= 25.05.12
 -41.47881 -41.47881 -41.47881 -41.47881 -41.47881 -41.47881 -41.47883
 -35.90638 -35.90638 -35.90638 -35.90638 -35.90638 -35.90639 -35.90640
 -31.42034 -31.42034 -31.42034 -31.42034 -31.42035 -31.42035 -31.42036
 -28.06935 -28.06957 -28.06960 -28.06960 -28.06960 -28.06960 -28.06961
 -26.48623 -26.49420 -26.49515 -26.49525 -26.49526 -26.49527 -26.49528
 -25.79151 -25.84292 -25.84938 -25.85005 -25.85012 -25.85013 -25.85015
 -25.67407 -25.76511 -25.77712 -25.77837 -25.77850 -25.77852 -25.77855
 -25.65220 -25.76633 -25.78200 -25.78364 -25.78381 -25.78383 -25.78386
 -25.64469 -25.77535 -25.79391 -25.79586 -25.79606 -25.79609 -25.79611
 -25.63936 -25.79366 -25.81682 -25.81927 -25.81952 -25.81955 -25.81958
 -25.63703 -25.82146 -25.85151 -25.85473 -25.85507 -25.85511 -25.85513
 -25.63911 -25.86387 -25.90577 -25.91036 -25.91084 -25.91089 -25.91091
 -25.64949 -25.91158 -25.96893 -25.97543 -25.97611 -25.97618 -25.97620
 -25.66023 -25.94142 -26.00980 -26.01774 -26.01856 -26.01866 -26.01868
C-------------------------------------------------------------------------------
C                                                                               
C  Low-level line power coefficients  - unfiltered                                                                                                             
C                                                                               
C  adf04 driver of first version was faulty.                                                                             
C                                                                               
C  CODE     : ADAS810                                                           
C  PRODUCER : Martin O'Mullane                                                  
C  DATE     : 25/05/12                                                          
C                                                                               
C-------------------------------------------------------------------------------
