   74    7   14   47   47     /TUNGSTEN           /ADAS810-total           ADF11
 -------------------------------------------------------------------------------
  10.00000  11.00000  12.00000  13.00000  14.00000  15.00000  16.00000
   1.58056   1.75666   1.97850   2.27953   2.58056   2.97850   3.27953   3.45562
   3.58056   3.75666   3.97850   4.27953   4.58056   4.75666
 --------------------/ IGRD= 1  / IPRT= 0  /PLT     / Z1=47   / DATE= 15.05.09
 -44.02672 -44.02672 -44.02672 -44.02672 -44.02672 -44.02672 -44.02670
 -38.07589 -38.07589 -38.07589 -38.07589 -38.07589 -38.07588 -38.07582
 -33.17221 -33.17221 -33.17221 -33.17221 -33.17220 -33.17215 -33.17196
 -29.05350 -29.05350 -29.05350 -29.05350 -29.05348 -29.05338 -29.05311
 -26.81566 -26.81566 -26.81566 -26.81565 -26.81564 -26.81553 -26.81531
 -25.45373 -25.45373 -25.45373 -25.45373 -25.45373 -25.45370 -25.45365
 -25.02903 -25.02903 -25.02903 -25.02903 -25.02905 -25.02916 -25.02944
 -24.90490 -24.90490 -24.90490 -24.90490 -24.90493 -24.90513 -24.90563
 -24.85159 -24.85159 -24.85159 -24.85159 -24.85163 -24.85187 -24.85252
 -24.80824 -24.80824 -24.80824 -24.80824 -24.80828 -24.80857 -24.80939
 -24.79027 -24.79027 -24.79027 -24.79028 -24.79031 -24.79063 -24.79162
 -24.80210 -24.80210 -24.80210 -24.80210 -24.80214 -24.80245 -24.80356
 -24.84297 -24.84297 -24.84297 -24.84297 -24.84300 -24.84328 -24.84443
 -24.87559 -24.87559 -24.87559 -24.87559 -24.87562 -24.87587 -24.87701
C-------------------------------------------------------------------------------
C                                                                               
C  Low-level line power coefficients  - unfiltered                              
C                                                                               
C                                                                               
C                                                                               
C  CODE     : ADAS810                                                           
C  PRODUCER : Adam Foster                                                       
C  DATE     : 15/05/09                                                          
C                                                                               
C-------------------------------------------------------------------------------
