   74    7   14   56   56     /TUNGSTEN           /ADAS810-total           ADF11
 -------------------------------------------------------------------------------
  10.00000  11.00000  12.00000  13.00000  14.00000  15.00000  16.00000
   1.73275   1.90884   2.13069   2.43172   2.73275   3.13069   3.43172   3.60781
   3.73275   3.90884   4.13069   4.43172   4.73275   4.90884
 --------------------/ IGRD= 1  / IPRT= 0  /PLT     / Z1=56   / DATE= 18.05.09
 -28.01664 -28.01664 -28.01664 -28.01664 -28.01664 -28.01664 -28.01664
 -26.96163 -26.96163 -26.96163 -26.96163 -26.96163 -26.96163 -26.96163
 -26.15257 -26.15257 -26.15257 -26.15257 -26.15257 -26.15257 -26.15258
 -25.59771 -25.59771 -25.59771 -25.59771 -25.59771 -25.59771 -25.59771
 -25.36085 -25.36085 -25.36085 -25.36085 -25.36085 -25.36085 -25.36086
 -25.17427 -25.17427 -25.17427 -25.17427 -25.17427 -25.17427 -25.17428
 -25.06581 -25.06581 -25.06581 -25.06581 -25.06581 -25.06581 -25.06582
 -25.03262 -25.03262 -25.03262 -25.03262 -25.03262 -25.03262 -25.03263
 -25.02293 -25.02293 -25.02293 -25.02293 -25.02293 -25.02293 -25.02293
 -25.02397 -25.02397 -25.02397 -25.02397 -25.02397 -25.02397 -25.02398
 -25.04445 -25.04445 -25.04445 -25.04445 -25.04445 -25.04445 -25.04445
 -25.09453 -25.09453 -25.09453 -25.09453 -25.09453 -25.09453 -25.09453
 -25.16201 -25.16201 -25.16201 -25.16201 -25.16201 -25.16201 -25.16202
 -25.20761 -25.20761 -25.20761 -25.20761 -25.20761 -25.20761 -25.20761
C-------------------------------------------------------------------------------
C                                                                               
C  Low-level line power coefficients  - unfiltered                              
C                                                                               
C                                                                               
C                                                                               
C  CODE     : ADAS810                                                           
C  PRODUCER : Adam Foster                                                       
C  DATE     : 18/05/09                                                          
C                                                                               
C-------------------------------------------------------------------------------
