   74    7   14   56   56     /TUNGSTEN           /ADAS810-total           ADF11
 -------------------------------------------------------------------------------
  10.00000  11.00000  12.00000  13.00000  14.00000  15.00000  16.00000
   1.73275   1.90884   2.13069   2.43172   2.73275   3.13069   3.43172   3.60781
   3.73275   3.90884   4.13069   4.43172   4.73275   4.90884
 --------------------/ IGRD= 1  / IPRT= 0  /PLT     / Z1=56   / DATE= 15.05.09
 -28.00249 -28.00249 -28.00249 -28.00249 -28.00249 -28.00249 -28.00250
 -27.05574 -27.05574 -27.05574 -27.05574 -27.05574 -27.05574 -27.05574
 -26.24721 -26.24721 -26.24721 -26.24721 -26.24721 -26.24721 -26.24722
 -25.64649 -25.64649 -25.64649 -25.64649 -25.64649 -25.64649 -25.64652
 -25.37506 -25.37506 -25.37506 -25.37506 -25.37506 -25.37507 -25.37517
 -25.16814 -25.16814 -25.16814 -25.16814 -25.16815 -25.16816 -25.16834
 -25.05627 -25.05627 -25.05627 -25.05627 -25.05627 -25.05629 -25.05650
 -25.02240 -25.02240 -25.02240 -25.02240 -25.02240 -25.02243 -25.02264
 -25.01232 -25.01232 -25.01232 -25.01232 -25.01232 -25.01234 -25.01255
 -25.01339 -25.01339 -25.01339 -25.01339 -25.01339 -25.01341 -25.01361
 -25.03359 -25.03359 -25.03359 -25.03359 -25.03359 -25.03361 -25.03378
 -25.08344 -25.08344 -25.08344 -25.08344 -25.08345 -25.08346 -25.08360
 -25.15026 -25.15026 -25.15026 -25.15026 -25.15026 -25.15027 -25.15038
 -25.19558 -25.19558 -25.19558 -25.19558 -25.19558 -25.19559 -25.19568
C-------------------------------------------------------------------------------
C                                                                               
C  Low-level line power coefficients  - unfiltered                              
C                                                                               
C                                                                               
C                                                                               
C  CODE     : ADAS810                                                           
C  PRODUCER : Adam Foster                                                       
C  DATE     : 15/05/09                                                          
C                                                                               
C-------------------------------------------------------------------------------
