   74    7   14   35   35     /TUNGSTEN           /ADAS810-total           ADF11
 -------------------------------------------------------------------------------
  10.00000  11.00000  12.00000  13.00000  14.00000  15.00000  16.00000
   1.32451   1.50059   1.72244   2.02346   2.32451   2.72244   3.02346   3.19956
   3.32451   3.50059   3.72244   4.02346   4.32451   4.50059
 --------------------/ IGRD= 1  / IPRT= 0  /PLT     / Z1=35   / DATE= 15.05.09
 -27.68483 -27.68965 -27.70287 -27.72889 -27.81262 -28.09934 -28.42819
 -27.04962 -27.05083 -27.05375 -27.05987 -27.08135 -27.13478 -27.16498
 -26.04056 -26.04069 -26.04178 -26.04730 -26.05220 -26.05820 -26.06051
 -25.36437 -25.35014 -25.33093 -25.31162 -25.28709 -25.27537 -25.27388
 -25.21173 -25.17525 -25.10376 -25.03422 -24.97592 -24.95806 -24.95610
 -25.21395 -25.17324 -25.05691 -24.94807 -24.86419 -24.84267 -24.84054
 -25.24699 -25.21806 -25.08793 -24.96374 -24.86896 -24.84476 -24.84239
 -25.26917 -25.25144 -25.11781 -24.98730 -24.88745 -24.86141 -24.85884
 -25.28397 -25.27597 -25.14163 -25.00762 -24.90485 -24.87743 -24.87470
 -25.30690 -25.31474 -25.18071 -25.04219 -24.93543 -24.90575 -24.90276
 -25.33584 -25.36722 -25.23614 -25.09251 -24.98107 -24.94806 -24.94465
 -25.37388 -25.44310 -25.32035 -25.17078 -25.05388 -25.01552 -25.01138
 -25.41220 -25.52514 -25.41506 -25.26000 -25.13805 -25.09312 -25.08798
 -25.43545 -25.57588 -25.47520 -25.31715 -25.19243 -25.14302 -25.13713
C-------------------------------------------------------------------------------
C                                                                               
C  Low-level line power coefficients  - unfiltered                              
C                                                                               
C                                                                               
C                                                                               
C  CODE     : ADAS810                                                           
C  PRODUCER : Adam Foster                                                       
C  DATE     : 15/05/09                                                          
C                                                                               
C-------------------------------------------------------------------------------
