   74    7   14    7    7     /TUNGSTEN           /ADAS810-total           ADF11
 -------------------------------------------------------------------------------
  10.00000  11.00000  12.00000  13.00000  14.00000  15.00000  16.00000
  -0.07344   0.10267   0.32451   0.62554   0.92656   1.32451   1.62554   1.80163
   1.92656   2.10267   2.32451   2.62554   2.92656   3.10267
 --------------------/ IGRD= 1  / IPRT= 0  /PLT     / Z1= 7   / DATE= 18.05.09
 -46.65941 -46.65941 -46.65941 -46.65942 -46.65947 -46.66000 -46.66524
 -38.92992 -38.92992 -38.92992 -38.92992 -38.92997 -38.93040 -38.93469
 -32.78732 -32.78732 -32.78732 -32.78733 -32.78736 -32.78770 -32.79103
 -28.24469 -28.24469 -28.24469 -28.24469 -28.24472 -28.24495 -28.24729
 -26.03654 -26.03654 -26.03654 -26.03654 -26.03657 -26.03685 -26.03886
 -24.76303 -24.76302 -24.76303 -24.76326 -24.76546 -24.78148 -24.81890
 -24.35315 -24.35325 -24.35347 -24.35485 -24.36771 -24.44859 -24.57289
 -24.22595 -24.22619 -24.22666 -24.22901 -24.25054 -24.37535 -24.53804
 -24.16990 -24.17026 -24.17091 -24.17389 -24.20077 -24.35046 -24.53246
 -24.12325 -24.12376 -24.12465 -24.12824 -24.16025 -24.33317 -24.53412
 -24.10532 -24.10595 -24.10706 -24.11095 -24.14520 -24.33060 -24.54909
 -24.12237 -24.12305 -24.12431 -24.12798 -24.15983 -24.34075 -24.57565
 -24.17233 -24.17298 -24.17428 -24.17740 -24.20404 -24.36696 -24.61270
 -24.20970 -24.21031 -24.21160 -24.21438 -24.23769 -24.38709 -24.63670
C-------------------------------------------------------------------------------
C                                                                               
C  Low-level line power coefficients  - unfiltered                              
C                                                                               
C                                                                               
C                                                                               
C  CODE     : ADAS810                                                           
C  PRODUCER : Adam Foster                                                       
C  DATE     : 18/05/09                                                          
C                                                                               
C-------------------------------------------------------------------------------
