   74    7   14   42   42     /TUNGSTEN           /ADAS810-total           ADF11
 -------------------------------------------------------------------------------
  10.00000  11.00000  12.00000  13.00000  14.00000  15.00000  16.00000
   1.48287   1.65896   1.88081   2.18184   2.48287   2.88081   3.18184   3.35793
   3.48287   3.65896   3.88081   4.18184   4.48287   4.65896
 --------------------/ IGRD= 1  / IPRT= 0  /PLT     / Z1=42   / DATE= 15.05.09
 -27.11455 -27.11455 -27.11457 -27.11479 -27.11693 -27.13473 -27.20033
 -26.39021 -26.39022 -26.39022 -26.39025 -26.39048 -26.39226 -26.39642
 -25.70806 -25.70878 -25.70885 -25.70882 -25.70838 -25.70513 -25.69547
 -25.29296 -25.30660 -25.30811 -25.30810 -25.30661 -25.29669 -25.27293
 -25.30912 -25.35076 -25.35545 -25.35556 -25.35213 -25.32978 -25.27877
 -25.40106 -25.48035 -25.48970 -25.49018 -25.48582 -25.45677 -25.38842
 -25.40817 -25.51912 -25.53291 -25.53387 -25.52965 -25.50024 -25.42578
 -25.40292 -25.53471 -25.55175 -25.55308 -25.54914 -25.52060 -25.44403
 -25.39839 -25.54615 -25.56586 -25.56750 -25.56379 -25.53619 -25.45879
 -25.39268 -25.56458 -25.58868 -25.59083 -25.58750 -25.56150 -25.48356
 -25.38694 -25.59180 -25.62267 -25.62561 -25.62278 -25.59905 -25.52150
 -25.38057 -25.63368 -25.67647 -25.68083 -25.67869 -25.65827 -25.58306
 -25.37717 -25.68036 -25.73905 -25.74536 -25.74393 -25.72680 -25.65587
 -25.37715 -25.70916 -25.77938 -25.78716 -25.78614 -25.77083 -25.70306
C-------------------------------------------------------------------------------
C                                                                               
C  Low-level line power coefficients  - unfiltered                              
C                                                                               
C                                                                               
C                                                                               
C  CODE     : ADAS810                                                           
C  PRODUCER : Adam Foster                                                       
C  DATE     : 15/05/09                                                          
C                                                                               
C-------------------------------------------------------------------------------
