   74    7   14   65   65     /TUNGSTEN           /ADAS810-total           ADF11
 -------------------------------------------------------------------------------
  10.00000  11.00000  12.00000  13.00000  14.00000  15.00000  16.00000
   1.86220   2.03830   2.26014   2.56116   2.86220   3.26014   3.56116   3.73726
   3.86220   4.03830   4.26014   4.56116   4.86220   5.03830
 --------------------/ IGRD= 1  / IPRT= 0  /PLT     / Z1=65   / DATE= 15.05.09
 -74.00000 -74.00000 -74.00000 -74.00000 -74.00000 -74.00000 -74.00000
 -74.00000 -74.00000 -59.87787 -60.03254 -59.26293 -59.21232 -59.20635
 -45.91362 -45.91362 -45.91362 -45.91362 -45.91362 -45.91362 -45.91362
 -35.64797 -35.64797 -35.64797 -35.64797 -35.64797 -35.64797 -35.64797
 -30.42208 -30.42208 -30.42208 -30.42208 -30.42208 -30.42208 -30.42208
 -27.26260 -27.26260 -27.26260 -27.26260 -27.26260 -27.26260 -27.26260
 -26.22180 -26.22180 -26.22180 -26.22180 -26.22180 -26.22180 -26.22180
 -25.89118 -25.89118 -25.89118 -25.89118 -25.89118 -25.89118 -25.89118
 -25.73593 -25.73593 -25.73593 -25.73593 -25.73593 -25.73593 -25.73593
 -25.59468 -25.59468 -25.59468 -25.59468 -25.59468 -25.59468 -25.59468
 -25.49992 -25.49992 -25.49992 -25.49992 -25.49992 -25.49992 -25.49992
 -25.45895 -25.45895 -25.45895 -25.45895 -25.45895 -25.45895 -25.45895
 -25.46961 -25.46961 -25.46961 -25.46961 -25.46961 -25.46961 -25.46961
 -25.49055 -25.49055 -25.49055 -25.49055 -25.49055 -25.49055 -25.49055
C-------------------------------------------------------------------------------
C                                                                               
C  Low-level line power coefficients  - unfiltered                              
C                                                                               
C                                                                               
C                                                                               
C  CODE     : ADAS810                                                           
C  PRODUCER : Adam Foster                                                       
C  DATE     : 15/05/09                                                          
C                                                                               
C-------------------------------------------------------------------------------
