   74    7   14   17   17     /TUNGSTEN           /ADAS810-total           ADF11
 -------------------------------------------------------------------------------
  10.00000  11.00000  12.00000  13.00000  14.00000  15.00000  16.00000
   0.69726   0.87336   1.09520   1.39623   1.69726   2.09520   2.39623   2.57233
   2.69726   2.87336   3.09520   3.39623   3.69726   3.87336
 --------------------/ IGRD= 1  / IPRT= 0  /PLT     / Z1=17   / DATE= 15.05.09
 -28.35647 -28.35647 -28.35647 -28.35647 -28.35650 -28.35682 -28.35993
 -27.07064 -27.07064 -27.07064 -27.07064 -27.07066 -27.07093 -27.07353
 -26.07853 -26.07853 -26.07853 -26.07854 -26.07856 -26.07878 -26.08094
 -25.38531 -25.38531 -25.38531 -25.38531 -25.38533 -25.38553 -25.38752
 -25.07359 -25.07359 -25.07359 -25.07359 -25.07361 -25.07380 -25.07573
 -24.93217 -24.93217 -24.93217 -24.93217 -24.93218 -24.93235 -24.93405
 -24.92446 -24.92446 -24.92446 -24.92447 -24.92448 -24.92463 -24.92609
 -24.94187 -24.94187 -24.94187 -24.94187 -24.94188 -24.94202 -24.94334
 -24.96076 -24.96076 -24.96076 -24.96076 -24.96077 -24.96090 -24.96211
 -24.99389 -24.99389 -24.99389 -24.99389 -24.99390 -24.99401 -24.99509
 -25.04578 -25.04578 -25.04578 -25.04578 -25.04579 -25.04588 -25.04678
 -25.12778 -25.12778 -25.12778 -25.12779 -25.12779 -25.12786 -25.12857
 -25.21957 -25.21957 -25.21957 -25.21957 -25.21958 -25.21963 -25.22017
 -25.27669 -25.27669 -25.27669 -25.27669 -25.27670 -25.27674 -25.27720
C-------------------------------------------------------------------------------
C                                                                               
C  Low-level line power coefficients  - unfiltered                              
C                                                                               
C                                                                               
C                                                                               
C  CODE     : ADAS810                                                           
C  PRODUCER : Adam Foster                                                       
C  DATE     : 15/05/09                                                          
C                                                                               
C-------------------------------------------------------------------------------
