   74    7   14   69   69     /TUNGSTEN           /ADAS810-total           ADF11
 -------------------------------------------------------------------------------
  10.00000  11.00000  12.00000  13.00000  14.00000  15.00000  16.00000
   1.91407   2.09015   2.31201   2.61304   2.91407   3.31201   3.61304   3.78913
   3.91407   4.09015   4.31201   4.61304   4.91407   5.09015
 --------------------/ IGRD= 1  / IPRT= 0  /PLT     / Z1=69   / DATE= 15.05.09
 -32.15091 -32.15091 -32.15091 -32.15091 -32.15091 -32.15091 -32.15091
 -29.95620 -29.95620 -29.95620 -29.95620 -29.95620 -29.95620 -29.95620
 -28.23952 -28.23952 -28.23951 -28.23951 -28.23951 -28.23951 -28.23952
 -27.01464 -27.01464 -27.01464 -27.01464 -27.01464 -27.01464 -27.01464
 -26.46818 -26.46818 -26.46818 -26.46818 -26.46818 -26.46818 -26.46818
 -26.20555 -26.20555 -26.20555 -26.20555 -26.20555 -26.20555 -26.20555
 -26.04256 -26.04256 -26.04256 -26.04256 -26.04256 -26.04256 -26.04256
 -25.92651 -25.92651 -25.92651 -25.92651 -25.92651 -25.92651 -25.92651
 -25.85583 -25.85583 -25.85583 -25.85583 -25.85583 -25.85583 -25.85583
 -25.78236 -25.78236 -25.78236 -25.78236 -25.78236 -25.78236 -25.78236
 -25.73502 -25.73502 -25.73502 -25.73502 -25.73502 -25.73502 -25.73502
 -25.72636 -25.72636 -25.72636 -25.72636 -25.72636 -25.72636 -25.72636
 -25.75630 -25.75630 -25.75630 -25.75630 -25.75630 -25.75630 -25.75630
 -25.78497 -25.78497 -25.78497 -25.78497 -25.78497 -25.78497 -25.78497
C-------------------------------------------------------------------------------
C                                                                               
C  Low-level line power coefficients  - unfiltered                              
C                                                                               
C                                                                               
C                                                                               
C  CODE     : ADAS810                                                           
C  PRODUCER : Adam Foster                                                       
C  DATE     : 15/05/09                                                          
C                                                                               
C-------------------------------------------------------------------------------
