   74    7   14   21   21     /TUNGSTEN           /ADAS810-total           ADF11
 -------------------------------------------------------------------------------
  10.00000  11.00000  12.00000  13.00000  14.00000  15.00000  16.00000
   0.88081   1.05690   1.27875   1.57978   1.88081   2.27875   2.57978   2.75587
   2.88081   3.05690   3.27875   3.57978   3.88081   4.05690
 --------------------/ IGRD= 1  / IPRT= 0  /PLT     / Z1=21   / DATE= 18.05.09
 -34.41078 -34.41078 -34.41078 -34.41078 -34.41078 -34.41079 -34.41081
 -31.31274 -31.31274 -31.31274 -31.31274 -31.31274 -31.31274 -31.31276
 -28.73118 -28.73118 -28.73118 -28.73118 -28.73118 -28.73118 -28.73119
 -26.59387 -26.59387 -26.59387 -26.59387 -26.59387 -26.59387 -26.59386
 -25.44183 -25.44183 -25.44183 -25.44183 -25.44183 -25.44183 -25.44184
 -24.71549 -24.71549 -24.71549 -24.71549 -24.71549 -24.71550 -24.71558
 -24.48194 -24.48194 -24.48194 -24.48194 -24.48194 -24.48196 -24.48211
 -24.41514 -24.41514 -24.41514 -24.41514 -24.41514 -24.41516 -24.41535
 -24.38780 -24.38780 -24.38780 -24.38780 -24.38780 -24.38782 -24.38803
 -24.36906 -24.36906 -24.36906 -24.36906 -24.36906 -24.36909 -24.36930
 -24.36921 -24.36921 -24.36921 -24.36921 -24.36921 -24.36923 -24.36944
 -24.39747 -24.39747 -24.39747 -24.39747 -24.39747 -24.39749 -24.39768
 -24.44762 -24.44762 -24.44762 -24.44762 -24.44763 -24.44764 -24.44781
 -24.48410 -24.48410 -24.48410 -24.48410 -24.48410 -24.48412 -24.48427
C-------------------------------------------------------------------------------
C                                                                               
C  Low-level line power coefficients  - unfiltered                              
C                                                                               
C                                                                               
C                                                                               
C  CODE     : ADAS810                                                           
C  PRODUCER : Adam Foster                                                       
C  DATE     : 18/05/09                                                          
C                                                                               
C-------------------------------------------------------------------------------
