   74    7   14    5    5     /TUNGSTEN           /ADAS810-total           ADF11
 -------------------------------------------------------------------------------
  10.00000  11.00000  12.00000  13.00000  14.00000  15.00000  16.00000
  -0.36569  -0.18960   0.03226   0.33329   0.63431   1.03226   1.33329   1.50938
   1.63431   1.81040   2.03226   2.33329   2.63431   2.81040
 --------------------/ IGRD= 1  / IPRT= 0  /PLT     / Z1= 5   / DATE= 15.05.09
 -39.60042 -39.60042 -39.60044 -39.60062 -39.60240 -39.61980 -39.76373
 -34.59840 -34.59840 -34.59841 -34.59856 -34.60001 -34.61431 -34.73615
 -30.63651 -30.63651 -30.63653 -30.63664 -30.63777 -30.64892 -30.74706
 -27.72336 -27.72336 -27.72337 -27.72345 -27.72423 -27.73200 -27.80259
 -26.25355 -26.25355 -26.25355 -26.25359 -26.25394 -26.25744 -26.28988
 -25.08465 -25.08465 -25.08466 -25.08466 -25.08470 -25.08515 -25.09235
 -24.55283 -24.55283 -24.55283 -24.55285 -24.55308 -24.55538 -24.57935
 -24.37060 -24.37060 -24.37060 -24.37064 -24.37098 -24.37452 -24.40934
 -24.28380 -24.28380 -24.28381 -24.28385 -24.28427 -24.28851 -24.32951
 -24.20351 -24.20351 -24.20352 -24.20357 -24.20406 -24.20901 -24.25641
 -24.15392 -24.15392 -24.15393 -24.15398 -24.15451 -24.15987 -24.21114
 -24.14063 -24.14063 -24.14063 -24.14068 -24.14121 -24.14651 -24.19793
 -24.16494 -24.16494 -24.16495 -24.16500 -24.16547 -24.17031 -24.21809
 -24.19087 -24.19087 -24.19087 -24.19092 -24.19135 -24.19583 -24.24047
C-------------------------------------------------------------------------------
C                                                                               
C  Low-level line power coefficients  - unfiltered                              
C                                                                               
C                                                                               
C                                                                               
C  CODE     : ADAS810                                                           
C  PRODUCER : Adam Foster                                                       
C  DATE     : 15/05/09                                                          
C                                                                               
C-------------------------------------------------------------------------------
