   74    7   14   14   14     /TUNGSTEN           /ADAS810-total           ADF11
 -------------------------------------------------------------------------------
  10.00000  11.00000  12.00000  13.00000  14.00000  15.00000  16.00000
   0.52866   0.70475   0.92655   1.22763   1.52866   1.92655   2.22763   2.40364
   2.52866   2.70475   2.92655   3.22763   3.52866   3.70475
 --------------------/ IGRD= 1  / IPRT= 0  /PLT     / Z1=14   / DATE= 24.05.12
 -29.06642 -29.06642 -29.06642 -29.06643 -29.06648 -29.06706 -29.07274
 -27.42153 -27.42153 -27.42153 -27.42154 -27.42159 -27.42206 -27.42674
 -26.14334 -26.14334 -26.14334 -26.14335 -26.14339 -26.14379 -26.14781
 -25.23897 -25.23897 -25.23897 -25.23897 -25.23903 -25.23955 -25.24474
 -24.82329 -24.82329 -24.82329 -24.82330 -24.82337 -24.82413 -24.83163
 -24.58512 -24.58512 -24.58513 -24.58513 -24.58522 -24.58612 -24.59493
 -24.50165 -24.50165 -24.50165 -24.50166 -24.50175 -24.50265 -24.51147
 -24.47877 -24.47877 -24.47877 -24.47878 -24.47886 -24.47974 -24.48828
 -24.47023 -24.47023 -24.47023 -24.47023 -24.47032 -24.47117 -24.47951
 -24.47502 -24.47502 -24.47502 -24.47503 -24.47511 -24.47591 -24.48374
 -24.49982 -24.49982 -24.49982 -24.49983 -24.49990 -24.50062 -24.50766
 -24.55612 -24.55612 -24.55612 -24.55613 -24.55619 -24.55679 -24.56272
 -24.63186 -24.63186 -24.63186 -24.63186 -24.63191 -24.63240 -24.63725
 -24.68148 -24.68148 -24.68148 -24.68148 -24.68153 -24.68196 -24.68624
C-------------------------------------------------------------------------------
C                                                                               
C  Low-level line power coefficients  - unfiltered                              
C                                                                               
C                                                                               
C                                                                               
C  CODE     : ADAS810                                                           
C  PRODUCER : Martin O'Mullane                                                  
C  DATE     : 24/05/12                                                          
C                                                                               
C-------------------------------------------------------------------------------
