   74    7   14   71   71     /TUNGSTEN           /ADAS810-total           ADF11
 -------------------------------------------------------------------------------
  10.00000  11.00000  12.00000  13.00000  14.00000  15.00000  16.00000
   1.93888   2.11498   2.33682   2.63786   2.93888   3.33682   3.63786   3.81395
   3.93888   4.11498   4.33682   4.63786   4.93888   5.11498
 --------------------/ IGRD= 1  / IPRT= 0  /PLT     / Z1=71   / DATE= 15.05.09
 -27.40498 -27.40498 -27.40498 -27.40498 -27.40498 -27.40498 -27.40501
 -27.13276 -27.13276 -27.13276 -27.13276 -27.13276 -27.13276 -27.13279
 -26.94343 -26.94343 -26.94343 -26.94343 -26.94343 -26.94343 -26.94346
 -26.71950 -26.71950 -26.71950 -26.71950 -26.71950 -26.71950 -26.71953
 -26.38284 -26.38284 -26.38284 -26.38284 -26.38284 -26.38284 -26.38286
 -26.12674 -26.12674 -26.12674 -26.12674 -26.12674 -26.12674 -26.12676
 -26.03254 -26.03254 -26.03254 -26.03254 -26.03254 -26.03254 -26.03255
 -25.98102 -25.98102 -25.98102 -25.98102 -25.98102 -25.98102 -25.98103
 -25.94867 -25.94867 -25.94867 -25.94867 -25.94867 -25.94867 -25.94868
 -25.91834 -25.91834 -25.91834 -25.91834 -25.91834 -25.91834 -25.91835
 -25.90791 -25.90791 -25.90791 -25.90791 -25.90791 -25.90791 -25.90792
 -25.93315 -25.93315 -25.93315 -25.93315 -25.93315 -25.93315 -25.93315
 -25.98787 -25.98787 -25.98787 -25.98787 -25.98787 -25.98787 -25.98787
 -26.02832 -26.02832 -26.02832 -26.02832 -26.02832 -26.02832 -26.02832
C-------------------------------------------------------------------------------
C                                                                               
C  Low-level line power coefficients  - unfiltered                              
C                                                                               
C                                                                               
C                                                                               
C  CODE     : ADAS810                                                           
C  PRODUCER : Adam Foster                                                       
C  DATE     : 15/05/09                                                          
C                                                                               
C-------------------------------------------------------------------------------
