   74    7   14    6    6     /TUNGSTEN           /ADAS810-total           ADF11
 -------------------------------------------------------------------------------
  10.00000  11.00000  12.00000  13.00000  14.00000  15.00000  16.00000
  -0.20733  -0.03124   0.19061   0.49164   0.79267   1.19061   1.49164   1.66773
   1.79267   1.96876   2.19061   2.49164   2.79267   2.96876
 --------------------/ IGRD= 1  / IPRT= 0  /PLT     / Z1= 6   / DATE= 15.05.09
 -38.29580 -38.29580 -38.29581 -38.29587 -38.29651 -38.30279 -38.36104
 -33.85987 -33.85987 -33.85988 -33.85993 -33.86045 -33.86560 -33.91402
 -30.35091 -30.35091 -30.35091 -30.35096 -30.35136 -30.35536 -30.39350
 -27.75205 -27.75205 -27.75205 -27.75208 -27.75234 -27.75491 -27.77964
 -26.24392 -26.24392 -26.24392 -26.24393 -26.24399 -26.24467 -26.25129
 -24.92695 -24.92695 -24.92695 -24.92695 -24.92699 -24.92738 -24.93149
 -24.44525 -24.44525 -24.44525 -24.44526 -24.44539 -24.44669 -24.45933
 -24.29530 -24.29530 -24.29530 -24.29532 -24.29551 -24.29743 -24.31580
 -24.22451 -24.22451 -24.22451 -24.22453 -24.22477 -24.22708 -24.24901
 -24.16692 -24.16692 -24.16693 -24.16696 -24.16723 -24.16993 -24.19534
 -24.13598 -24.13599 -24.13599 -24.13602 -24.13632 -24.13924 -24.16677
 -24.13978 -24.13978 -24.13978 -24.13981 -24.14010 -24.14298 -24.17023
 -24.17938 -24.17938 -24.17938 -24.17941 -24.17967 -24.18224 -24.20690
 -24.21114 -24.21114 -24.21114 -24.21116 -24.21140 -24.21376 -24.23650
C-------------------------------------------------------------------------------
C                                                                               
C  Low-level line power coefficients  - unfiltered                              
C                                                                               
C                                                                               
C                                                                               
C  CODE     : ADAS810                                                           
C  PRODUCER : Adam Foster                                                       
C  DATE     : 15/05/09                                                          
C                                                                               
C-------------------------------------------------------------------------------
