   74    7   14   60   60     /TUNGSTEN           /ADAS810-total           ADF11
 -------------------------------------------------------------------------------
  10.00000  11.00000  12.00000  13.00000  14.00000  15.00000  16.00000
   1.79267   1.96876   2.19061   2.49164   2.79267   3.19061   3.49164   3.66773
   3.79267   3.96876   4.19061   4.49164   4.79267   4.96876
 --------------------/ IGRD= 1  / IPRT= 0  /PLT     / Z1=60   / DATE= 15.05.09
 -27.56504 -27.56504 -27.56504 -27.56504 -27.56504 -27.56504 -27.56505
 -26.82781 -26.82781 -26.82781 -26.82781 -26.82781 -26.82781 -26.82781
 -26.17603 -26.17603 -26.17603 -26.17603 -26.17603 -26.17603 -26.17601
 -25.65124 -25.65124 -25.65124 -25.65124 -25.65124 -25.65123 -25.65120
 -25.40298 -25.40298 -25.40298 -25.40298 -25.40298 -25.40298 -25.40299
 -25.25246 -25.25246 -25.25246 -25.25246 -25.25246 -25.25247 -25.25252
 -25.19128 -25.19128 -25.19128 -25.19128 -25.19128 -25.19129 -25.19135
 -25.17845 -25.17845 -25.17845 -25.17845 -25.17845 -25.17846 -25.17852
 -25.17889 -25.17889 -25.17889 -25.17889 -25.17889 -25.17889 -25.17895
 -25.19095 -25.19095 -25.19095 -25.19095 -25.19095 -25.19095 -25.19101
 -25.22023 -25.22023 -25.22023 -25.22023 -25.22023 -25.22024 -25.22028
 -25.27764 -25.27764 -25.27764 -25.27764 -25.27764 -25.27764 -25.27768
 -25.34928 -25.34928 -25.34928 -25.34928 -25.34928 -25.34928 -25.34931
 -25.39601 -25.39601 -25.39601 -25.39601 -25.39601 -25.39602 -25.39604
C-------------------------------------------------------------------------------
C                                                                               
C  Low-level line power coefficients  - unfiltered                              
C                                                                               
C                                                                               
C                                                                               
C  CODE     : ADAS810                                                           
C  PRODUCER : Adam Foster                                                       
C  DATE     : 15/05/09                                                          
C                                                                               
C-------------------------------------------------------------------------------
