   74    7   14   74   74     /TUNGSTEN           /ADAS810-total           ADF11
 -------------------------------------------------------------------------------
  10.00000  11.00000  12.00000  13.00000  14.00000  15.00000  16.00000
   1.97483   2.15091   2.37276   2.67380   2.97483   3.37276   3.67380   3.84989
   3.97483   4.15091   4.37276   4.67380   4.97483   5.15091
 --------------------/ IGRD= 1  / IPRT= 0  /PLT     / Z1=74   / DATE= 15.05.09
 -74.00000 -74.00000 -74.00000 -74.00000 -74.00000 -74.00000 -74.00000
 -74.00000 -74.00000 -74.00000 -74.00000 -74.00000 -74.00000 -74.00000
 -74.00000 -74.00000 -74.00000 -74.00000 -74.00000 -74.00000 -74.00000
 -74.00000 -74.00000 -74.00000 -74.00000 -74.00000 -74.00000 -74.00000
 -74.00000 -74.00000 -53.94483 -53.89368 -53.89658 -53.89629 -53.89629
 -37.32389 -37.32389 -37.32389 -37.32389 -37.32389 -37.32389 -37.32389
 -31.86159 -31.86159 -31.86159 -31.86159 -31.86159 -31.86159 -31.86159
 -30.06405 -30.06405 -30.06405 -30.06405 -30.06405 -30.06405 -30.06405
 -29.17555 -29.17555 -29.17555 -29.17555 -29.17555 -29.17555 -29.17555
 -28.30310 -28.30310 -28.30310 -28.30310 -28.30310 -28.30310 -28.30310
 -27.63264 -27.63264 -27.63264 -27.63264 -27.63264 -27.63264 -27.63264
 -27.17574 -27.17574 -27.17574 -27.17574 -27.17574 -27.17574 -27.17574
 -26.99216 -26.99216 -26.99216 -26.99216 -26.99216 -26.99216 -26.99216
 -26.94870 -26.94870 -26.94870 -26.94870 -26.94870 -26.94870 -26.94870
C-------------------------------------------------------------------------------
C                                                                               
C  Low-level line power coefficients  - unfiltered                              
C                                                                               
C                                                                               
C                                                                               
C  CODE     : ADAS810                                                           
C  PRODUCER : Adam Foster                                                       
C  DATE     : 15/05/09                                                          
C                                                                               
C-------------------------------------------------------------------------------
