   74    7   14   10   10     /TUNGSTEN           /ADAS810-total           ADF11
 -------------------------------------------------------------------------------
  10.00000  11.00000  12.00000  13.00000  14.00000  15.00000  16.00000
   0.23636   0.41246   0.63431   0.93534   1.23636   1.63431   1.93534   2.11143
   2.23636   2.41246   2.63431   2.93534   3.23636   3.41246
 --------------------/ IGRD= 1  / IPRT= 0  /PLT     / Z1=10   / DATE= 18.05.09
 -36.82040 -36.82040 -36.82040 -36.82040 -36.82042 -36.82067 -36.82310
 -32.46866 -32.46866 -32.46866 -32.46867 -32.46869 -32.46889 -32.47089
 -29.02428 -29.02428 -29.02428 -29.02428 -29.02429 -29.02445 -29.02599
 -26.49084 -26.49084 -26.49084 -26.49084 -26.49085 -26.49097 -26.49209
 -25.26466 -25.26466 -25.26466 -25.26466 -25.26468 -25.26487 -25.26679
 -24.55277 -24.55277 -24.55277 -24.55278 -24.55286 -24.55365 -24.56146
 -24.32313 -24.32313 -24.32313 -24.32314 -24.32328 -24.32465 -24.33804
 -24.25468 -24.25468 -24.25469 -24.25470 -24.25486 -24.25647 -24.27205
 -24.22429 -24.22429 -24.22429 -24.22431 -24.22448 -24.22619 -24.24277
 -24.20357 -24.20357 -24.20357 -24.20359 -24.20377 -24.20554 -24.22267
 -24.20293 -24.20293 -24.20294 -24.20295 -24.20313 -24.20488 -24.22177
 -24.23530 -24.23530 -24.23530 -24.23532 -24.23548 -24.23707 -24.25253
 -24.29210 -24.29210 -24.29210 -24.29211 -24.29225 -24.29363 -24.30705
 -24.33305 -24.33305 -24.33305 -24.33306 -24.33318 -24.33443 -24.34661
C-------------------------------------------------------------------------------
C                                                                               
C  Low-level line power coefficients  - unfiltered                              
C                                                                               
C                                                                               
C                                                                               
C  CODE     : ADAS810                                                           
C  PRODUCER : Adam Foster                                                       
C  DATE     : 18/05/09                                                          
C                                                                               
C-------------------------------------------------------------------------------
