   74    7   14   19   19     /TUNGSTEN           /ADAS810-total           ADF11
 -------------------------------------------------------------------------------
  10.00000  11.00000  12.00000  13.00000  14.00000  15.00000  16.00000
   0.79386   0.96997   1.19173   1.49290   1.79386   2.19173   2.49290   2.66894
   2.79386   2.96997   3.19173   3.49290   3.79386   3.96997
 --------------------/ IGRD= 1  / IPRT= 0  /PLT     / Z1=19   / DATE= 24.05.12
 -34.23847 -34.23847 -34.23847 -34.23847 -34.23847 -34.23848 -34.23852
 -31.15724 -31.15724 -31.15724 -31.15724 -31.15724 -31.15725 -31.15728
 -28.71544 -28.71544 -28.71544 -28.71544 -28.71544 -28.71544 -28.71546
 -26.77047 -26.77047 -26.77047 -26.77047 -26.77047 -26.77047 -26.77042
 -25.58599 -25.58599 -25.58599 -25.58599 -25.58599 -25.58598 -25.58594
 -24.77076 -24.77076 -24.77076 -24.77076 -24.77076 -24.77078 -24.77094
 -24.50124 -24.50124 -24.50124 -24.50124 -24.50125 -24.50128 -24.50166
 -24.42233 -24.42233 -24.42233 -24.42233 -24.42233 -24.42238 -24.42283
 -24.38879 -24.38879 -24.38879 -24.38879 -24.38879 -24.38884 -24.38934
 -24.36473 -24.36473 -24.36473 -24.36473 -24.36473 -24.36479 -24.36531
 -24.35968 -24.35968 -24.35968 -24.35968 -24.35969 -24.35974 -24.36027
 -24.38435 -24.38435 -24.38435 -24.38435 -24.38435 -24.38440 -24.38489
 -24.43096 -24.43096 -24.43096 -24.43096 -24.43096 -24.43100 -24.43144
 -24.46723 -24.46723 -24.46723 -24.46723 -24.46724 -24.46728 -24.46767
C-------------------------------------------------------------------------------
C                                                                               
C  Low-level line power coefficients  - unfiltered                              
C                                                                               
C                                                                               
C                                                                               
C  CODE     : ADAS810                                                           
C  PRODUCER : Martin O'Mullane                                                  
C  DATE     : 24/05/12                                                          
C                                                                               
C-------------------------------------------------------------------------------
