   74    7   14   15   15     /TUNGSTEN           /ADAS810-total           ADF11
 -------------------------------------------------------------------------------
  10.00000  11.00000  12.00000  13.00000  14.00000  15.00000  16.00000
   0.58855   0.76465   0.98649   1.28753   1.58855   1.98649   2.28753   2.46361
   2.58855   2.76465   2.98649   3.28753   3.58855   3.76465
 --------------------/ IGRD= 1  / IPRT= 0  /PLT     / Z1=15   / DATE= 15.05.09
 -28.58894 -28.58894 -28.58894 -28.58895 -28.58900 -28.58948 -28.59432
 -27.11086 -27.11086 -27.11086 -27.11086 -27.11090 -27.11131 -27.11539
 -25.96613 -25.96613 -25.96613 -25.96614 -25.96618 -25.96656 -25.97033
 -25.16039 -25.16039 -25.16039 -25.16040 -25.16045 -25.16099 -25.16629
 -24.79262 -24.79262 -24.79262 -24.79263 -24.79271 -24.79348 -24.80109
 -24.58514 -24.58514 -24.58514 -24.58515 -24.58524 -24.58615 -24.59504
 -24.53075 -24.53075 -24.53075 -24.53076 -24.53085 -24.53173 -24.54041
 -24.52672 -24.52672 -24.52672 -24.52673 -24.52681 -24.52765 -24.53590
 -24.53335 -24.53335 -24.53335 -24.53336 -24.53344 -24.53424 -24.54210
 -24.55312 -24.55312 -24.55312 -24.55312 -24.55320 -24.55393 -24.56117
 -24.59158 -24.59158 -24.59158 -24.59159 -24.59165 -24.59230 -24.59870
 -24.66160 -24.66160 -24.66161 -24.66161 -24.66166 -24.66220 -24.66745
 -24.74244 -24.74244 -24.74244 -24.74244 -24.74249 -24.74292 -24.74719
 -24.79564 -24.79564 -24.79564 -24.79565 -24.79569 -24.79606 -24.79979
C-------------------------------------------------------------------------------
C                                                                               
C  Low-level line power coefficients  - unfiltered                              
C                                                                               
C                                                                               
C                                                                               
C  CODE     : ADAS810                                                           
C  PRODUCER : Adam Foster                                                       
C  DATE     : 15/05/09                                                          
C                                                                               
C-------------------------------------------------------------------------------
