   74    7   14   55   55     /TUNGSTEN           /ADAS810-total           ADF11
 -------------------------------------------------------------------------------
  10.00000  11.00000  12.00000  13.00000  14.00000  15.00000  16.00000
   1.71710   1.89318   2.11504   2.41606   2.71710   3.11504   3.41606   3.59215
   3.71710   3.89318   4.11504   4.41606   4.71710   4.89318
 --------------------/ IGRD= 1  / IPRT= 0  /PLT     / Z1=55   / DATE= 18.05.09
 -28.27955 -28.27955 -28.27955 -28.27955 -28.27955 -28.27955 -28.27955
 -27.14790 -27.14790 -27.14790 -27.14790 -27.14790 -27.14790 -27.14790
 -26.27533 -26.27533 -26.27533 -26.27533 -26.27533 -26.27533 -26.27534
 -25.67701 -25.67701 -25.67701 -25.67701 -25.67701 -25.67701 -25.67702
 -25.41267 -25.41267 -25.41267 -25.41267 -25.41267 -25.41267 -25.41267
 -25.19417 -25.19417 -25.19417 -25.19417 -25.19417 -25.19417 -25.19417
 -25.07267 -25.07267 -25.07267 -25.07267 -25.07267 -25.07267 -25.07268
 -25.03633 -25.03633 -25.03633 -25.03633 -25.03633 -25.03633 -25.03633
 -25.02442 -25.02442 -25.02442 -25.02442 -25.02442 -25.02442 -25.02443
 -25.02306 -25.02306 -25.02306 -25.02306 -25.02306 -25.02306 -25.02306
 -25.04031 -25.04031 -25.04031 -25.04031 -25.04031 -25.04031 -25.04031
 -25.08702 -25.08702 -25.08702 -25.08702 -25.08702 -25.08702 -25.08702
 -25.15145 -25.15145 -25.15145 -25.15145 -25.15145 -25.15145 -25.15145
 -25.19589 -25.19589 -25.19589 -25.19589 -25.19589 -25.19589 -25.19590
C-------------------------------------------------------------------------------
C                                                                               
C  Low-level line power coefficients  - unfiltered                              
C                                                                               
C                                                                               
C                                                                               
C  CODE     : ADAS810                                                           
C  PRODUCER : Adam Foster                                                       
C  DATE     : 18/05/09                                                          
C                                                                               
C-------------------------------------------------------------------------------
