   74    7   14    6    6     /TUNGSTEN           /ADAS810-total           ADF11
 -------------------------------------------------------------------------------
  10.00000  11.00000  12.00000  13.00000  14.00000  15.00000  16.00000
  -0.20733  -0.03124   0.19061   0.49164   0.79267   1.19061   1.49164   1.66773
   1.79267   1.96876   2.19061   2.49164   2.79267   2.96876
 --------------------/ IGRD= 1  / IPRT= 0  /PLT     / Z1= 6   / DATE= 24.05.12
 -38.29580 -38.29580 -38.29581 -38.29587 -38.29651 -38.30279 -38.36104
 -33.85987 -33.85987 -33.85988 -33.85993 -33.86045 -33.86560 -33.91402
 -30.35091 -30.35091 -30.35091 -30.35096 -30.35136 -30.35536 -30.39350
 -27.75205 -27.75205 -27.75205 -27.75208 -27.75234 -27.75491 -27.77964
 -26.24389 -26.24389 -26.24389 -26.24390 -26.24397 -26.24464 -26.25127
 -24.92357 -24.92357 -24.92357 -24.92357 -24.92361 -24.92398 -24.92793
 -24.43168 -24.43171 -24.43172 -24.43174 -24.43187 -24.43313 -24.44547
 -24.27477 -24.27490 -24.27494 -24.27497 -24.27516 -24.27706 -24.29522
 -24.19994 -24.20016 -24.20024 -24.20027 -24.20051 -24.20282 -24.22467
 -24.13805 -24.13842 -24.13856 -24.13860 -24.13888 -24.14159 -24.16713
 -24.10447 -24.10500 -24.10521 -24.10527 -24.10557 -24.10853 -24.13635
 -24.10831 -24.10899 -24.10929 -24.10936 -24.10965 -24.11256 -24.14013
 -24.14980 -24.15054 -24.15090 -24.15098 -24.15124 -24.15384 -24.17872
 -24.18314 -24.18388 -24.18427 -24.18435 -24.18460 -24.18697 -24.20987
C-------------------------------------------------------------------------------
C                                                                               
C  Low-level line power coefficients  - unfiltered                              
C                                                                               
C                                                                               
C                                                                               
C  CODE     : ADAS810                                                           
C  PRODUCER : Martin O'Mullane                                                  
C  DATE     : 24/05/12                                                          
C                                                                               
C-------------------------------------------------------------------------------
