   74    7   14   19   19     /TUNGSTEN           /ADAS810-total           ADF11
 -------------------------------------------------------------------------------
  10.00000  11.00000  12.00000  13.00000  14.00000  15.00000  16.00000
   0.79387   0.96997   1.19181   1.49284   1.79387   2.19181   2.49284   2.66894
   2.79387   2.96997   3.19181   3.49284   3.79387   3.96997
 --------------------/ IGRD= 1  / IPRT= 0  /PLT     / Z1=19   / DATE= 15.05.09
 -28.13724 -28.15936 -28.37188 -29.00494 -29.94042 -30.93346 -31.93276
 -28.01718 -28.03663 -28.23722 -28.87956 -29.82230 -30.81620 -31.81503
 -27.91706 -27.93404 -28.12374 -28.76801 -29.67015 -30.36826 -30.59352
 -27.40005 -27.40386 -27.46270 -27.58027 -27.61618 -27.62047 -27.62091
 -26.13724 -26.13727 -26.14765 -26.16094 -26.16362 -26.16391 -26.16395
 -25.34430 -25.34607 -25.35105 -25.35310 -25.35338 -25.35341 -25.35342
 -25.12157 -25.12310 -25.12541 -25.12605 -25.12613 -25.12614 -25.12614
 -25.06520 -25.06643 -25.06791 -25.06826 -25.06830 -25.06831 -25.06832
 -25.04525 -25.04632 -25.04738 -25.04761 -25.04763 -25.04763 -25.04764
 -25.03680 -25.03747 -25.03804 -25.03813 -25.03814 -25.03814 -25.03815
 -25.04833 -25.04894 -25.04920 -25.04918 -25.04918 -25.04918 -25.04919
 -25.09076 -25.09101 -25.09078 -25.09062 -25.09060 -25.09059 -25.09060
 -25.15274 -25.15276 -25.15217 -25.15186 -25.15181 -25.15181 -25.15181
 -25.19530 -25.19527 -25.19448 -25.19407 -25.19401 -25.19400 -25.19401
C-------------------------------------------------------------------------------
C                                                                               
C  Low-level line power coefficients  - unfiltered                              
C                                                                               
C                                                                               
C                                                                               
C  CODE     : ADAS810                                                           
C  PRODUCER : Adam Foster                                                       
C  DATE     : 15/05/09                                                          
C                                                                               
C-------------------------------------------------------------------------------
