   74    7   14   28   28     /TUNGSTEN           /ADAS810-total           ADF11
 -------------------------------------------------------------------------------
  10.00000  11.00000  12.00000  13.00000  14.00000  15.00000  16.00000
   1.13069   1.30677   1.52862   1.82966   2.13069   2.52862   2.82966   3.00574
   3.13069   3.30677   3.52862   3.82966   4.13069   4.30677
 --------------------/ IGRD= 1  / IPRT= 0  /PLT     / Z1=28   / DATE= 15.05.09
 -31.71647 -31.71647 -31.71647 -31.71647 -31.71649 -31.71668 -31.71843
 -29.23515 -29.23515 -29.23515 -29.23515 -29.23516 -29.23518 -29.23539
 -27.21367 -27.21367 -27.21367 -27.21367 -27.21366 -27.21361 -27.21320
 -25.72979 -25.72980 -25.72984 -25.72985 -25.72985 -25.72979 -25.72937
 -25.01676 -25.01697 -25.01737 -25.01749 -25.01755 -25.01796 -25.02027
 -24.60765 -24.60876 -24.60988 -24.61013 -24.61053 -24.61358 -24.62756
 -24.49346 -24.49511 -24.49647 -24.49677 -24.49745 -24.50265 -24.52455
 -24.46935 -24.47116 -24.47258 -24.47290 -24.47368 -24.47961 -24.50415
 -24.46444 -24.46631 -24.46775 -24.46807 -24.46889 -24.47510 -24.50065
 -24.46922 -24.47111 -24.47256 -24.47289 -24.47372 -24.48006 -24.50619
 -24.49120 -24.49303 -24.49448 -24.49481 -24.49562 -24.50178 -24.52753
 -24.54054 -24.54224 -24.54368 -24.54401 -24.54473 -24.55032 -24.57444
 -24.60677 -24.60830 -24.60974 -24.61007 -24.61069 -24.61553 -24.63736
 -24.65101 -24.65243 -24.65387 -24.65421 -24.65477 -24.65915 -24.67953
C-------------------------------------------------------------------------------
C                                                                               
C  Low-level line power coefficients  - unfiltered                              
C                                                                               
C                                                                               
C                                                                               
C  CODE     : ADAS810                                                           
C  PRODUCER : Adam Foster                                                       
C  DATE     : 15/05/09                                                          
C                                                                               
C-------------------------------------------------------------------------------
