   74    7   14   50   50     /TUNGSTEN           /ADAS810-total           ADF11
 -------------------------------------------------------------------------------
  10.00000  11.00000  12.00000  13.00000  14.00000  15.00000  16.00000
   1.63428   1.81037   2.03222   2.33325   2.63428   3.03222   3.33325   3.50934
   3.63428   3.81037   4.03222   4.33325   4.63428   4.81037
 --------------------/ IGRD= 1  / IPRT= 0  /PLT     / Z1=50   / DATE= 24.05.12
 -29.98416 -29.98416 -29.98416 -29.98416 -29.98416 -29.98416 -29.98416
 -28.38973 -28.38973 -28.38973 -28.38973 -28.38973 -28.38973 -28.38973
 -27.15332 -27.15332 -27.15332 -27.15332 -27.15332 -27.15332 -27.15332
 -26.28327 -26.28327 -26.28327 -26.28327 -26.28327 -26.28327 -26.28327
 -25.84780 -25.84780 -25.84780 -25.84780 -25.84780 -25.84780 -25.84780
 -25.30830 -25.30830 -25.30830 -25.30830 -25.30830 -25.30830 -25.30830
 -25.02555 -25.02555 -25.02555 -25.02555 -25.02555 -25.02555 -25.02555
 -24.93577 -24.93577 -24.93577 -24.93577 -24.93577 -24.93577 -24.93578
 -24.89827 -24.89827 -24.89827 -24.89827 -24.89827 -24.89827 -24.89827
 -24.86956 -24.86956 -24.86956 -24.86956 -24.86956 -24.86956 -24.86956
 -24.86233 -24.86233 -24.86233 -24.86233 -24.86233 -24.86233 -24.86233
 -24.88642 -24.88642 -24.88642 -24.88642 -24.88642 -24.88642 -24.88642
 -24.93490 -24.93490 -24.93490 -24.93490 -24.93490 -24.93490 -24.93490
 -24.97131 -24.97131 -24.97131 -24.97131 -24.97131 -24.97131 -24.97131
C-------------------------------------------------------------------------------
C                                                                               
C  Low-level line power coefficients  - unfiltered                              
C                                                                               
C                                                                               
C                                                                               
C  CODE     : ADAS810                                                           
C  PRODUCER : Martin O'Mullane                                                  
C  DATE     : 24/05/12                                                          
C                                                                               
C-------------------------------------------------------------------------------
