   74    7   14   35   35     /TUNGSTEN           /ADAS810-total           ADF11
 -------------------------------------------------------------------------------
  10.00000  11.00000  12.00000  13.00000  14.00000  15.00000  16.00000
   1.32451   1.50059   1.72244   2.02346   2.32451   2.72244   3.02346   3.19956
   3.32451   3.50059   3.72244   4.02346   4.32451   4.50059
 --------------------/ IGRD= 1  / IPRT= 0  /PLT     / Z1=35   / DATE= 18.05.09
 -28.20344 -28.20344 -28.20344 -28.20344 -28.20344 -28.20344 -28.20346
 -26.87383 -26.87383 -26.87383 -26.87383 -26.87383 -26.87383 -26.87384
 -25.84608 -25.84608 -25.84608 -25.84608 -25.84608 -25.84609 -25.84610
 -25.11888 -25.11888 -25.11888 -25.11888 -25.11888 -25.11888 -25.11891
 -24.77731 -24.77731 -24.77731 -24.77731 -24.77731 -24.77732 -24.77737
 -24.57901 -24.57901 -24.57901 -24.57901 -24.57901 -24.57902 -24.57911
 -24.53305 -24.53305 -24.53305 -24.53305 -24.53305 -24.53306 -24.53317
 -24.53484 -24.53484 -24.53484 -24.53484 -24.53484 -24.53485 -24.53496
 -24.54412 -24.54412 -24.54412 -24.54412 -24.54413 -24.54414 -24.54425
 -24.56696 -24.56696 -24.56696 -24.56696 -24.56696 -24.56697 -24.56708
 -24.60682 -24.60682 -24.60682 -24.60682 -24.60682 -24.60683 -24.60692
 -24.67541 -24.67541 -24.67541 -24.67541 -24.67541 -24.67542 -24.67550
 -24.75725 -24.75725 -24.75725 -24.75725 -24.75725 -24.75725 -24.75732
 -24.80983 -24.80983 -24.80983 -24.80983 -24.80983 -24.80984 -24.80989
C-------------------------------------------------------------------------------
C                                                                               
C  Low-level line power coefficients  - unfiltered                              
C                                                                               
C                                                                               
C                                                                               
C  CODE     : ADAS810                                                           
C  PRODUCER : Adam Foster                                                       
C  DATE     : 18/05/09                                                          
C                                                                               
C-------------------------------------------------------------------------------
