   74    7   14   62   62     /TUNGSTEN           /ADAS810-total           ADF11
 -------------------------------------------------------------------------------
  10.00000  11.00000  12.00000  13.00000  14.00000  15.00000  16.00000
   1.82115   1.99725   2.21909   2.52013   2.82115   3.21909   3.52013   3.69622
   3.82115   3.99725   4.21909   4.52013   4.82115   4.99725
 --------------------/ IGRD= 1  / IPRT= 0  /PLT     / Z1=62   / DATE= 15.05.09
 -27.42351 -27.42351 -27.42351 -27.42351 -27.42351 -27.42351 -27.42351
 -26.62617 -26.62617 -26.62617 -26.62617 -26.62617 -26.62618 -26.62618
 -26.01788 -26.01788 -26.01788 -26.01788 -26.01788 -26.01788 -26.01788
 -25.60684 -25.60684 -25.60684 -25.60684 -25.60684 -25.60684 -25.60684
 -25.44693 -25.44693 -25.44693 -25.44693 -25.44693 -25.44693 -25.44694
 -25.37060 -25.37060 -25.37060 -25.37060 -25.37060 -25.37061 -25.37061
 -25.34676 -25.34676 -25.34676 -25.34676 -25.34676 -25.34676 -25.34677
 -25.34881 -25.34881 -25.34881 -25.34881 -25.34881 -25.34881 -25.34882
 -25.35639 -25.35639 -25.35639 -25.35639 -25.35639 -25.35639 -25.35639
 -25.37732 -25.37733 -25.37733 -25.37733 -25.37733 -25.37733 -25.37733
 -25.41624 -25.41624 -25.41624 -25.41624 -25.41624 -25.41624 -25.41624
 -25.48361 -25.48361 -25.48361 -25.48361 -25.48361 -25.48361 -25.48361
 -25.56409 -25.56409 -25.56409 -25.56409 -25.56409 -25.56409 -25.56409
 -25.61493 -25.61493 -25.61493 -25.61493 -25.61493 -25.61493 -25.61493
C-------------------------------------------------------------------------------
C                                                                               
C  Low-level line power coefficients  - unfiltered                              
C                                                                               
C                                                                               
C                                                                               
C  CODE     : ADAS810                                                           
C  PRODUCER : Adam Foster                                                       
C  DATE     : 15/05/09                                                          
C                                                                               
C-------------------------------------------------------------------------------
