   74    7   14   48   48     /TUNGSTEN           /ADAS810-total           ADF11
 -------------------------------------------------------------------------------
  10.00000  11.00000  12.00000  13.00000  14.00000  15.00000  16.00000
   1.59886   1.77494   1.99679   2.29783   2.59886   2.99679   3.29783   3.47391
   3.59886   3.77494   3.99679   4.29783   4.59886   4.77494
 --------------------/ IGRD= 1  / IPRT= 0  /PLT     / Z1=48   / DATE= 03.06.09
 -31.11474 -31.11474 -31.11474 -31.11474 -31.11474 -31.11474 -31.11475
 -29.29934 -29.29934 -29.29934 -29.29934 -29.29934 -29.29934 -29.29934
 -27.88600 -27.88600 -27.88600 -27.88600 -27.88600 -27.88600 -27.88600
 -26.88433 -26.88433 -26.88433 -26.88433 -26.88433 -26.88433 -26.88433
 -26.30126 -26.30126 -26.30126 -26.30126 -26.30126 -26.30126 -26.30126
 -25.43577 -25.43577 -25.43577 -25.43577 -25.43577 -25.43578 -25.43578
 -25.06897 -25.06897 -25.06897 -25.06897 -25.06897 -25.06897 -25.06901
 -24.95920 -24.95920 -24.95920 -24.95920 -24.95920 -24.95921 -24.95927
 -24.91142 -24.91142 -24.91142 -24.91142 -24.91143 -24.91144 -24.91151
 -24.87339 -24.87339 -24.87339 -24.87339 -24.87339 -24.87341 -24.87349
 -24.85762 -24.85762 -24.85762 -24.85762 -24.85762 -24.85763 -24.85772
 -24.87189 -24.87189 -24.87189 -24.87189 -24.87189 -24.87190 -24.87199
 -24.91282 -24.91282 -24.91282 -24.91282 -24.91282 -24.91283 -24.91291
 -24.94527 -24.94527 -24.94527 -24.94527 -24.94527 -24.94528 -24.94535
C-------------------------------------------------------------------------------
C                                                                               
C  Low-level line power coefficients  - unfiltered                              
C                                                                               
C                                                                               
C                                                                               
C  CODE     : ADAS810                                                           
C  PRODUCER : Adam Foster                                                       
C  DATE     : 03/06/09                                                          
C                                                                               
C-------------------------------------------------------------------------------
