   74    7   14   23   23     /TUNGSTEN           /ADAS810-total           ADF11
 -------------------------------------------------------------------------------
  10.00000  11.00000  12.00000  13.00000  14.00000  15.00000  16.00000
   0.95982   1.13593   1.35776   1.65879   1.95982   2.35776   2.65879   2.83488
   2.95982   3.13593   3.35776   3.65879   3.95982   4.13593
 --------------------/ IGRD= 1  / IPRT= 0  /PLT     / Z1=23   / DATE= 15.05.09
 -35.43804 -35.43804 -35.43804 -35.43804 -35.43804 -35.43804 -35.43804
 -32.39358 -32.39358 -32.39358 -32.39358 -32.39358 -32.39358 -32.39359
 -29.99453 -29.99453 -29.99453 -29.99453 -29.99453 -29.99453 -29.99453
 -28.25215 -28.25215 -28.25215 -28.25215 -28.25215 -28.25215 -28.25215
 -27.42321 -27.42321 -27.42321 -27.42321 -27.42321 -27.42321 -27.42321
 -26.90917 -26.90917 -26.90917 -26.90917 -26.90917 -26.90918 -26.90918
 -26.66425 -26.66425 -26.66425 -26.66425 -26.66425 -26.66425 -26.66425
 -26.54539 -26.54539 -26.54539 -26.54539 -26.54539 -26.54539 -26.54539
 -26.47568 -26.47568 -26.47568 -26.47568 -26.47568 -26.47568 -26.47569
 -26.39171 -26.39171 -26.39171 -26.39171 -26.39171 -26.39171 -26.39171
 -26.31604 -26.31604 -26.31604 -26.31604 -26.31605 -26.31605 -26.31605
 -26.26263 -26.26263 -26.26263 -26.26263 -26.26263 -26.26263 -26.26264
 -26.25046 -26.25046 -26.25046 -26.25046 -26.25046 -26.25047 -26.25047
 -26.25796 -26.25796 -26.25796 -26.25796 -26.25796 -26.25796 -26.25796
C-------------------------------------------------------------------------------
C                                                                               
C  Low-level line power coefficients  - unfiltered                              
C                                                                               
C                                                                               
C                                                                               
C  CODE     : ADAS810                                                           
C  PRODUCER : Adam Foster                                                       
C  DATE     : 15/05/09                                                          
C                                                                               
C-------------------------------------------------------------------------------
