   74    7   14   51   51     /TUNGSTEN           /ADAS810-total           ADF11
 -------------------------------------------------------------------------------
  10.00000  11.00000  12.00000  13.00000  14.00000  15.00000  16.00000
   1.65151   1.82760   2.04945   2.35048   2.65151   3.04945   3.35048   3.52657
   3.65151   3.82760   4.04945   4.35048   4.65151   4.82760
 --------------------/ IGRD= 1  / IPRT= 0  /PLT     / Z1=51   / DATE= 18.05.09
 -29.56863 -29.56863 -29.56863 -29.56863 -29.56863 -29.56863 -29.56864
 -28.07860 -28.07860 -28.07860 -28.07860 -28.07860 -28.07860 -28.07860
 -26.92546 -26.92546 -26.92546 -26.92546 -26.92546 -26.92546 -26.92546
 -26.11999 -26.11999 -26.11999 -26.11999 -26.11999 -26.11999 -26.11999
 -25.73854 -25.73854 -25.73854 -25.73854 -25.73854 -25.73854 -25.73854
 -25.28802 -25.28802 -25.28802 -25.28802 -25.28802 -25.28802 -25.28802
 -25.03469 -25.03469 -25.03469 -25.03469 -25.03469 -25.03469 -25.03469
 -24.95345 -24.95345 -24.95345 -24.95345 -24.95345 -24.95345 -24.95346
 -24.91904 -24.91904 -24.91904 -24.91904 -24.91904 -24.91904 -24.91904
 -24.89395 -24.89395 -24.89395 -24.89395 -24.89395 -24.89395 -24.89395
 -24.89092 -24.89092 -24.89092 -24.89092 -24.89092 -24.89093 -24.89093
 -24.91740 -24.91740 -24.91740 -24.91740 -24.91740 -24.91740 -24.91741
 -24.96815 -24.96815 -24.96815 -24.96815 -24.96815 -24.96815 -24.96815
 -25.00526 -25.00526 -25.00526 -25.00526 -25.00526 -25.00526 -25.00526
C-------------------------------------------------------------------------------
C                                                                               
C  Low-level line power coefficients  - unfiltered                              
C                                                                               
C                                                                               
C                                                                               
C  CODE     : ADAS810                                                           
C  PRODUCER : Adam Foster                                                       
C  DATE     : 18/05/09                                                          
C                                                                               
C-------------------------------------------------------------------------------
