   74    7   14   33   33     /TUNGSTEN           /ADAS810-total           ADF11
 -------------------------------------------------------------------------------
  10.00000  11.00000  12.00000  13.00000  14.00000  15.00000  16.00000
   1.27339   1.44949   1.67134   1.97237   2.27339   2.67134   2.97237   3.14845
   3.27339   3.44949   3.67134   3.97237   4.27339   4.44949
 --------------------/ IGRD= 1  / IPRT= 0  /PLT     / Z1=33   / DATE= 26.05.09
 -28.74456 -28.74456 -28.74456 -28.74456 -28.74456 -28.74456 -28.74458
 -27.22354 -27.22354 -27.22354 -27.22354 -27.22354 -27.22354 -27.22355
 -26.04450 -26.04450 -26.04450 -26.04450 -26.04450 -26.04451 -26.04452
 -25.21772 -25.21772 -25.21772 -25.21772 -25.21772 -25.21773 -25.21775
 -24.85255 -24.85255 -24.85255 -24.85255 -24.85255 -24.85255 -24.85260
 -24.67893 -24.67893 -24.67893 -24.67893 -24.67893 -24.67894 -24.67900
 -24.65585 -24.65585 -24.65585 -24.65585 -24.65585 -24.65586 -24.65592
 -24.66326 -24.66326 -24.66326 -24.66326 -24.66326 -24.66326 -24.66332
 -24.67602 -24.67602 -24.67602 -24.67602 -24.67602 -24.67602 -24.67608
 -24.69973 -24.69973 -24.69973 -24.69973 -24.69973 -24.69974 -24.69979
 -24.73859 -24.73859 -24.73859 -24.73859 -24.73859 -24.73859 -24.73864
 -24.80398 -24.80398 -24.80398 -24.80398 -24.80398 -24.80398 -24.80402
 -24.88090 -24.88090 -24.88090 -24.88090 -24.88090 -24.88090 -24.88094
 -24.93029 -24.93029 -24.93029 -24.93029 -24.93029 -24.93029 -24.93032
C-------------------------------------------------------------------------------
C                                                                               
C  Low-level line power coefficients  - unfiltered                              
C                                                                               
C                                                                               
C                                                                               
C  CODE     : ADAS810                                                           
C  PRODUCER : Adam Foster                                                       
C  DATE     : 26/05/09                                                          
C                                                                               
C-------------------------------------------------------------------------------
