   74    7   14   11   11     /TUNGSTEN           /ADAS810-total           ADF11
 -------------------------------------------------------------------------------
  10.00000  11.00000  12.00000  13.00000  14.00000  15.00000  16.00000
   0.31915   0.49525   0.71710   1.01812   1.31915   1.71710   2.01812   2.19421
   2.31915   2.49525   2.71710   3.01812   3.31915   3.49525
 --------------------/ IGRD= 1  / IPRT= 0  /PLT     / Z1=11   / DATE= 15.05.09
 -27.96939 -28.06192 -28.28113 -28.84949 -29.74999 -30.73816 -31.73674
 -27.32205 -27.36870 -27.56700 -28.12737 -29.02264 -29.99996 -30.90817
 -26.76866 -26.80241 -26.98037 -27.51281 -28.26196 -28.65914 -28.73322
 -26.17809 -26.19310 -26.26804 -26.41773 -26.48840 -26.49862 -26.50050
 -25.39028 -25.39123 -25.39568 -25.40259 -25.40535 -25.40582 -25.40680
 -24.81667 -24.81382 -24.81059 -24.80865 -24.80833 -24.80868 -24.81231
 -24.66800 -24.65638 -24.64647 -24.64168 -24.64096 -24.64176 -24.64996
 -24.64106 -24.62312 -24.60735 -24.59972 -24.59854 -24.59954 -24.60993
 -24.63664 -24.61484 -24.59488 -24.58509 -24.58354 -24.58459 -24.59595
 -24.64383 -24.61835 -24.59322 -24.58051 -24.57843 -24.57947 -24.59131
 -24.66609 -24.63910 -24.60903 -24.59310 -24.59037 -24.59127 -24.60261
 -24.70975 -24.68565 -24.65169 -24.63232 -24.62878 -24.62940 -24.63904
 -24.76407 -24.74722 -24.71162 -24.68954 -24.68520 -24.68551 -24.69317
 -24.80016 -24.78906 -24.75311 -24.72958 -24.72474 -24.72487 -24.73144
C-------------------------------------------------------------------------------
C                                                                               
C  Low-level line power coefficients  - unfiltered                              
C                                                                               
C                                                                               
C                                                                               
C  CODE     : ADAS810                                                           
C  PRODUCER : Adam Foster                                                       
C  DATE     : 15/05/09                                                          
C                                                                               
C-------------------------------------------------------------------------------
