   74    7   14    3    3     /TUNGSTEN           /ADAS810-total           ADF11
 -------------------------------------------------------------------------------
  10.00000  11.00000  12.00000  13.00000  14.00000  15.00000  16.00000
  -0.80939  -0.63330  -0.41145  -0.11042   0.19061   0.58855   0.88958   1.06569
   1.19061   1.36670   1.58855   1.88958   2.19061   2.36670
 --------------------/ IGRD= 1  / IPRT= 0  /PLT     / Z1= 3   / DATE= 15.05.09
 -33.05764 -33.98671 -34.97893 -35.97815 -36.97807 -37.97806 -38.97806
 -31.31027 -32.20906 -33.19753 -34.19635 -35.19618 -36.19588 -37.19547
 -29.84040 -30.69733 -31.66718 -32.55281 -33.05027 -33.29810 -33.90006
 -28.42755 -28.64864 -28.69517 -28.70164 -28.71484 -28.82429 -29.32995
 -26.58669 -26.58171 -26.58123 -26.58204 -26.59053 -26.66714 -27.08008
 -25.37355 -25.37296 -25.37297 -25.37363 -25.38022 -25.43871 -25.74007
 -24.94891 -24.94874 -24.94880 -24.94953 -24.95673 -25.01802 -25.30438
 -24.77315 -24.77309 -24.77316 -24.77398 -24.78197 -24.84877 -25.14819
 -24.66215 -24.66213 -24.66222 -24.66310 -24.67166 -24.74254 -25.05283
 -24.52696 -24.52699 -24.52708 -24.52803 -24.53722 -24.61279 -24.93691
 -24.40419 -24.40425 -24.40436 -24.40534 -24.41488 -24.49338 -24.82907
 -24.31725 -24.31739 -24.31749 -24.31846 -24.32779 -24.40545 -24.74553
 -24.29142 -24.29165 -24.29176 -24.29265 -24.30127 -24.37421 -24.70795
 -24.29377 -24.29407 -24.29418 -24.29501 -24.30307 -24.37207 -24.69818
C-------------------------------------------------------------------------------
C                                                                               
C  Low-level line power coefficients  - unfiltered                              
C                                                                               
C                                                                               
C                                                                               
C  CODE     : ADAS810                                                           
C  PRODUCER : Adam Foster                                                       
C  DATE     : 15/05/09                                                          
C                                                                               
C-------------------------------------------------------------------------------
