   74    7   14   26   26     /TUNGSTEN           /ADAS810-total           ADF11
 -------------------------------------------------------------------------------
  10.00000  11.00000  12.00000  13.00000  14.00000  15.00000  16.00000
   1.06633   1.24242   1.46425   1.76529   2.06633   2.46425   2.76529   2.94138
   3.06633   3.24242   3.46425   3.76529   4.06633   4.24242
 --------------------/ IGRD= 1  / IPRT= 0  /PLT     / Z1=26   / DATE= 03.06.09
 -28.10898 -28.11771 -28.23635 -28.74853 -29.62955 -30.61083 -31.56644
 -28.02088 -28.02766 -28.14172 -28.63865 -29.36163 -29.72894 -29.79317
 -27.44876 -27.44918 -27.47407 -27.54795 -27.58107 -27.58569 -27.58618
 -25.95571 -25.95402 -25.94951 -25.95007 -25.95104 -25.95117 -25.95120
 -25.18813 -25.18668 -25.18548 -25.18622 -25.18643 -25.18646 -25.18649
 -24.79903 -24.79944 -24.80015 -24.80037 -24.80040 -24.80041 -24.80046
 -24.71354 -24.71492 -24.71590 -24.71593 -24.71592 -24.71593 -24.71599
 -24.70119 -24.70285 -24.70390 -24.70386 -24.70384 -24.70385 -24.70391
 -24.70296 -24.70487 -24.70601 -24.70595 -24.70593 -24.70593 -24.70600
 -24.71627 -24.71804 -24.71912 -24.71900 -24.71897 -24.71897 -24.71903
 -24.74458 -24.74654 -24.74775 -24.74760 -24.74756 -24.74756 -24.74762
 -24.80009 -24.80200 -24.80335 -24.80317 -24.80311 -24.80311 -24.80316
 -24.86989 -24.87167 -24.87316 -24.87293 -24.87286 -24.87285 -24.87289
 -24.91623 -24.91797 -24.91958 -24.91935 -24.91927 -24.91926 -24.91930
C-------------------------------------------------------------------------------
C                                                                               
C  Low-level line power coefficients  - unfiltered                              
C                                                                               
C                                                                               
C                                                                               
C  CODE     : ADAS810                                                           
C  PRODUCER : Adam Foster                                                       
C  DATE     : 03/06/09                                                          
C                                                                               
C-------------------------------------------------------------------------------
