   74    7   14   38   38     /TUNGSTEN           /ADAS810-total           ADF11
 -------------------------------------------------------------------------------
  10.00000  11.00000  12.00000  13.00000  14.00000  15.00000  16.00000
   1.39594   1.57202   1.79387   2.09489   2.39594   2.79387   3.09489   3.27100
   3.39594   3.57202   3.79387   4.09489   4.39594   4.57202
 --------------------/ IGRD= 1  / IPRT= 0  /PLT     / Z1=38   / DATE= 15.05.09
 -27.78768 -27.78768 -27.78768 -27.78768 -27.78768 -27.78768 -27.78770
 -26.67731 -26.67731 -26.67731 -26.67731 -26.67731 -26.67731 -26.67733
 -25.77998 -25.77998 -25.77999 -25.77999 -25.77999 -25.78005 -25.78028
 -25.11530 -25.11530 -25.11530 -25.11532 -25.11545 -25.11635 -25.11882
 -24.79649 -24.79650 -24.79650 -24.79656 -24.79709 -24.80020 -24.80716
 -24.62786 -24.62786 -24.62787 -24.62798 -24.62902 -24.63477 -24.64659
 -24.60342 -24.60342 -24.60343 -24.60356 -24.60467 -24.61102 -24.62422
 -24.61390 -24.61390 -24.61392 -24.61403 -24.61511 -24.62133 -24.63459
 -24.62847 -24.62847 -24.62848 -24.62859 -24.62961 -24.63563 -24.64873
 -24.65733 -24.65733 -24.65734 -24.65744 -24.65835 -24.66394 -24.67658
 -24.70384 -24.70384 -24.70385 -24.70393 -24.70471 -24.70969 -24.72156
 -24.77944 -24.77944 -24.77945 -24.77951 -24.78012 -24.78423 -24.79491
 -24.86686 -24.86686 -24.86686 -24.86691 -24.86738 -24.87070 -24.88019
 -24.92115 -24.92115 -24.92115 -24.92120 -24.92159 -24.92450 -24.93330
C-------------------------------------------------------------------------------
C                                                                               
C  Low-level line power coefficients  - unfiltered                              
C                                                                               
C                                                                               
C                                                                               
C  CODE     : ADAS810                                                           
C  PRODUCER : Adam Foster                                                       
C  DATE     : 15/05/09                                                          
C                                                                               
C-------------------------------------------------------------------------------
