   74    7   14   66   66     /TUNGSTEN           /ADAS810-total           ADF11
 -------------------------------------------------------------------------------
  10.00000  11.00000  12.00000  13.00000  14.00000  15.00000  16.00000
   1.87546   2.05154   2.27339   2.57442   2.87546   3.27339   3.57442   3.75052
   3.87546   4.05154   4.27339   4.57442   4.87546   5.05154
 --------------------/ IGRD= 1  / IPRT= 0  /PLT     / Z1=66   / DATE= 15.05.09
 -34.09993 -34.09993 -34.09993 -34.09993 -34.09993 -34.09993 -34.09993
 -31.43387 -31.43387 -31.43387 -31.43387 -31.43387 -31.43387 -31.43387
 -29.33977 -29.33977 -29.33977 -29.33977 -29.33977 -29.33977 -29.33977
 -27.83062 -27.83062 -27.83062 -27.83062 -27.83062 -27.83062 -27.83062
 -27.13996 -27.13996 -27.13996 -27.13996 -27.13996 -27.13996 -27.13996
 -26.68827 -26.68827 -26.68827 -26.68827 -26.68827 -26.68827 -26.68827
 -26.15840 -26.15840 -26.15840 -26.15840 -26.15840 -26.15840 -26.15840
 -25.89671 -25.89671 -25.89671 -25.89671 -25.89671 -25.89671 -25.89671
 -25.76296 -25.76296 -25.76296 -25.76296 -25.76296 -25.76296 -25.76296
 -25.63734 -25.63734 -25.63734 -25.63734 -25.63734 -25.63734 -25.63734
 -25.55287 -25.55287 -25.55287 -25.55287 -25.55287 -25.55287 -25.55287
 -25.51763 -25.51763 -25.51763 -25.51763 -25.51763 -25.51763 -25.51763
 -25.53161 -25.53161 -25.53161 -25.53161 -25.53161 -25.53161 -25.53161
 -25.55369 -25.55369 -25.55369 -25.55369 -25.55369 -25.55369 -25.55369
C-------------------------------------------------------------------------------
C                                                                               
C  Low-level line power coefficients  - unfiltered                              
C                                                                               
C                                                                               
C                                                                               
C  CODE     : ADAS810                                                           
C  PRODUCER : Adam Foster                                                       
C  DATE     : 15/05/09                                                          
C                                                                               
C-------------------------------------------------------------------------------
