   74    7   14   63   63     /TUNGSTEN           /ADAS810-total           ADF11
 -------------------------------------------------------------------------------
  10.00000  11.00000  12.00000  13.00000  14.00000  15.00000  16.00000
   1.83505   2.01115   2.23300   2.53403   2.83505   3.23300   3.53403   3.71011
   3.83505   4.01115   4.23300   4.53403   4.83505   5.01115
 --------------------/ IGRD= 1  / IPRT= 0  /PLT     / Z1=63   / DATE= 18.05.09
 -27.35607 -27.35607 -27.35607 -27.35607 -27.35607 -27.35607 -27.35607
 -26.59358 -26.59358 -26.59358 -26.59358 -26.59358 -26.59358 -26.59358
 -26.01669 -26.01669 -26.01669 -26.01669 -26.01669 -26.01669 -26.01670
 -25.62798 -25.62798 -25.62798 -25.62798 -25.62798 -25.62798 -25.62798
 -25.48061 -25.48061 -25.48061 -25.48061 -25.48061 -25.48061 -25.48062
 -25.42873 -25.42873 -25.42873 -25.42873 -25.42873 -25.42873 -25.42873
 -25.38316 -25.38316 -25.38316 -25.38316 -25.38316 -25.38316 -25.38316
 -25.33590 -25.33590 -25.33590 -25.33590 -25.33590 -25.33590 -25.33590
 -25.30305 -25.30305 -25.30305 -25.30305 -25.30305 -25.30305 -25.30305
 -25.26733 -25.26733 -25.26733 -25.26733 -25.26733 -25.26733 -25.26733
 -25.24698 -25.24698 -25.24698 -25.24698 -25.24698 -25.24698 -25.24698
 -25.25886 -25.25886 -25.25886 -25.25886 -25.25886 -25.25886 -25.25886
 -25.29943 -25.29943 -25.29943 -25.29943 -25.29943 -25.29943 -25.29943
 -25.33276 -25.33276 -25.33276 -25.33276 -25.33276 -25.33276 -25.33276
C-------------------------------------------------------------------------------
C                                                                               
C  Low-level line power coefficients  - unfiltered                              
C                                                                               
C                                                                               
C                                                                               
C  CODE     : ADAS810                                                           
C  PRODUCER : Adam Foster                                                       
C  DATE     : 18/05/09                                                          
C                                                                               
C-------------------------------------------------------------------------------
