   74    7   14   43   43     /TUNGSTEN           /ADAS810-total           ADF11
 -------------------------------------------------------------------------------
  10.00000  11.00000  12.00000  13.00000  14.00000  15.00000  16.00000
   1.50330   1.67940   1.90125   2.20227   2.50330   2.90125   3.20227   3.37836
   3.50330   3.67940   3.90125   4.20227   4.50330   4.67940
 --------------------/ IGRD= 1  / IPRT= 0  /PLT     / Z1=43   / DATE= 15.05.09
 -26.75516 -26.75516 -26.75519 -26.75548 -26.75821 -26.77899 -26.85901
 -26.18863 -26.18863 -26.18864 -26.18870 -26.18927 -26.19286 -26.20274
 -25.61150 -25.61165 -25.61166 -25.61164 -25.61145 -25.61005 -25.60694
 -25.18343 -25.18653 -25.18686 -25.18678 -25.18566 -25.17894 -25.16926
 -25.05442 -25.06814 -25.06965 -25.06935 -25.06514 -25.04172 -25.01349
 -25.02047 -25.05586 -25.05999 -25.05958 -25.05188 -25.00890 -24.95713
 -24.98697 -25.04141 -25.04814 -25.04793 -25.03956 -24.99064 -24.92689
 -24.97335 -25.03989 -25.04848 -25.04849 -25.04029 -24.99058 -24.92147
 -24.96830 -25.04388 -25.05399 -25.05419 -25.04625 -24.99681 -24.92442
 -24.96604 -25.05495 -25.06751 -25.06803 -25.06063 -25.01253 -24.93626
 -24.97076 -25.07722 -25.09351 -25.09453 -25.08792 -25.04251 -24.96225
 -24.98791 -25.11869 -25.14151 -25.14338 -25.13793 -25.09727 -25.01303
 -25.01511 -25.16908 -25.20054 -25.20355 -25.19924 -25.16393 -25.07770
 -25.03626 -25.20238 -25.24007 -25.24392 -25.24025 -25.20814 -25.12168
C-------------------------------------------------------------------------------
C                                                                               
C  Low-level line power coefficients  - unfiltered                              
C                                                                               
C                                                                               
C                                                                               
C  CODE     : ADAS810                                                           
C  PRODUCER : Adam Foster                                                       
C  DATE     : 15/05/09                                                          
C                                                                               
C-------------------------------------------------------------------------------
