   74    7   14   41   41     /TUNGSTEN           /ADAS810-total           ADF11
 -------------------------------------------------------------------------------
  10.00000  11.00000  12.00000  13.00000  14.00000  15.00000  16.00000
   1.46193   1.63803   1.85988   2.16092   2.46193   2.85988   3.16092   3.33700
   3.46193   3.63803   3.85988   4.16092   4.46193   4.63803
 --------------------/ IGRD= 1  / IPRT= 0  /PLT     / Z1=41   / DATE= 15.05.09
 -27.04532 -27.07110 -27.07633 -27.07711 -27.07913 -27.09669 -27.17841
 -26.39381 -26.35174 -26.34555 -26.34494 -26.34525 -26.34856 -26.36215
 -25.68818 -25.66377 -25.66081 -25.66050 -25.66043 -25.66003 -25.65887
 -25.13044 -25.12658 -25.12615 -25.12610 -25.12597 -25.12507 -25.12392
 -24.86735 -24.86807 -24.86815 -24.86815 -24.86817 -24.86835 -24.87043
 -24.71218 -24.71416 -24.71437 -24.71441 -24.71460 -24.71587 -24.72047
 -24.64586 -24.64805 -24.64828 -24.64832 -24.64853 -24.64995 -24.65494
 -24.62650 -24.62878 -24.62902 -24.62906 -24.62926 -24.63061 -24.63548
 -24.62118 -24.62355 -24.62380 -24.62384 -24.62403 -24.62534 -24.63008
 -24.62446 -24.62694 -24.62721 -24.62725 -24.62742 -24.62863 -24.63310
 -24.64234 -24.64501 -24.64529 -24.64534 -24.64548 -24.64654 -24.65060
 -24.68324 -24.68626 -24.68659 -24.68663 -24.68674 -24.68761 -24.69112
 -24.73905 -24.74251 -24.74288 -24.74293 -24.74302 -24.74372 -24.74675
 -24.77750 -24.78131 -24.78173 -24.78178 -24.78185 -24.78245 -24.78519
C-------------------------------------------------------------------------------
C                                                                               
C  Low-level line power coefficients  - unfiltered                              
C                                                                               
C                                                                               
C                                                                               
C  CODE     : ADAS810                                                           
C  PRODUCER : Adam Foster                                                       
C  DATE     : 15/05/09                                                          
C                                                                               
C-------------------------------------------------------------------------------
