   74    7   14   64   64     /TUNGSTEN           /ADAS810-total           ADF11
 -------------------------------------------------------------------------------
  10.00000  11.00000  12.00000  13.00000  14.00000  15.00000  16.00000
   1.84873   2.02481   2.24667   2.54770   2.84873   3.24667   3.54770   3.72379
   3.84873   4.02481   4.24667   4.54770   4.84873   5.02481
 --------------------/ IGRD= 1  / IPRT= 0  /PLT     / Z1=64   / DATE= 15.05.09
 -27.64532 -27.64532 -27.64532 -27.64532 -27.64532 -27.64532 -27.64532
 -26.88071 -26.88071 -26.88071 -26.88071 -26.88071 -26.88071 -26.88071
 -26.29838 -26.29838 -26.29838 -26.29838 -26.29838 -26.29838 -26.29838
 -25.90749 -25.90749 -25.90749 -25.90749 -25.90749 -25.90749 -25.90749
 -25.75801 -25.75801 -25.75801 -25.75801 -25.75801 -25.75801 -25.75801
 -25.70066 -25.70066 -25.70066 -25.70066 -25.70066 -25.70066 -25.70066
 -25.61839 -25.61839 -25.61839 -25.61839 -25.61839 -25.61839 -25.61839
 -25.54085 -25.54085 -25.54085 -25.54085 -25.54085 -25.54085 -25.54085
 -25.48992 -25.48992 -25.48992 -25.48992 -25.48992 -25.48992 -25.48992
 -25.43582 -25.43582 -25.43582 -25.43582 -25.43582 -25.43582 -25.43582
 -25.40174 -25.40174 -25.40174 -25.40174 -25.40174 -25.40174 -25.40174
 -25.40101 -25.40101 -25.40101 -25.40101 -25.40101 -25.40101 -25.40101
 -25.43403 -25.43403 -25.43403 -25.43403 -25.43403 -25.43403 -25.43403
 -25.46365 -25.46365 -25.46365 -25.46365 -25.46365 -25.46365 -25.46365
C-------------------------------------------------------------------------------
C                                                                               
C  Low-level line power coefficients  - unfiltered                              
C                                                                               
C                                                                               
C                                                                               
C  CODE     : ADAS810                                                           
C  PRODUCER : Adam Foster                                                       
C  DATE     : 15/05/09                                                          
C                                                                               
C-------------------------------------------------------------------------------
