   74    7   14   25   25     /TUNGSTEN           /ADAS810-total           ADF11
 -------------------------------------------------------------------------------
  10.00000  11.00000  12.00000  13.00000  14.00000  15.00000  16.00000
   1.03226   1.20833   1.43019   1.73122   2.03226   2.43019   2.73122   2.90731
   3.03226   3.20833   3.43019   3.73122   4.03226   4.20833
 --------------------/ IGRD= 1  / IPRT= 0  /PLT     / Z1=25   / DATE= 18.05.09
 -31.87946 -31.87946 -31.87947 -31.87959 -31.88081 -31.89267 -31.98750
 -29.56225 -29.56225 -29.56225 -29.56228 -29.56256 -29.56529 -29.58459
 -27.47684 -27.47684 -27.47684 -27.47683 -27.47667 -27.47527 -27.46807
 -25.88517 -25.88517 -25.88516 -25.88514 -25.88495 -25.88343 -25.87899
 -25.09862 -25.09862 -25.09862 -25.09863 -25.09874 -25.09947 -25.10101
 -24.61235 -24.61235 -24.61236 -24.61246 -24.61335 -24.61930 -24.62967
 -24.46001 -24.46002 -24.46003 -24.46017 -24.46151 -24.47047 -24.48617
 -24.41981 -24.41982 -24.41983 -24.41998 -24.42145 -24.43139 -24.44943
 -24.40670 -24.40670 -24.40671 -24.40687 -24.40836 -24.41865 -24.43796
 -24.40333 -24.40333 -24.40335 -24.40350 -24.40498 -24.41544 -24.43629
 -24.41661 -24.41662 -24.41663 -24.41678 -24.41819 -24.42845 -24.45076
 -24.45880 -24.45880 -24.45881 -24.45894 -24.46019 -24.46969 -24.49332
 -24.51886 -24.51886 -24.51887 -24.51898 -24.52004 -24.52848 -24.55277
 -24.56042 -24.56043 -24.56044 -24.56053 -24.56148 -24.56926 -24.59372
C-------------------------------------------------------------------------------
C                                                                               
C  Low-level line power coefficients  - unfiltered                              
C                                                                               
C                                                                               
C                                                                               
C  CODE     : ADAS810                                                           
C  PRODUCER : Adam Foster                                                       
C  DATE     : 18/05/09                                                          
C                                                                               
C-------------------------------------------------------------------------------
