   74    7   14   21   21     /TUNGSTEN           /ADAS810-total           ADF11
 -------------------------------------------------------------------------------
  10.00000  11.00000  12.00000  13.00000  14.00000  15.00000  16.00000
   0.88081   1.05690   1.27875   1.57978   1.88081   2.27875   2.57978   2.75587
   2.88081   3.05690   3.27875   3.57978   3.88081   4.05690
 --------------------/ IGRD= 1  / IPRT= 0  /PLT     / Z1=21   / DATE= 15.05.09
 -37.28413 -37.28413 -37.28413 -37.28413 -37.28413 -37.28413 -37.28413
 -33.14634 -33.14634 -33.14634 -33.14634 -33.14634 -33.14635 -33.14635
 -29.87456 -29.87456 -29.87456 -29.87456 -29.87456 -29.87456 -29.87456
 -27.47948 -27.47948 -27.47948 -27.47948 -27.47948 -27.47948 -27.47948
 -26.33715 -26.33715 -26.33715 -26.33715 -26.33715 -26.33715 -26.33716
 -25.69386 -25.69386 -25.69386 -25.69386 -25.69386 -25.69386 -25.69387
 -25.48031 -25.48031 -25.48031 -25.48031 -25.48031 -25.48031 -25.48031
 -25.40014 -25.40014 -25.40014 -25.40014 -25.40014 -25.40014 -25.40015
 -25.35747 -25.35747 -25.35747 -25.35747 -25.35747 -25.35747 -25.35748
 -25.31148 -25.31148 -25.31148 -25.31148 -25.31148 -25.31148 -25.31149
 -25.27836 -25.27836 -25.27836 -25.27836 -25.27836 -25.27837 -25.27837
 -25.26455 -25.26455 -25.26455 -25.26455 -25.26455 -25.26455 -25.26456
 -25.28182 -25.28182 -25.28182 -25.28182 -25.28182 -25.28182 -25.28183
 -25.30250 -25.30250 -25.30250 -25.30250 -25.30250 -25.30250 -25.30251
C-------------------------------------------------------------------------------
C                                                                               
C  Low-level line power coefficients  - unfiltered                              
C                                                                               
C                                                                               
C                                                                               
C  CODE     : ADAS810                                                           
C  PRODUCER : Adam Foster                                                       
C  DATE     : 15/05/09                                                          
C                                                                               
C-------------------------------------------------------------------------------
