   74    7   14    9    9     /TUNGSTEN           /ADAS810-total           ADF11
 -------------------------------------------------------------------------------
  10.00000  11.00000  12.00000  13.00000  14.00000  15.00000  16.00000
   0.14485   0.32096   0.54280   0.84382   1.14485   1.54280   1.84382   2.01991
   2.14485   2.32096   2.54280   2.84382   3.14485   3.32096
 --------------------/ IGRD= 1  / IPRT= 0  /PLT     / Z1= 9   / DATE= 15.05.09
 -28.66520 -28.80709 -29.27186 -30.12040 -31.09950 -32.09731 -33.09709
 -28.15315 -28.22585 -28.52791 -29.26697 -30.22736 -31.22292 -32.22001
 -27.46243 -27.49642 -27.70487 -28.37050 -29.29156 -30.09100 -30.42809
 -26.78012 -26.79679 -26.90908 -27.19471 -27.32883 -27.34805 -27.35109
 -25.66602 -25.66751 -25.67610 -25.69113 -25.69568 -25.69640 -25.69787
 -24.74165 -24.74147 -24.74119 -24.74104 -24.74127 -24.74275 -24.75135
 -24.46677 -24.46635 -24.46577 -24.46558 -24.46621 -24.46959 -24.48895
 -24.39116 -24.39070 -24.39012 -24.39003 -24.39087 -24.39520 -24.42032
 -24.35875 -24.35828 -24.35769 -24.35767 -24.35862 -24.36342 -24.39164
 -24.33478 -24.33433 -24.33374 -24.33377 -24.33481 -24.34000 -24.37083
 -24.32818 -24.32781 -24.32725 -24.32734 -24.32842 -24.33369 -24.36520
 -24.34700 -24.34680 -24.34631 -24.34645 -24.34748 -24.35236 -24.38152
 -24.38872 -24.38871 -24.38831 -24.38850 -24.38942 -24.39366 -24.41862
 -24.42143 -24.42152 -24.42116 -24.42135 -24.42221 -24.42603 -24.44828
C-------------------------------------------------------------------------------
C                                                                               
C  Low-level line power coefficients  - unfiltered                              
C                                                                               
C                                                                               
C                                                                               
C  CODE     : ADAS810                                                           
C  PRODUCER : Adam Foster                                                       
C  DATE     : 15/05/09                                                          
C                                                                               
C-------------------------------------------------------------------------------
