   74    7   14   30   30     /TUNGSTEN           /ADAS810-total           ADF11
 -------------------------------------------------------------------------------
  10.00000  11.00000  12.00000  13.00000  14.00000  15.00000  16.00000
   1.19061   1.36670   1.58855   1.88958   2.19061   2.58855   2.88958   3.06569
   3.19061   3.36670   3.58855   3.88958   4.19061   4.36670
 --------------------/ IGRD= 1  / IPRT= 0  /PLT     / Z1=30   / DATE= 15.05.09
 -28.42721 -28.42730 -28.42818 -28.43697 -28.51618 -28.93879 -29.75290
 -28.12888 -28.12894 -28.12948 -28.13479 -28.18106 -28.37406 -28.52682
 -26.79411 -26.79412 -26.79418 -26.79457 -26.79738 -26.80657 -26.81162
 -25.52624 -25.52694 -25.53094 -25.53734 -25.53970 -25.53937 -25.53914
 -24.92319 -24.93084 -24.96644 -25.00593 -25.01298 -25.00276 -25.00170
 -24.59387 -24.62071 -24.70756 -24.76728 -24.76786 -24.75432 -24.75791
 -24.50678 -24.54364 -24.64711 -24.70755 -24.70436 -24.69081 -24.69540
 -24.49129 -24.53063 -24.63790 -24.69858 -24.69461 -24.68078 -24.68509
 -24.49079 -24.53058 -24.63883 -24.69992 -24.69589 -24.68176 -24.68562
 -24.50108 -24.54019 -24.64813 -24.71010 -24.70643 -24.69177 -24.69478
 -24.52785 -24.56462 -24.67033 -24.73378 -24.73113 -24.71561 -24.71736
 -24.58104 -24.61317 -24.71342 -24.77943 -24.77926 -24.76259 -24.76246
 -24.64884 -24.67583 -24.76898 -24.83794 -24.84119 -24.82351 -24.82145
 -24.69367 -24.71771 -24.80615 -24.87689 -24.88253 -24.86439 -24.86121
C-------------------------------------------------------------------------------
C                                                                               
C  Low-level line power coefficients  - unfiltered                              
C                                                                               
C                                                                               
C                                                                               
C  CODE     : ADAS810                                                           
C  PRODUCER : Adam Foster                                                       
C  DATE     : 15/05/09                                                          
C                                                                               
C-------------------------------------------------------------------------------
