   74    7   14    1    1     /TUNGSTEN           /ADAS810-total           ADF11
 -------------------------------------------------------------------------------
  10.00000  11.00000  12.00000  13.00000  14.00000  15.00000  16.00000
  -1.76364  -1.58754  -1.36569  -1.06466  -0.76364  -0.36569  -0.06466   0.11143
   0.23636   0.41246   0.63431   0.93534   1.23636   1.41246
 --------------------/ IGRD= 1  / IPRT= 0  /PLT     / Z1= 1   / DATE= 15.05.09
 -57.95707 -57.96166 -58.00508 -58.29545 -59.06450 -60.03290 -61.02961
 -47.63203 -47.63656 -47.67945 -47.96733 -48.73421 -49.70220 -50.69887
 -39.36969 -39.37413 -39.41622 -39.70096 -40.46516 -41.43266 -42.42927
 -33.11095 -33.11425 -33.14871 -33.41001 -34.15431 -35.11802 -36.11421
 -29.82385 -29.82455 -29.84559 -30.05960 -30.73340 -31.64634 -32.62978
 -27.46617 -27.46883 -27.48336 -27.59595 -27.87920 -28.43015 -29.26181
 -26.20207 -26.20635 -26.22681 -26.33288 -26.51476 -26.79822 -27.39147
 -25.60603 -25.61040 -25.63694 -25.76036 -25.93204 -26.16455 -26.74630
 -25.26283 -25.26731 -25.29668 -25.42908 -25.60706 -25.84846 -26.45355
 -24.89250 -24.89715 -24.92799 -25.06663 -25.26373 -25.54449 -26.19254
 -24.58142 -24.58616 -24.61618 -24.75589 -24.98142 -25.31899 -26.01076
 -24.34693 -24.35145 -24.37854 -24.51423 -24.77181 -25.16816 -25.89171
 -24.24221 -24.24631 -24.26993 -24.39780 -24.67519 -25.10614 -25.83959
 -24.21788 -24.22172 -24.24335 -24.36540 -24.64902 -25.09170 -25.82462
C-------------------------------------------------------------------------------
C                                                                               
C  Low-level line power coefficients  - unfiltered                              
C                                                                               
C                                                                               
C                                                                               
C  CODE     : ADAS810                                                           
C  PRODUCER : Adam Foster                                                       
C  DATE     : 15/05/09                                                          
C                                                                               
C-------------------------------------------------------------------------------
