   74    7   14   45   45     /TUNGSTEN           /ADAS810-total           ADF11
 -------------------------------------------------------------------------------
  10.00000  11.00000  12.00000  13.00000  14.00000  15.00000  16.00000
   1.54280   1.71888   1.94074   2.24177   2.54280   2.94074   3.24177   3.41785
   3.54280   3.71888   3.94074   4.24177   4.54280   4.71888
 --------------------/ IGRD= 1  / IPRT= 0  /PLT     / Z1=45   / DATE= 15.05.09
 -26.64520 -26.64520 -26.64520 -26.64520 -26.64520 -26.64522 -26.64539
 -26.02041 -26.02041 -26.02041 -26.02041 -26.02041 -26.02043 -26.02061
 -25.52250 -25.52250 -25.52250 -25.52250 -25.52251 -25.52253 -25.52279
 -25.17123 -25.17123 -25.17123 -25.17123 -25.17123 -25.17127 -25.17164
 -25.02278 -25.02278 -25.02278 -25.02278 -25.02278 -25.02283 -25.02325
 -24.87917 -24.87917 -24.87917 -24.87917 -24.87917 -24.87923 -24.87975
 -24.74637 -24.74637 -24.74637 -24.74637 -24.74638 -24.74648 -24.74727
 -24.69240 -24.69240 -24.69240 -24.69240 -24.69241 -24.69254 -24.69351
 -24.66899 -24.66899 -24.66899 -24.66899 -24.66901 -24.66915 -24.67022
 -24.65403 -24.65403 -24.65403 -24.65403 -24.65405 -24.65421 -24.65538
 -24.65750 -24.65750 -24.65750 -24.65750 -24.65751 -24.65768 -24.65888
 -24.68909 -24.68909 -24.68909 -24.68909 -24.68911 -24.68925 -24.69041
 -24.74160 -24.74160 -24.74160 -24.74160 -24.74161 -24.74174 -24.74278
 -24.77932 -24.77932 -24.77932 -24.77932 -24.77933 -24.77945 -24.78041
C-------------------------------------------------------------------------------
C                                                                               
C  Low-level line power coefficients  - unfiltered                              
C                                                                               
C                                                                               
C                                                                               
C  CODE     : ADAS810                                                           
C  PRODUCER : Adam Foster                                                       
C  DATE     : 15/05/09                                                          
C                                                                               
C-------------------------------------------------------------------------------
