   74    7   14   67   67     /TUNGSTEN           /ADAS810-total           ADF11
 -------------------------------------------------------------------------------
  10.00000  11.00000  12.00000  13.00000  14.00000  15.00000  16.00000
   1.88852   2.06461   2.28646   2.58749   2.88852   3.28646   3.58749   3.76358
   3.88852   4.06461   4.28646   4.58749   4.88852   5.06461
 --------------------/ IGRD= 1  / IPRT= 0  /PLT     / Z1=67   / DATE= 18.05.09
 -33.33005 -33.33005 -33.33005 -33.33005 -33.33005 -33.33005 -33.33005
 -30.82720 -30.82720 -30.82720 -30.82720 -30.82720 -30.82720 -30.82720
 -28.86701 -28.86701 -28.86701 -28.86701 -28.86701 -28.86701 -28.86701
 -27.45787 -27.45787 -27.45787 -27.45787 -27.45787 -27.45787 -27.45788
 -26.82127 -26.82127 -26.82127 -26.82127 -26.82127 -26.82127 -26.82127
 -26.46826 -26.46826 -26.46826 -26.46826 -26.46826 -26.46826 -26.46826
 -26.11664 -26.11664 -26.11664 -26.11664 -26.11664 -26.11664 -26.11664
 -25.90694 -25.90694 -25.90694 -25.90694 -25.90694 -25.90694 -25.90694
 -25.79290 -25.79290 -25.79290 -25.79290 -25.79290 -25.79290 -25.79290
 -25.68224 -25.68224 -25.68224 -25.68224 -25.68224 -25.68224 -25.68224
 -25.60803 -25.60803 -25.60803 -25.60803 -25.60803 -25.60803 -25.60803
 -25.58013 -25.58013 -25.58013 -25.58013 -25.58013 -25.58013 -25.58013
 -25.59829 -25.59829 -25.59829 -25.59829 -25.59829 -25.59829 -25.59829
 -25.62241 -25.62241 -25.62241 -25.62241 -25.62241 -25.62241 -25.62241
C-------------------------------------------------------------------------------
C                                                                               
C  Low-level line power coefficients  - unfiltered                              
C                                                                               
C                                                                               
C                                                                               
C  CODE     : ADAS810                                                           
C  PRODUCER : Adam Foster                                                       
C  DATE     : 18/05/09                                                          
C                                                                               
C-------------------------------------------------------------------------------
