   74    7   14   12   12     /TUNGSTEN           /ADAS810-total           ADF11
 -------------------------------------------------------------------------------
  10.00000  11.00000  12.00000  13.00000  14.00000  15.00000  16.00000
   0.39473   0.57082   0.79267   1.09370   1.39473   1.79267   2.09370   2.26979
   2.39473   2.57082   2.79267   3.09370   3.39473   3.57082
 --------------------/ IGRD= 1  / IPRT= 0  /PLT     / Z1=12   / DATE= 18.05.09
 -33.84428 -33.84428 -33.84428 -33.84428 -33.84430 -33.84446 -33.84606
 -30.61541 -30.61541 -30.61541 -30.61541 -30.61542 -30.61555 -30.61686
 -28.06132 -28.06132 -28.06132 -28.06132 -28.06133 -28.06143 -28.06244
 -26.18074 -26.18074 -26.18074 -26.18075 -26.18075 -26.18083 -26.18157
 -25.25649 -25.25649 -25.25649 -25.25650 -25.25651 -25.25663 -25.25780
 -24.67146 -24.67146 -24.67146 -24.67146 -24.67150 -24.67191 -24.67599
 -24.45872 -24.45872 -24.45872 -24.45873 -24.45880 -24.45951 -24.46648
 -24.39095 -24.39095 -24.39095 -24.39096 -24.39105 -24.39188 -24.40010
 -24.36218 -24.36218 -24.36218 -24.36219 -24.36228 -24.36318 -24.37196
 -24.34261 -24.34261 -24.34261 -24.34262 -24.34272 -24.34365 -24.35282
 -24.34196 -24.34196 -24.34196 -24.34197 -24.34207 -24.34300 -24.35215
 -24.37341 -24.37341 -24.37341 -24.37342 -24.37351 -24.37437 -24.38287
 -24.42652 -24.42652 -24.42652 -24.42653 -24.42661 -24.42737 -24.43487
 -24.46497 -24.46497 -24.46497 -24.46498 -24.46505 -24.46574 -24.47261
C-------------------------------------------------------------------------------
C                                                                               
C  Low-level line power coefficients  - unfiltered                              
C                                                                               
C                                                                               
C                                                                               
C  CODE     : ADAS810                                                           
C  PRODUCER : Adam Foster                                                       
C  DATE     : 18/05/09                                                          
C                                                                               
C-------------------------------------------------------------------------------
