   74    7   14   68   68     /TUNGSTEN           /ADAS810-total           ADF11
 -------------------------------------------------------------------------------
  10.00000  11.00000  12.00000  13.00000  14.00000  15.00000  16.00000
   1.90139   2.07748   2.29933   2.60036   2.90139   3.29933   3.60036   3.77645
   3.90139   4.07748   4.29933   4.60036   4.90139   5.07748
 --------------------/ IGRD= 1  / IPRT= 0  /PLT     / Z1=68   / DATE= 15.05.09
 -34.54355 -34.54355 -34.54355 -34.54355 -34.54355 -34.54355 -34.54355
 -31.79532 -31.79532 -31.79532 -31.79532 -31.79532 -31.79532 -31.79532
 -29.42767 -29.42767 -29.42767 -29.42767 -29.42767 -29.42767 -29.42767
 -27.62543 -27.62543 -27.62543 -27.62543 -27.62543 -27.62543 -27.62543
 -26.77743 -26.77743 -26.77743 -26.77743 -26.77743 -26.77743 -26.77743
 -26.32520 -26.32520 -26.32520 -26.32520 -26.32520 -26.32520 -26.32520
 -26.05943 -26.05943 -26.05943 -26.05943 -26.05943 -26.05943 -26.05943
 -25.89885 -25.89885 -25.89885 -25.89885 -25.89885 -25.89885 -25.89885
 -25.80573 -25.80573 -25.80573 -25.80573 -25.80573 -25.80573 -25.80573
 -25.71265 -25.71265 -25.71265 -25.71265 -25.71265 -25.71265 -25.71265
 -25.64972 -25.64972 -25.64972 -25.64972 -25.64972 -25.64972 -25.64972
 -25.62932 -25.62932 -25.62932 -25.62932 -25.62932 -25.62932 -25.62932
 -25.65140 -25.65140 -25.65140 -25.65140 -25.65140 -25.65140 -25.65140
 -25.67686 -25.67686 -25.67686 -25.67686 -25.67686 -25.67686 -25.67686
C-------------------------------------------------------------------------------
C                                                                               
C  Low-level line power coefficients  - unfiltered                              
C                                                                               
C                                                                               
C                                                                               
C  CODE     : ADAS810                                                           
C  PRODUCER : Adam Foster                                                       
C  DATE     : 15/05/09                                                          
C                                                                               
C-------------------------------------------------------------------------------
