   74    7   14   68   68     /TUNGSTEN           /ADAS810-total           ADF11
 -------------------------------------------------------------------------------
  10.00000  11.00000  12.00000  13.00000  14.00000  15.00000  16.00000
   1.90139   2.07748   2.29933   2.60036   2.90139   3.29933   3.60036   3.77645
   3.90139   4.07748   4.29933   4.60036   4.90139   5.07748
 --------------------/ IGRD= 1  / IPRT= 0  /PLT     / Z1=68   / DATE= 18.05.09
 -32.70419 -32.70419 -32.70419 -32.70419 -32.70419 -32.70419 -32.70419
 -30.35918 -30.35918 -30.35918 -30.35918 -30.35918 -30.35918 -30.35918
 -28.52230 -28.52230 -28.52230 -28.52230 -28.52230 -28.52230 -28.52230
 -27.20835 -27.20835 -27.20835 -27.20835 -27.20835 -27.20835 -27.20835
 -26.61785 -26.61785 -26.61785 -26.61785 -26.61785 -26.61785 -26.61785
 -26.31666 -26.31666 -26.31666 -26.31666 -26.31666 -26.31666 -26.31666
 -26.07435 -26.07435 -26.07435 -26.07435 -26.07435 -26.07435 -26.07435
 -25.91246 -25.91246 -25.91246 -25.91246 -25.91246 -25.91246 -25.91246
 -25.81908 -25.81908 -25.81908 -25.81908 -25.81908 -25.81908 -25.81908
 -25.72553 -25.72553 -25.72553 -25.72553 -25.72553 -25.72553 -25.72553
 -25.66333 -25.66333 -25.66333 -25.66333 -25.66333 -25.66333 -25.66333
 -25.64341 -25.64341 -25.64341 -25.64341 -25.64341 -25.64341 -25.64341
 -25.66620 -25.66620 -25.66620 -25.66620 -25.66620 -25.66620 -25.66620
 -25.69262 -25.69262 -25.69262 -25.69262 -25.69262 -25.69262 -25.69262
C-------------------------------------------------------------------------------
C                                                                               
C  Low-level line power coefficients  - unfiltered                              
C                                                                               
C                                                                               
C                                                                               
C  CODE     : ADAS810                                                           
C  PRODUCER : Adam Foster                                                       
C  DATE     : 18/05/09                                                          
C                                                                               
C-------------------------------------------------------------------------------
