   74    7   14    4    4     /TUNGSTEN           /ADAS810-total           ADF11
 -------------------------------------------------------------------------------
  10.00000  11.00000  12.00000  13.00000  14.00000  15.00000  16.00000
  -0.55952  -0.38342  -0.16157   0.13947   0.44048   0.83843   1.13947   1.31555
   1.44048   1.61658   1.83843   2.13947   2.44048   2.61658
 --------------------/ IGRD= 1  / IPRT= 0  /PLT     / Z1= 4   / DATE= 18.05.09
 -41.86985 -41.86985 -41.86991 -41.87051 -41.87648 -41.93204 -42.27463
 -36.01660 -36.01660 -36.01665 -36.01715 -36.02204 -36.06815 -36.37079
 -31.37447 -31.37447 -31.37451 -31.37490 -31.37870 -31.41503 -31.67088
 -27.95698 -27.95698 -27.95701 -27.95728 -27.95998 -27.98609 -28.18556
 -26.29509 -26.29509 -26.29511 -26.29527 -26.29691 -26.31284 -26.44041
 -25.19046 -25.19046 -25.19047 -25.19048 -25.19069 -25.19304 -25.22988
 -24.66446 -24.66446 -24.66446 -24.66451 -24.66508 -24.67172 -24.75752
 -24.44657 -24.44657 -24.44658 -24.44669 -24.44780 -24.46009 -24.58857
 -24.33110 -24.33110 -24.33111 -24.33125 -24.33274 -24.34872 -24.50281
 -24.21597 -24.21598 -24.21600 -24.21617 -24.21806 -24.23809 -24.41859
 -24.13258 -24.13259 -24.13262 -24.13282 -24.13499 -24.15799 -24.35704
 -24.09217 -24.09221 -24.09223 -24.09244 -24.09468 -24.11853 -24.32309
 -24.10211 -24.10216 -24.10218 -24.10238 -24.10445 -24.12681 -24.32235
 -24.12139 -24.12145 -24.12148 -24.12166 -24.12358 -24.14452 -24.33092
C-------------------------------------------------------------------------------
C                                                                               
C  Low-level line power coefficients  - unfiltered                              
C                                                                               
C                                                                               
C                                                                               
C  CODE     : ADAS810                                                           
C  PRODUCER : Adam Foster                                                       
C  DATE     : 18/05/09                                                          
C                                                                               
C-------------------------------------------------------------------------------
