   74    7   14   66   66     /TUNGSTEN           /ADAS810-total           ADF11
 -------------------------------------------------------------------------------
  10.00000  11.00000  12.00000  13.00000  14.00000  15.00000  16.00000
   1.87546   2.05154   2.27339   2.57442   2.87546   3.27339   3.57442   3.75052
   3.87546   4.05154   4.27339   4.57442   4.87546   5.05154
 --------------------/ IGRD= 1  / IPRT= 0  /PLT     / Z1=66   / DATE= 15.05.09
 -34.10140 -34.10140 -34.10140 -34.10140 -34.10140 -34.10140 -34.10140
 -31.43588 -31.43588 -31.43588 -31.43588 -31.43588 -31.43588 -31.43588
 -29.34348 -29.34348 -29.34348 -29.34348 -29.34348 -29.34348 -29.34348
 -27.83709 -27.83709 -27.83709 -27.83709 -27.83709 -27.83709 -27.83709
 -27.15224 -27.15224 -27.15224 -27.15224 -27.15224 -27.15224 -27.15224
 -26.70843 -26.70843 -26.70843 -26.70843 -26.70843 -26.70843 -26.70843
 -26.16836 -26.16836 -26.16836 -26.16836 -26.16836 -26.16836 -26.16836
 -25.90167 -25.90167 -25.90167 -25.90167 -25.90167 -25.90167 -25.90167
 -25.76618 -25.76618 -25.76618 -25.76618 -25.76618 -25.76618 -25.76618
 -25.63868 -25.63868 -25.63868 -25.63868 -25.63868 -25.63868 -25.63868
 -25.55282 -25.55282 -25.55282 -25.55282 -25.55282 -25.55282 -25.55282
 -25.51648 -25.51648 -25.51648 -25.51648 -25.51648 -25.51648 -25.51648
 -25.53058 -25.53058 -25.53058 -25.53058 -25.53058 -25.53058 -25.53058
 -25.55267 -25.55267 -25.55267 -25.55267 -25.55267 -25.55267 -25.55267
C-------------------------------------------------------------------------------
C                                                                               
C  Low-level line power coefficients  - unfiltered                              
C                                                                               
C                                                                               
C                                                                               
C  CODE     : ADAS810                                                           
C  PRODUCER : Adam Foster                                                       
C  DATE     : 15/05/09                                                          
C                                                                               
C-------------------------------------------------------------------------------
