   74    7   14   41   41     /TUNGSTEN           /ADAS810-total           ADF11
 -------------------------------------------------------------------------------
  10.00000  11.00000  12.00000  13.00000  14.00000  15.00000  16.00000
   1.46193   1.63803   1.85988   2.16092   2.46193   2.85988   3.16092   3.33700
   3.46193   3.63803   3.85988   4.16092   4.46193   4.63803
 --------------------/ IGRD= 1  / IPRT= 0  /PLT     / Z1=41   / DATE= 15.05.09
 -27.08337 -27.08337 -27.08337 -27.08337 -27.08337 -27.08337 -27.08339
 -26.21079 -26.21079 -26.21079 -26.21079 -26.21079 -26.21079 -26.21081
 -25.53185 -25.53185 -25.53185 -25.53185 -25.53185 -25.53185 -25.53187
 -25.05132 -25.05132 -25.05132 -25.05132 -25.05132 -25.05133 -25.05136
 -24.83483 -24.83483 -24.83483 -24.83483 -24.83483 -24.83484 -24.83489
 -24.70963 -24.70963 -24.70963 -24.70963 -24.70963 -24.70964 -24.70970
 -24.65411 -24.65411 -24.65411 -24.65411 -24.65411 -24.65411 -24.65417
 -24.63872 -24.63872 -24.63872 -24.63872 -24.63872 -24.63872 -24.63878
 -24.63593 -24.63593 -24.63593 -24.63593 -24.63593 -24.63593 -24.63598
 -24.64174 -24.64174 -24.64174 -24.64174 -24.64174 -24.64175 -24.64179
 -24.66226 -24.66226 -24.66226 -24.66226 -24.66226 -24.66227 -24.66231
 -24.70633 -24.70633 -24.70633 -24.70633 -24.70633 -24.70633 -24.70637
 -24.76461 -24.76461 -24.76461 -24.76461 -24.76461 -24.76461 -24.76464
 -24.80416 -24.80416 -24.80416 -24.80416 -24.80416 -24.80416 -24.80419
C-------------------------------------------------------------------------------
C                                                                               
C  Low-level line power coefficients  - unfiltered                              
C                                                                               
C                                                                               
C                                                                               
C  CODE     : ADAS810                                                           
C  PRODUCER : Adam Foster                                                       
C  DATE     : 15/05/09                                                          
C                                                                               
C-------------------------------------------------------------------------------
