   74    7   14   49   49     /TUNGSTEN           /ADAS810-total           ADF11
 -------------------------------------------------------------------------------
  10.00000  11.00000  12.00000  13.00000  14.00000  15.00000  16.00000
   1.61676   1.79285   2.01469   2.31574   2.61676   3.01469   3.31574   3.49182
   3.61676   3.79285   4.01469   4.31574   4.61676   4.79285
 --------------------/ IGRD= 1  / IPRT= 0  /PLT     / Z1=49   / DATE= 18.05.09
 -28.77889 -28.79352 -28.83463 -28.85083 -28.85313 -28.85458 -28.86517
 -28.14751 -28.15026 -28.16111 -28.16509 -28.16570 -28.16628 -28.17047
 -27.17196 -27.17116 -27.17199 -27.17227 -27.17237 -27.17272 -27.17551
 -26.40461 -26.40438 -26.40440 -26.40442 -26.40450 -26.40494 -26.40860
 -26.01258 -26.01262 -26.01266 -26.01268 -26.01272 -26.01303 -26.01549
 -25.48093 -25.48096 -25.48098 -25.48098 -25.48098 -25.48098 -25.48093
 -25.20392 -25.20395 -25.20396 -25.20396 -25.20396 -25.20389 -25.20341
 -25.11707 -25.11709 -25.11709 -25.11709 -25.11709 -25.11702 -25.11645
 -25.07912 -25.07915 -25.07916 -25.07916 -25.07916 -25.07909 -25.07854
 -25.04946 -25.04950 -25.04951 -25.04951 -25.04951 -25.04945 -25.04891
 -25.03892 -25.03895 -25.03896 -25.03896 -25.03895 -25.03890 -25.03840
 -25.05513 -25.05514 -25.05515 -25.05515 -25.05515 -25.05511 -25.05471
 -25.09552 -25.09554 -25.09555 -25.09555 -25.09555 -25.09552 -25.09519
 -25.12793 -25.12794 -25.12795 -25.12795 -25.12795 -25.12793 -25.12762
C-------------------------------------------------------------------------------
C                                                                               
C  Low-level line power coefficients  - unfiltered                              
C                                                                               
C                                                                               
C                                                                               
C  CODE     : ADAS810                                                           
C  PRODUCER : Adam Foster                                                       
C  DATE     : 18/05/09                                                          
C                                                                               
C-------------------------------------------------------------------------------
