   74    7   14   27   27     /TUNGSTEN           /ADAS810-total           ADF11
 -------------------------------------------------------------------------------
  10.00000  11.00000  12.00000  13.00000  14.00000  15.00000  16.00000
   1.09909   1.27520   1.49704   1.79807   2.09909   2.49704   2.79807   2.97416
   3.09909   3.27520   3.49704   3.79807   4.09909   4.27520
 --------------------/ IGRD= 1  / IPRT= 0  /PLT     / Z1=27   / DATE= 18.05.09
 -31.15478 -31.15478 -31.15478 -31.15479 -31.15481 -31.15503 -31.15694
 -28.79430 -28.79430 -28.79430 -28.79430 -28.79430 -28.79435 -28.79471
 -26.93728 -26.93728 -26.93728 -26.93728 -26.93727 -26.93720 -26.93674
 -25.59813 -25.59813 -25.59813 -25.59813 -25.59813 -25.59805 -25.59773
 -24.95151 -24.95151 -24.95151 -24.95151 -24.95155 -24.95183 -24.95291
 -24.55637 -24.55637 -24.55638 -24.55639 -24.55654 -24.55780 -24.56222
 -24.44079 -24.44079 -24.44079 -24.44081 -24.44103 -24.44286 -24.44956
 -24.41730 -24.41730 -24.41731 -24.41733 -24.41757 -24.41956 -24.42715
 -24.41409 -24.41409 -24.41409 -24.41412 -24.41436 -24.41640 -24.42442
 -24.42254 -24.42254 -24.42254 -24.42257 -24.42280 -24.42482 -24.43316
 -24.44926 -24.44926 -24.44926 -24.44928 -24.44950 -24.45142 -24.45984
 -24.50562 -24.50562 -24.50562 -24.50564 -24.50583 -24.50753 -24.51568
 -24.57798 -24.57798 -24.57798 -24.57800 -24.57815 -24.57960 -24.58723
 -24.62580 -24.62580 -24.62580 -24.62581 -24.62595 -24.62725 -24.63449
C-------------------------------------------------------------------------------
C                                                                               
C  Low-level line power coefficients  - unfiltered                              
C                                                                               
C                                                                               
C                                                                               
C  CODE     : ADAS810                                                           
C  PRODUCER : Adam Foster                                                       
C  DATE     : 18/05/09                                                          
C                                                                               
C-------------------------------------------------------------------------------
