   74    7   14   58   58     /TUNGSTEN           /ADAS810-total           ADF11
 -------------------------------------------------------------------------------
  10.00000  11.00000  12.00000  13.00000  14.00000  15.00000  16.00000
   1.76323   1.93932   2.16116   2.46220   2.76323   3.16116   3.46220   3.63829
   3.76323   3.93932   4.16116   4.46220   4.76323   4.93932
 --------------------/ IGRD= 1  / IPRT= 0  /PLT     / Z1=58   / DATE= 15.05.09
 -27.53627 -27.53627 -27.53627 -27.53628 -27.53628 -27.53628 -27.53629
 -26.76582 -26.76582 -26.76582 -26.76582 -26.76584 -26.76586 -26.76587
 -26.11806 -26.11806 -26.11808 -26.11820 -26.11862 -26.11886 -26.11892
 -25.60623 -25.60624 -25.60641 -25.60774 -25.61183 -25.61392 -25.61442
 -25.36269 -25.36275 -25.36339 -25.36849 -25.38296 -25.38976 -25.39138
 -25.19350 -25.19382 -25.19687 -25.21871 -25.26399 -25.27966 -25.28388
 -25.10754 -25.10812 -25.11367 -25.14947 -25.20711 -25.22337 -25.22875
 -25.08275 -25.08344 -25.08991 -25.13015 -25.19006 -25.20601 -25.21171
 -25.07672 -25.07744 -25.08424 -25.12599 -25.18644 -25.20223 -25.20800
 -25.08148 -25.08221 -25.08909 -25.13118 -25.19177 -25.20752 -25.21325
 -25.10407 -25.10476 -25.11126 -25.15162 -25.21156 -25.22748 -25.23299
 -25.15515 -25.15573 -25.16129 -25.19728 -25.25570 -25.27225 -25.27736
 -25.22231 -25.22278 -25.22728 -25.25797 -25.31429 -25.33183 -25.33655
 -25.26726 -25.26767 -25.27158 -25.29913 -25.35401 -25.37232 -25.37686
C-------------------------------------------------------------------------------
C                                                                               
C  Low-level line power coefficients  - unfiltered                              
C                                                                               
C                                                                               
C                                                                               
C  CODE     : ADAS810                                                           
C  PRODUCER : Adam Foster                                                       
C  DATE     : 15/05/09                                                          
C                                                                               
C-------------------------------------------------------------------------------
