   74    7   14   31   31     /TUNGSTEN           /ADAS810-total           ADF11
 -------------------------------------------------------------------------------
  10.00000  11.00000  12.00000  13.00000  14.00000  15.00000  16.00000
   1.21909   1.39519   1.61703   1.91806   2.21909   2.61703   2.91806   3.09416
   3.21909   3.39519   3.61703   3.91806   4.21909   4.39519
 --------------------/ IGRD= 1  / IPRT= 0  /PLT     / Z1=31   / DATE= 15.05.09
 -27.60912 -27.61331 -27.65022 -27.83161 -28.20068 -28.91281 -29.61140
 -27.42193 -27.42569 -27.45818 -27.59703 -27.80055 -27.99358 -28.04367
 -26.53288 -26.53245 -26.52903 -26.51992 -26.52332 -26.53312 -26.53544
 -25.43588 -25.43535 -25.43155 -25.42376 -25.42257 -25.42315 -25.42337
 -24.90003 -24.89997 -24.89962 -24.89950 -24.90025 -24.90173 -24.90422
 -24.60731 -24.60798 -24.61105 -24.61370 -24.61568 -24.62246 -24.63132
 -24.53561 -24.53665 -24.54093 -24.54395 -24.54663 -24.55659 -24.56839
 -24.52624 -24.52741 -24.53218 -24.53541 -24.53832 -24.54918 -24.56178
 -24.52906 -24.53025 -24.53514 -24.53845 -24.54139 -24.55252 -24.56539
 -24.54354 -24.54469 -24.54949 -24.55282 -24.55575 -24.56688 -24.57985
 -24.57442 -24.57552 -24.58033 -24.58384 -24.58659 -24.59726 -24.61001
 -24.63251 -24.63348 -24.63807 -24.64191 -24.64444 -24.65407 -24.66623
 -24.70529 -24.70610 -24.71029 -24.71434 -24.71652 -24.72490 -24.73636
 -24.75346 -24.75414 -24.75792 -24.76195 -24.76398 -24.77163 -24.78267
C-------------------------------------------------------------------------------
C                                                                               
C  Low-level line power coefficients  - unfiltered                              
C                                                                               
C                                                                               
C                                                                               
C  CODE     : ADAS810                                                           
C  PRODUCER : Adam Foster                                                       
C  DATE     : 15/05/09                                                          
C                                                                               
C-------------------------------------------------------------------------------
