   74    7   14   11   11     /TUNGSTEN           /ADAS810-total           ADF11
 -------------------------------------------------------------------------------
  10.00000  11.00000  12.00000  13.00000  14.00000  15.00000  16.00000
   0.31915   0.49525   0.71710   1.01812   1.31915   1.71710   2.01812   2.19421
   2.31915   2.49525   2.71710   3.01812   3.31915   3.49525
 --------------------/ IGRD= 1  / IPRT= 0  /PLT     / Z1=11   / DATE= 15.05.09
 -27.85591 -27.86188 -27.97310 -28.52726 -29.44498 -30.43591 -31.43498
 -27.25365 -27.25987 -27.39359 -27.98744 -28.91698 -29.90565 -30.86924
 -26.74377 -26.76346 -26.92614 -27.51472 -28.30211 -28.71973 -28.79909
 -26.21441 -26.22982 -26.29859 -26.43165 -26.48688 -26.49453 -26.49605
 -25.42372 -25.41683 -25.40635 -25.40167 -25.40122 -25.40127 -25.40213
 -24.81182 -24.80982 -24.80706 -24.80627 -24.80622 -24.80656 -24.80988
 -24.62530 -24.62734 -24.63083 -24.63333 -24.63395 -24.63479 -24.64233
 -24.57242 -24.57607 -24.58176 -24.58534 -24.58619 -24.58728 -24.59688
 -24.55068 -24.55524 -24.56210 -24.56625 -24.56722 -24.56841 -24.57896
 -24.53743 -24.54282 -24.55088 -24.55569 -24.55681 -24.55806 -24.56911
 -24.54188 -24.54781 -24.55679 -24.56224 -24.56352 -24.56475 -24.57539
 -24.57317 -24.57959 -24.58960 -24.59588 -24.59738 -24.59848 -24.60756
 -24.62594 -24.63227 -24.64270 -24.64973 -24.65150 -24.65244 -24.65967
 -24.66383 -24.67009 -24.68072 -24.68817 -24.69013 -24.69099 -24.69721
C-------------------------------------------------------------------------------
C                                                                               
C  Low-level line power coefficients  - unfiltered                              
C                                                                               
C                                                                               
C                                                                               
C  CODE     : ADAS810                                                           
C  PRODUCER : Adam Foster                                                       
C  DATE     : 15/05/09                                                          
C                                                                               
C-------------------------------------------------------------------------------
