   74    7   14   18   18     /TUNGSTEN           /ADAS810-total           ADF11
 -------------------------------------------------------------------------------
  10.00000  11.00000  12.00000  13.00000  14.00000  15.00000  16.00000
   0.74691   0.92301   1.14485   1.44588   1.74691   2.14485   2.44588   2.62198
   2.74691   2.92301   3.14485   3.44588   3.74691   3.92301
 --------------------/ IGRD= 1  / IPRT= 0  /PLT     / Z1=18   / DATE= 26.05.09
 -39.17653 -39.17653 -39.17656 -39.17687 -39.17995 -39.20957 -39.42895
 -34.29959 -34.29959 -34.29962 -34.29987 -34.30232 -34.32612 -34.50917
 -30.40573 -30.40573 -30.40575 -30.40593 -30.40766 -30.42453 -30.55829
 -27.48447 -27.48447 -27.48448 -27.48459 -27.48563 -27.49585 -27.57896
 -26.05525 -26.05525 -26.05527 -26.05545 -26.05727 -26.07484 -26.20782
 -25.27245 -25.27246 -25.27253 -25.27319 -25.27978 -25.34021 -25.68214
 -25.07115 -25.07116 -25.07126 -25.07219 -25.08147 -25.16422 -25.58349
 -25.02835 -25.02836 -25.02846 -25.02944 -25.03910 -25.12504 -25.55589
 -25.01609 -25.01610 -25.01620 -25.01716 -25.02673 -25.11188 -25.54186
 -25.01869 -25.01870 -25.01879 -25.01970 -25.02866 -25.10909 -25.52680
 -25.04295 -25.04296 -25.04304 -25.04383 -25.05167 -25.12291 -25.51334
 -25.09982 -25.09983 -25.09989 -25.10051 -25.10666 -25.16362 -25.50484
 -25.17318 -25.17318 -25.17323 -25.17370 -25.17835 -25.22225 -25.51005
 -25.22171 -25.22171 -25.22175 -25.22214 -25.22602 -25.26298 -25.51832
C-------------------------------------------------------------------------------
C                                                                               
C  Low-level line power coefficients  - unfiltered                              
C                                                                               
C                                                                               
C                                                                               
C  CODE     : ADAS810                                                           
C  PRODUCER : Adam Foster                                                       
C  DATE     : 26/05/09                                                          
C                                                                               
C-------------------------------------------------------------------------------
