   74    7   14   42   42     /TUNGSTEN           /ADAS810-total           ADF11
 -------------------------------------------------------------------------------
  10.00000  11.00000  12.00000  13.00000  14.00000  15.00000  16.00000
   1.48287   1.65896   1.88081   2.18184   2.48287   2.88081   3.18184   3.35793
   3.48287   3.65896   3.88081   4.18184   4.48287   4.65896
 --------------------/ IGRD= 1  / IPRT= 0  /PLT     / Z1=42   / DATE= 15.05.09
 -27.12589 -27.12589 -27.12589 -27.12592 -27.12621 -27.12898 -27.14617
 -26.32893 -26.32893 -26.32893 -26.32893 -26.32886 -26.32826 -26.32469
 -25.64553 -25.64553 -25.64553 -25.64550 -25.64527 -25.64319 -25.63407
 -25.13565 -25.13565 -25.13565 -25.13563 -25.13545 -25.13407 -25.13025
 -24.90094 -24.90094 -24.90094 -24.90095 -24.90103 -24.90174 -24.90432
 -24.76258 -24.76258 -24.76259 -24.76261 -24.76290 -24.76517 -24.77156
 -24.70049 -24.70049 -24.70049 -24.70052 -24.70083 -24.70324 -24.71019
 -24.68354 -24.68354 -24.68354 -24.68357 -24.68386 -24.68618 -24.69310
 -24.67944 -24.67944 -24.67944 -24.67947 -24.67975 -24.68202 -24.68898
 -24.68465 -24.68465 -24.68465 -24.68467 -24.68493 -24.68702 -24.69383
 -24.70443 -24.70443 -24.70444 -24.70446 -24.70468 -24.70656 -24.71317
 -24.74831 -24.74831 -24.74831 -24.74833 -24.74851 -24.75008 -24.75627
 -24.80735 -24.80735 -24.80735 -24.80737 -24.80752 -24.80881 -24.81452
 -24.84728 -24.84728 -24.84728 -24.84729 -24.84742 -24.84856 -24.85394
C-------------------------------------------------------------------------------
C                                                                               
C  Low-level line power coefficients  - unfiltered                              
C                                                                               
C                                                                               
C                                                                               
C  CODE     : ADAS810                                                           
C  PRODUCER : Adam Foster                                                       
C  DATE     : 15/05/09                                                          
C                                                                               
C-------------------------------------------------------------------------------
