   74    7   14   23   23     /TUNGSTEN           /ADAS810-total           ADF11
 -------------------------------------------------------------------------------
  10.00000  11.00000  12.00000  13.00000  14.00000  15.00000  16.00000
   0.95982   1.13593   1.35776   1.65879   1.95982   2.35776   2.65879   2.83488
   2.95982   3.13593   3.35776   3.65879   3.95982   4.13593
 --------------------/ IGRD= 1  / IPRT= 0  /PLT     / Z1=23   / DATE= 15.05.09
 -28.86580 -28.84047 -28.73329 -28.73944 -29.46478 -30.43419 -31.43087
 -28.71769 -28.68752 -28.55870 -28.58774 -29.36381 -30.31853 -31.13770
 -28.50845 -28.47980 -28.35233 -28.39160 -28.91160 -29.11634 -29.14465
 -27.40104 -27.39650 -27.37277 -27.36419 -27.39193 -27.39650 -27.39699
 -26.59170 -26.58956 -26.58001 -26.57548 -26.57855 -26.57902 -26.57908
 -26.14514 -26.14373 -26.13966 -26.14001 -26.14114 -26.14129 -26.14132
 -26.01298 -26.01209 -26.01046 -26.01211 -26.01305 -26.01317 -26.01320
 -25.97285 -25.97220 -25.97152 -25.97358 -25.97449 -25.97460 -25.97463
 -25.95534 -25.95479 -25.95449 -25.95669 -25.95759 -25.95770 -25.95773
 -25.94151 -25.94117 -25.94147 -25.94392 -25.94483 -25.94494 -25.94497
 -25.94024 -25.94007 -25.94090 -25.94360 -25.94454 -25.94466 -25.94469
 -25.96182 -25.96181 -25.96304 -25.96599 -25.96703 -25.96716 -25.96719
 -26.00544 -26.00555 -26.00710 -26.01036 -26.01153 -26.01168 -26.01171
 -26.03916 -26.03926 -26.04079 -26.04414 -26.04540 -26.04558 -26.04560
C-------------------------------------------------------------------------------
C                                                                               
C  Low-level line power coefficients  - unfiltered                              
C                                                                               
C                                                                               
C                                                                               
C  CODE     : ADAS810                                                           
C  PRODUCER : Adam Foster                                                       
C  DATE     : 15/05/09                                                          
C                                                                               
C-------------------------------------------------------------------------------
