   74    7   14   30   30     /TUNGSTEN           /ADAS810-total           ADF11
 -------------------------------------------------------------------------------
  10.00000  11.00000  12.00000  13.00000  14.00000  15.00000  16.00000
   1.19061   1.36670   1.58855   1.88958   2.19061   2.58855   2.88958   3.06569
   3.19061   3.36670   3.58855   3.88958   4.19061   4.36670
 --------------------/ IGRD= 1  / IPRT= 0  /PLT     / Z1=30   / DATE= 15.05.09
 -30.46565 -30.46565 -30.46565 -30.46565 -30.46565 -30.46565 -30.46566
 -28.40633 -28.40633 -28.40633 -28.40633 -28.40633 -28.40633 -28.40634
 -26.73639 -26.73639 -26.73639 -26.73640 -26.73640 -26.73641 -26.73642
 -25.50109 -25.50110 -25.50112 -25.50132 -25.50251 -25.50455 -25.50573
 -24.90091 -24.90094 -24.90127 -24.90419 -24.91816 -24.93605 -24.94404
 -24.54541 -24.54557 -24.54718 -24.56015 -24.60255 -24.63619 -24.64884
 -24.44535 -24.44560 -24.44806 -24.46690 -24.51951 -24.55503 -24.56854
 -24.42586 -24.42613 -24.42882 -24.44910 -24.50368 -24.53927 -24.55281
 -24.42474 -24.42502 -24.42774 -24.44825 -24.50299 -24.53840 -24.55179
 -24.43538 -24.43565 -24.43830 -24.45834 -24.51214 -24.54717 -24.56022
 -24.46394 -24.46419 -24.46663 -24.48522 -24.53666 -24.57111 -24.58361
 -24.52141 -24.52162 -24.52366 -24.53957 -24.58665 -24.62031 -24.63205
 -24.59375 -24.59392 -24.59555 -24.60868 -24.65108 -24.68420 -24.69538
 -24.64183 -24.64197 -24.64338 -24.65497 -24.69463 -24.72752 -24.73852
C-------------------------------------------------------------------------------
C                                                                               
C  Low-level line power coefficients  - unfiltered                              
C                                                                               
C                                                                               
C                                                                               
C  CODE     : ADAS810                                                           
C  PRODUCER : Adam Foster                                                       
C  DATE     : 15/05/09                                                          
C                                                                               
C-------------------------------------------------------------------------------
