   74    7   14   25   25     /TUNGSTEN           /ADAS810-total           ADF11
 -------------------------------------------------------------------------------
  10.00000  11.00000  12.00000  13.00000  14.00000  15.00000  16.00000
   1.03226   1.20833   1.43019   1.73122   2.03226   2.43019   2.73122   2.90731
   3.03226   3.20833   3.43019   3.73122   4.03226   4.20833
 --------------------/ IGRD= 1  / IPRT= 0  /PLT     / Z1=25   / DATE= 15.05.09
 -28.10391 -28.11397 -28.20379 -28.63022 -29.48625 -30.46857 -31.46675
 -28.02491 -28.03386 -28.11685 -28.54096 -29.40355 -30.38683 -31.38244
 -27.95541 -27.96350 -28.04055 -28.45696 -29.26490 -29.89348 -30.08478
 -27.38215 -27.38351 -27.39769 -27.45880 -27.49744 -27.50296 -27.50069
 -26.23045 -26.22969 -26.22607 -26.22415 -26.22444 -26.22372 -26.21866
 -25.52447 -25.52373 -25.52138 -25.52010 -25.51990 -25.51964 -25.51808
 -25.32585 -25.32540 -25.32416 -25.32345 -25.32334 -25.32352 -25.32448
 -25.27090 -25.27058 -25.26967 -25.26908 -25.26900 -25.26933 -25.27125
 -25.24768 -25.24740 -25.24659 -25.24604 -25.24596 -25.24636 -25.24874
 -25.23061 -25.23037 -25.22965 -25.22909 -25.22900 -25.22945 -25.23226
 -25.22687 -25.22666 -25.22602 -25.22546 -25.22536 -25.22582 -25.22887
 -25.24576 -25.24565 -25.24517 -25.24461 -25.24449 -25.24491 -25.24792
 -25.28693 -25.28682 -25.28635 -25.28578 -25.28564 -25.28600 -25.28873
 -25.31946 -25.31936 -25.31891 -25.31832 -25.31816 -25.31847 -25.32099
C-------------------------------------------------------------------------------
C                                                                               
C  Low-level line power coefficients  - unfiltered                              
C                                                                               
C                                                                               
C                                                                               
C  CODE     : ADAS810                                                           
C  PRODUCER : Adam Foster                                                       
C  DATE     : 15/05/09                                                          
C                                                                               
C-------------------------------------------------------------------------------
