   74    7   14   66   66     /TUNGSTEN           /ADAS810-total           ADF11
 -------------------------------------------------------------------------------
  10.00000  11.00000  12.00000  13.00000  14.00000  15.00000  16.00000
   1.87546   2.05154   2.27339   2.57442   2.87546   3.27339   3.57442   3.75052
   3.87546   4.05154   4.27339   4.57442   4.87546   5.05154
 --------------------/ IGRD= 1  / IPRT= 0  /PLT     / Z1=66   / DATE= 15.05.09
 -35.33383 -35.33383 -35.33383 -35.33383 -35.33383 -35.33383 -35.33383
 -32.60141 -32.60141 -32.60141 -32.60141 -32.60141 -32.60141 -32.60141
 -30.18015 -30.18015 -30.18015 -30.18015 -30.18015 -30.18015 -30.18015
 -28.24638 -28.24638 -28.24638 -28.24638 -28.24638 -28.24638 -28.24638
 -27.31658 -27.31658 -27.31658 -27.31658 -27.31658 -27.31658 -27.31658
 -26.72088 -26.72088 -26.72088 -26.72088 -26.72088 -26.72088 -26.72088
 -26.16445 -26.16445 -26.16445 -26.16445 -26.16445 -26.16445 -26.16445
 -25.89882 -25.89882 -25.89882 -25.89882 -25.89882 -25.89882 -25.89882
 -25.76350 -25.76350 -25.76350 -25.76350 -25.76350 -25.76350 -25.76350
 -25.63560 -25.63560 -25.63560 -25.63560 -25.63560 -25.63560 -25.63560
 -25.55008 -25.55008 -25.55008 -25.55008 -25.55008 -25.55008 -25.55008
 -25.51310 -25.51310 -25.51310 -25.51310 -25.51310 -25.51310 -25.51310
 -25.52648 -25.52648 -25.52648 -25.52648 -25.52648 -25.52648 -25.52648
 -25.54830 -25.54830 -25.54830 -25.54830 -25.54830 -25.54830 -25.54830
C-------------------------------------------------------------------------------
C                                                                               
C  Low-level line power coefficients  - unfiltered                              
C                                                                               
C                                                                               
C                                                                               
C  CODE     : ADAS810                                                           
C  PRODUCER : Adam Foster                                                       
C  DATE     : 15/05/09                                                          
C                                                                               
C-------------------------------------------------------------------------------
