   74    7   14    2    2     /TUNGSTEN           /ADAS810-total           ADF11
 -------------------------------------------------------------------------------
  10.00000  11.00000  12.00000  13.00000  14.00000  15.00000  16.00000
  -1.16159  -0.98548  -0.76371  -0.46256  -0.16159   0.23629   0.53744   0.71349
   0.83841   1.01452   1.23629   1.53744   1.83841   2.01452
 --------------------/ IGRD= 1  / IPRT= 0  /PLT     / Z1= 2   / DATE= 27.05.12
 -54.97365 -54.97382 -54.97546 -54.99157 -55.12626 -55.68996 -56.60730
 -44.73103 -44.73117 -44.73250 -44.74556 -44.85811 -45.37341 -46.27332
 -36.51832 -36.51842 -36.51942 -36.52927 -36.61702 -37.06702 -37.93847
 -30.29362 -30.29368 -30.29433 -30.30081 -30.36078 -30.71832 -31.53645
 -27.14428 -27.14409 -27.14414 -27.14809 -27.18864 -27.46445 -28.21714
 -25.29254 -25.29130 -25.29008 -25.29340 -25.32976 -25.57077 -26.25832
 -24.74277 -24.74228 -24.74208 -24.74668 -24.79045 -25.05168 -25.72573
 -24.59035 -24.58983 -24.58958 -24.59454 -24.64140 -24.91357 -25.58856
 -24.52791 -24.52688 -24.52615 -24.53112 -24.57881 -24.85466 -25.53018
 -24.48187 -24.47968 -24.47788 -24.48256 -24.52974 -24.80512 -25.47948
 -24.46615 -24.46247 -24.45908 -24.46316 -24.50789 -24.77583 -25.44541
 -24.48410 -24.47929 -24.47398 -24.47707 -24.51704 -24.76790 -25.42578
 -24.52579 -24.52125 -24.51446 -24.51656 -24.55131 -24.78094 -25.42152
 -24.55766 -24.55388 -24.54643 -24.54795 -24.57963 -24.79560 -25.42330
C-------------------------------------------------------------------------------
C                                                                               
C  Low-level line power coefficients  - unfiltered                              
C                                                                               
C                                                                               
C                                                                               
C  CODE     : ADAS810                                                           
C  PRODUCER : Martin O'Mullane                                                  
C  DATE     : 27/05/12                                                          
C                                                                               
C-------------------------------------------------------------------------------
