   74    7   14   29   29     /TUNGSTEN           /ADAS810-total           ADF11
 -------------------------------------------------------------------------------
  10.00000  11.00000  12.00000  13.00000  14.00000  15.00000  16.00000
   1.16116   1.33726   1.55910   1.86013   2.16116   2.55910   2.86013   3.03623
   3.16116   3.33726   3.55910   3.86013   4.16116   4.33726
 --------------------/ IGRD= 1  / IPRT= 0  /PLT     / Z1=29   / DATE= 15.05.09
 -31.30030 -31.30030 -31.30030 -31.30030 -31.30030 -31.30030 -31.30031
 -28.91452 -28.91452 -28.91452 -28.91452 -28.91452 -28.91452 -28.91453
 -26.99877 -26.99877 -26.99878 -26.99880 -26.99883 -26.99884 -26.99884
 -25.61093 -25.61113 -25.61273 -25.61940 -25.62542 -25.62559 -25.62725
 -24.97409 -24.97908 -25.01504 -25.11299 -25.15638 -25.13293 -25.12851
 -24.64148 -24.66881 -24.81982 -25.02852 -25.07123 -25.01914 -24.99962
 -24.55270 -24.59494 -24.79655 -25.01336 -25.05022 -24.99688 -24.97060
 -24.53578 -24.58211 -24.79534 -25.01234 -25.04909 -24.99733 -24.96737
 -24.53520 -24.58265 -24.79901 -25.01630 -25.05392 -25.00374 -24.97115
 -24.54380 -24.59085 -24.80655 -25.02533 -25.06538 -25.01782 -24.98153
 -24.56769 -24.61197 -24.82095 -25.04280 -25.08729 -25.04367 -25.00280
 -24.61648 -24.65506 -24.84887 -25.07622 -25.12850 -25.09092 -25.04419
 -24.67922 -24.71138 -24.88587 -25.11901 -25.18089 -25.15002 -25.09804
 -24.72139 -24.74981 -24.91179 -25.14796 -25.21635 -25.18976 -25.13520
C-------------------------------------------------------------------------------
C                                                                               
C  Low-level line power coefficients  - unfiltered                              
C                                                                               
C                                                                               
C                                                                               
C  CODE     : ADAS810                                                           
C  PRODUCER : Adam Foster                                                       
C  DATE     : 15/05/09                                                          
C                                                                               
C-------------------------------------------------------------------------------
