   74    7   14   27   27     /TUNGSTEN           /ADAS810-total           ADF11
 -------------------------------------------------------------------------------
  10.00000  11.00000  12.00000  13.00000  14.00000  15.00000  16.00000
   1.09909   1.27520   1.49704   1.79807   2.09909   2.49704   2.79807   2.97416
   3.09909   3.27520   3.49704   3.79807   4.09909   4.27520
 --------------------/ IGRD= 1  / IPRT= 0  /PLT     / Z1=27   / DATE= 15.05.09
 -28.84673 -28.82501 -28.81783 -29.27148 -30.07631 -31.00450 -31.73517
 -28.70695 -28.68587 -28.67567 -29.02023 -29.36015 -29.45396 -29.46551
 -27.36423 -27.36249 -27.35918 -27.37343 -27.38294 -27.38477 -27.38498
 -25.83466 -25.83420 -25.83232 -25.83360 -25.83473 -25.83497 -25.83507
 -25.09208 -25.09045 -25.08711 -25.08697 -25.08785 -25.08883 -25.08999
 -24.69614 -24.68979 -24.68215 -24.68207 -24.68509 -24.68832 -24.69269
 -24.60244 -24.59409 -24.58390 -24.58396 -24.58808 -24.59242 -24.59842
 -24.58633 -24.57836 -24.56709 -24.56703 -24.57139 -24.57602 -24.58238
 -24.58601 -24.57895 -24.56696 -24.56671 -24.57110 -24.57581 -24.58223
 -24.59519 -24.59021 -24.57749 -24.57691 -24.58120 -24.58589 -24.59217
 -24.61967 -24.61808 -24.60436 -24.60318 -24.60718 -24.61170 -24.61759
 -24.66791 -24.67241 -24.65783 -24.65576 -24.65923 -24.66342 -24.66861
 -24.73041 -24.74177 -24.72674 -24.72372 -24.72661 -24.73043 -24.73492
 -24.77206 -24.78752 -24.77248 -24.76886 -24.77140 -24.77500 -24.77912
C-------------------------------------------------------------------------------
C                                                                               
C  Low-level line power coefficients  - unfiltered                              
C                                                                               
C                                                                               
C                                                                               
C  CODE     : ADAS810                                                           
C  PRODUCER : Adam Foster                                                       
C  DATE     : 15/05/09                                                          
C                                                                               
C-------------------------------------------------------------------------------
