   74    7   14   46   46     /TUNGSTEN           /ADAS810-total           ADF11
 -------------------------------------------------------------------------------
  10.00000  11.00000  12.00000  13.00000  14.00000  15.00000  16.00000
   1.56189   1.73798   1.95982   2.26086   2.56189   2.95982   3.26086   3.43694
   3.56189   3.73798   3.95982   4.26086   4.56189   4.73798
 --------------------/ IGRD= 1  / IPRT= 0  /PLT     / Z1=46   / DATE= 15.05.09
 -26.76178 -26.76178 -26.76178 -26.76178 -26.76178 -26.76178 -26.76181
 -26.18368 -26.18368 -26.18368 -26.18368 -26.18368 -26.18368 -26.18371
 -25.74688 -25.74688 -25.74688 -25.74688 -25.74688 -25.74688 -25.74691
 -25.45204 -25.45204 -25.45204 -25.45204 -25.45204 -25.45204 -25.45206
 -25.32585 -25.32585 -25.32585 -25.32585 -25.32585 -25.32585 -25.32587
 -25.09556 -25.09556 -25.09556 -25.09556 -25.09556 -25.09556 -25.09558
 -24.89278 -24.89278 -24.89278 -24.89278 -24.89278 -24.89278 -24.89281
 -24.81963 -24.81963 -24.81963 -24.81963 -24.81963 -24.81963 -24.81965
 -24.78745 -24.78745 -24.78745 -24.78745 -24.78745 -24.78745 -24.78747
 -24.76367 -24.76367 -24.76367 -24.76367 -24.76367 -24.76367 -24.76369
 -24.75976 -24.75976 -24.75976 -24.75976 -24.75976 -24.75976 -24.75978
 -24.78403 -24.78403 -24.78403 -24.78403 -24.78403 -24.78403 -24.78404
 -24.83095 -24.83095 -24.83095 -24.83095 -24.83095 -24.83095 -24.83096
 -24.86611 -24.86611 -24.86611 -24.86611 -24.86611 -24.86611 -24.86612
C-------------------------------------------------------------------------------
C                                                                               
C  Low-level line power coefficients  - unfiltered                              
C                                                                               
C                                                                               
C                                                                               
C  CODE     : ADAS810                                                           
C  PRODUCER : Adam Foster                                                       
C  DATE     : 15/05/09                                                          
C                                                                               
C-------------------------------------------------------------------------------
