   74    7   14   15   15     /TUNGSTEN           /ADAS810-total           ADF11
 -------------------------------------------------------------------------------
  10.00000  11.00000  12.00000  13.00000  14.00000  15.00000  16.00000
   0.58855   0.76465   0.98649   1.28753   1.58855   1.98649   2.28753   2.46361
   2.58855   2.76465   2.98649   3.28753   3.58855   3.76465
 --------------------/ IGRD= 1  / IPRT= 0  /PLT     / Z1=15   / DATE= 15.05.09
 -28.45462 -28.45889 -28.54956 -28.65147 -28.67941 -28.68367 -28.69303
 -27.28946 -27.29756 -27.31458 -27.32260 -27.32417 -27.32497 -27.33104
 -26.16048 -26.16737 -26.16972 -26.17017 -26.17031 -26.17082 -26.17551
 -25.28327 -25.28402 -25.28418 -25.28447 -25.28519 -25.28620 -25.29323
 -24.85016 -24.85021 -24.85057 -24.85259 -24.85616 -24.85830 -24.86919
 -24.59456 -24.59462 -24.59561 -24.60109 -24.60753 -24.61044 -24.62482
 -24.52111 -24.52120 -24.52250 -24.52933 -24.53652 -24.53956 -24.55455
 -24.51027 -24.51032 -24.51166 -24.51873 -24.52605 -24.52906 -24.54364
 -24.51309 -24.51316 -24.51449 -24.52152 -24.52883 -24.53179 -24.54582
 -24.52899 -24.52907 -24.53032 -24.53707 -24.54425 -24.54709 -24.56011
 -24.56425 -24.56432 -24.56540 -24.57155 -24.57844 -24.58111 -24.59266
 -24.62958 -24.62960 -24.63042 -24.63558 -24.64194 -24.64437 -24.65389
 -24.70901 -24.70904 -24.70961 -24.71380 -24.71964 -24.72187 -24.72954
 -24.76044 -24.76042 -24.76087 -24.76454 -24.77009 -24.77223 -24.77895
C-------------------------------------------------------------------------------
C                                                                               
C  Low-level line power coefficients  - unfiltered                              
C                                                                               
C                                                                               
C                                                                               
C  CODE     : ADAS810                                                           
C  PRODUCER : Adam Foster                                                       
C  DATE     : 15/05/09                                                          
C                                                                               
C-------------------------------------------------------------------------------
