   74    7   14   73   73     /TUNGSTEN           /ADAS810-total           ADF11
 -------------------------------------------------------------------------------
  10.00000  11.00000  12.00000  13.00000  14.00000  15.00000  16.00000
   1.96302   2.13909   2.36095   2.66198   2.96302   3.36095   3.66198   3.83807
   3.96302   4.13909   4.36095   4.66198   4.96302   5.13909
 --------------------/ IGRD= 1  / IPRT= 0  /PLT     / Z1=73   / DATE= 15.05.09
 -74.00000 -74.00000 -74.00000 -74.00000 -74.00000 -74.00000 -74.00000
 -74.00000 -74.00000 -74.00000 -74.00000 -74.00000 -74.00000 -74.00000
 -74.00000 -74.00000 -74.00000 -74.00000 -74.00000 -74.00000 -74.00000
 -74.00000 -74.00000 -74.00000 -74.00000 -74.00000 -74.00000 -74.00000
 -74.00000 -54.26967 -54.01250 -54.01010 -54.00818 -54.00794 -54.00787
 -37.20034 -37.20034 -37.20034 -37.20034 -37.20034 -37.20034 -37.20034
 -31.64992 -31.64992 -31.64992 -31.64992 -31.64992 -31.64992 -31.64992
 -29.82210 -29.82210 -29.82210 -29.82210 -29.82210 -29.82210 -29.82210
 -28.91754 -28.91754 -28.91754 -28.91754 -28.91754 -28.91754 -28.91754
 -28.02968 -28.02968 -28.02968 -28.02968 -28.02968 -28.02968 -28.02968
 -27.34689 -27.34689 -27.34689 -27.34689 -27.34689 -27.34689 -27.34689
 -26.88113 -26.88113 -26.88113 -26.88113 -26.88113 -26.88113 -26.88113
 -26.69328 -26.69328 -26.69328 -26.69328 -26.69328 -26.69328 -26.69328
 -26.64889 -26.64889 -26.64889 -26.64889 -26.64889 -26.64889 -26.64889
C-------------------------------------------------------------------------------
C                                                                               
C  Low-level line power coefficients  - unfiltered                              
C                                                                               
C                                                                               
C                                                                               
C  CODE     : ADAS810                                                           
C  PRODUCER : Adam Foster                                                       
C  DATE     : 15/05/09                                                          
C                                                                               
C-------------------------------------------------------------------------------
