   74    7   14   34   34     /TUNGSTEN           /ADAS810-total           ADF11
 -------------------------------------------------------------------------------
  10.00000  11.00000  12.00000  13.00000  14.00000  15.00000  16.00000
   1.29933   1.47542   1.69726   1.99830   2.29933   2.69726   2.99830   3.17438
   3.29933   3.47542   3.69726   3.99830   4.29933   4.47542
 --------------------/ IGRD= 1  / IPRT= 0  /PLT     / Z1=34   / DATE= 15.05.09
 -27.62577 -27.62742 -27.63699 -27.67484 -27.80652 -28.17221 -28.66440
 -27.14492 -27.14598 -27.15047 -27.16664 -27.21654 -27.31318 -27.36958
 -26.19349 -26.19728 -26.19464 -26.18639 -26.17188 -26.17014 -26.17316
 -25.67252 -25.68636 -25.65892 -25.57265 -25.40020 -25.33578 -25.32953
 -25.62052 -25.64216 -25.59059 -25.40479 -25.09174 -25.00954 -25.00177
 -25.66438 -25.70606 -25.64000 -25.38196 -24.99122 -24.90002 -24.89189
 -25.70207 -25.76792 -25.70211 -25.42930 -25.00742 -24.90627 -24.89724
 -25.72124 -25.80473 -25.74202 -25.46961 -25.03310 -24.92429 -24.91441
 -25.73404 -25.83160 -25.77214 -25.50303 -25.05726 -24.94204 -24.93140
 -25.75118 -25.87072 -25.81699 -25.55535 -25.09778 -24.97210 -24.96017
 -25.77010 -25.92090 -25.87618 -25.62760 -25.15798 -25.01685 -25.00298
 -25.79403 -25.99310 -25.96357 -25.73706 -25.25665 -25.08970 -25.07244
 -25.81530 -26.06830 -26.05741 -25.85545 -25.37197 -25.17349 -25.15182
 -25.82681 -26.11324 -26.11507 -25.92812 -25.44715 -25.22749 -25.20264
C-------------------------------------------------------------------------------
C                                                                               
C  Low-level line power coefficients  - unfiltered                              
C                                                                               
C                                                                               
C                                                                               
C  CODE     : ADAS810                                                           
C  PRODUCER : Adam Foster                                                       
C  DATE     : 15/05/09                                                          
C                                                                               
C-------------------------------------------------------------------------------
