   74    7   14   41   41     /TUNGSTEN           /ADAS810-total           ADF11
 -------------------------------------------------------------------------------
  10.00000  11.00000  12.00000  13.00000  14.00000  15.00000  16.00000
   1.46193   1.63803   1.85988   2.16092   2.46193   2.85988   3.16092   3.33700
   3.46193   3.63803   3.85988   4.16092   4.46193   4.63803
 --------------------/ IGRD= 1  / IPRT= 0  /PLT     / Z1=41   / DATE= 18.05.09
 -27.07293 -27.07293 -27.07293 -27.07293 -27.07293 -27.07293 -27.07296
 -26.19843 -26.19843 -26.19843 -26.19843 -26.19843 -26.19843 -26.19845
 -25.52194 -25.52194 -25.52194 -25.52194 -25.52194 -25.52194 -25.52196
 -25.04216 -25.04216 -25.04216 -25.04216 -25.04217 -25.04217 -25.04221
 -24.82549 -24.82549 -24.82549 -24.82549 -24.82549 -24.82549 -24.82554
 -24.69069 -24.69069 -24.69069 -24.69069 -24.69069 -24.69070 -24.69076
 -24.62156 -24.62156 -24.62156 -24.62156 -24.62156 -24.62157 -24.62163
 -24.59980 -24.59980 -24.59980 -24.59980 -24.59980 -24.59981 -24.59986
 -24.59255 -24.59255 -24.59255 -24.59255 -24.59255 -24.59256 -24.59261
 -24.59429 -24.59429 -24.59429 -24.59429 -24.59430 -24.59430 -24.59435
 -24.61227 -24.61227 -24.61227 -24.61227 -24.61227 -24.61227 -24.61231
 -24.65568 -24.65568 -24.65568 -24.65568 -24.65568 -24.65569 -24.65572
 -24.71560 -24.71560 -24.71560 -24.71560 -24.71560 -24.71560 -24.71563
 -24.75679 -24.75679 -24.75679 -24.75679 -24.75679 -24.75679 -24.75681
C-------------------------------------------------------------------------------
C                                                                               
C  Low-level line power coefficients  - unfiltered                              
C                                                                               
C                                                                               
C                                                                               
C  CODE     : ADAS810                                                           
C  PRODUCER : Adam Foster                                                       
C  DATE     : 18/05/09                                                          
C                                                                               
C-------------------------------------------------------------------------------
