   74    7   14   52   52     /TUNGSTEN           /ADAS810-total           ADF11
 -------------------------------------------------------------------------------
  10.00000  11.00000  12.00000  13.00000  14.00000  15.00000  16.00000
   1.66838   1.84446   2.06633   2.36734   2.66838   3.06633   3.36734   3.54343
   3.66838   3.84446   4.06633   4.36734   4.66838   4.84446
 --------------------/ IGRD= 1  / IPRT= 0  /PLT     / Z1=52   / DATE= 15.05.09
 -28.29314 -28.29314 -28.29315 -28.29316 -28.29336 -28.29528 -28.31293
 -27.65694 -27.65694 -27.65695 -27.65696 -27.65708 -27.65833 -27.66891
 -26.75783 -26.75783 -26.75783 -26.75784 -26.75794 -26.75888 -26.76455
 -26.01183 -26.01183 -26.01183 -26.01185 -26.01202 -26.01345 -26.01789
 -25.65408 -25.65408 -25.65408 -25.65411 -25.65439 -25.65669 -25.66456
 -25.37363 -25.37363 -25.37363 -25.37366 -25.37394 -25.37645 -25.38522
 -25.24316 -25.24316 -25.24316 -25.24319 -25.24348 -25.24602 -25.25445
 -25.20504 -25.20504 -25.20504 -25.20507 -25.20536 -25.20788 -25.21614
 -25.19087 -25.19087 -25.19087 -25.19090 -25.19120 -25.19374 -25.20200
 -25.18483 -25.18483 -25.18483 -25.18486 -25.18516 -25.18767 -25.19586
 -25.19432 -25.19432 -25.19432 -25.19435 -25.19462 -25.19692 -25.20476
 -25.22841 -25.22841 -25.22841 -25.22843 -25.22865 -25.23059 -25.23776
 -25.28019 -25.28019 -25.28019 -25.28021 -25.28040 -25.28206 -25.28873
 -25.31702 -25.31702 -25.31702 -25.31704 -25.31720 -25.31870 -25.32509
C-------------------------------------------------------------------------------
C                                                                               
C  Low-level line power coefficients  - unfiltered                              
C                                                                               
C                                                                               
C                                                                               
C  CODE     : ADAS810                                                           
C  PRODUCER : Adam Foster                                                       
C  DATE     : 15/05/09                                                          
C                                                                               
C-------------------------------------------------------------------------------
