   74    7   14   39   39     /TUNGSTEN           /ADAS810-total           ADF11
 -------------------------------------------------------------------------------
  10.00000  11.00000  12.00000  13.00000  14.00000  15.00000  16.00000
   1.41850   1.59459   1.81644   2.11747   2.41850   2.81644   3.11747   3.29356
   3.41850   3.59459   3.81644   4.11747   4.41850   4.59459
 --------------------/ IGRD= 1  / IPRT= 0  /PLT     / Z1=39   / DATE= 03.06.09
 -27.39717 -27.39717 -27.39717 -27.39717 -27.39717 -27.39717 -27.39719
 -26.46142 -26.46142 -26.46142 -26.46142 -26.46142 -26.46143 -26.46149
 -25.68958 -25.68958 -25.68958 -25.68958 -25.68961 -25.68990 -25.69128
 -25.10717 -25.10717 -25.10717 -25.10722 -25.10766 -25.11144 -25.12576
 -24.83712 -24.83712 -24.83713 -24.83729 -24.83879 -24.85099 -24.88892
 -24.67974 -24.67975 -24.67978 -24.68009 -24.68309 -24.70669 -24.77236
 -24.60303 -24.60303 -24.60307 -24.60344 -24.60707 -24.63561 -24.71573
 -24.57289 -24.57289 -24.57293 -24.57331 -24.57705 -24.60675 -24.69274
 -24.56196 -24.56196 -24.56200 -24.56238 -24.56611 -24.59592 -24.68484
 -24.55624 -24.55625 -24.55628 -24.55665 -24.56024 -24.58944 -24.68107
 -24.56670 -24.56671 -24.56674 -24.56708 -24.57039 -24.59786 -24.69061
 -24.60196 -24.60197 -24.60200 -24.60228 -24.60511 -24.62927 -24.72044
 -24.65567 -24.65567 -24.65569 -24.65593 -24.65826 -24.67874 -24.76560
 -24.69366 -24.69366 -24.69368 -24.69389 -24.69595 -24.71429 -24.79763
C-------------------------------------------------------------------------------
C                                                                               
C  Low-level line power coefficients  - unfiltered                              
C                                                                               
C                                                                               
C                                                                               
C  CODE     : ADAS810                                                           
C  PRODUCER : Adam Foster                                                       
C  DATE     : 03/06/09                                                          
C                                                                               
C-------------------------------------------------------------------------------
