   74    7   14   21   21     /TUNGSTEN           /ADAS810-total           ADF11
 -------------------------------------------------------------------------------
  10.00000  11.00000  12.00000  13.00000  14.00000  15.00000  16.00000
   0.88081   1.05690   1.27875   1.57978   1.88081   2.27875   2.57978   2.75587
   2.88081   3.05690   3.27875   3.57978   3.88081   4.05690
 --------------------/ IGRD= 1  / IPRT= 0  /PLT     / Z1=21   / DATE= 15.05.09
 -28.92755 -28.90792 -28.79749 -28.84355 -29.60259 -30.57646 -31.57384
 -28.76222 -28.73698 -28.59837 -28.67949 -29.49323 -30.47266 -31.45044
 -28.56143 -28.53464 -28.38814 -28.49604 -29.11112 -29.37816 -29.41820
 -26.91874 -26.91722 -26.91215 -26.93690 -26.95096 -26.95272 -26.95291
 -25.75243 -25.75560 -25.76288 -25.76813 -25.76919 -25.76930 -25.76932
 -25.12875 -25.13302 -25.13677 -25.13787 -25.13803 -25.13805 -25.13806
 -24.97013 -24.97389 -24.97645 -24.97701 -24.97707 -24.97708 -24.97710
 -24.93495 -24.93837 -24.94060 -24.94102 -24.94106 -24.94107 -24.94108
 -24.92487 -24.92812 -24.93017 -24.93053 -24.93056 -24.93057 -24.93058
 -24.92497 -24.92795 -24.92980 -24.93009 -24.93012 -24.93012 -24.93014
 -24.94288 -24.94551 -24.94719 -24.94742 -24.94744 -24.94744 -24.94746
 -24.98717 -24.98916 -24.99056 -24.99072 -24.99072 -24.99072 -24.99074
 -25.04892 -25.05040 -25.05157 -25.05167 -25.05166 -25.05166 -25.05167
 -25.09102 -25.09222 -25.09328 -25.09335 -25.09333 -25.09333 -25.09334
C-------------------------------------------------------------------------------
C                                                                               
C  Low-level line power coefficients  - unfiltered                              
C                                                                               
C                                                                               
C                                                                               
C  CODE     : ADAS810                                                           
C  PRODUCER : Adam Foster                                                       
C  DATE     : 15/05/09                                                          
C                                                                               
C-------------------------------------------------------------------------------
