   74    7   14   32   32     /TUNGSTEN           /ADAS810-total           ADF11
 -------------------------------------------------------------------------------
  10.00000  11.00000  12.00000  13.00000  14.00000  15.00000  16.00000
   1.24667   1.42275   1.64461   1.94564   2.24667   2.64461   2.94564   3.12172
   3.24667   3.42275   3.64461   3.94564   4.24667   4.42275
 --------------------/ IGRD= 1  / IPRT= 0  /PLT     / Z1=32   / DATE= 03.06.09
 -27.77160 -27.84252 -27.85664 -27.87478 -27.98811 -28.41687 -29.11825
 -27.45281 -27.49071 -27.49788 -27.50792 -27.56791 -27.73339 -27.84002
 -26.39287 -26.39632 -26.39703 -26.39879 -26.40793 -26.42619 -26.43383
 -25.39397 -25.39523 -25.39533 -25.39519 -25.39303 -25.39084 -25.39082
 -24.98311 -24.99033 -24.98980 -24.98155 -24.94744 -24.92728 -24.92620
 -24.83940 -24.86175 -24.85991 -24.83482 -24.75414 -24.72012 -24.72258
 -24.83255 -24.86907 -24.86750 -24.83484 -24.73414 -24.69346 -24.69844
 -24.84376 -24.88955 -24.88886 -24.85433 -24.74668 -24.70199 -24.70780
 -24.85387 -24.90671 -24.90696 -24.87201 -24.76112 -24.71353 -24.71966
 -24.87233 -24.93573 -24.93773 -24.90296 -24.78876 -24.73660 -24.74282
 -24.89762 -24.97529 -24.98022 -24.94713 -24.83191 -24.77378 -24.77960
 -24.93990 -25.03816 -25.04832 -25.01845 -24.90409 -24.83653 -24.84083
 -24.98951 -25.10860 -25.12570 -25.09999 -24.98973 -24.91176 -24.91348
 -25.02141 -25.15210 -25.17416 -25.15104 -25.04424 -24.95986 -24.95958
C-------------------------------------------------------------------------------
C                                                                               
C  Low-level line power coefficients  - unfiltered                              
C                                                                               
C                                                                               
C                                                                               
C  CODE     : ADAS810                                                           
C  PRODUCER : Adam Foster                                                       
C  DATE     : 03/06/09                                                          
C                                                                               
C-------------------------------------------------------------------------------
