   74    7   14   73   73     /TUNGSTEN           /ADAS810-total           ADF11
 -------------------------------------------------------------------------------
  10.00000  11.00000  12.00000  13.00000  14.00000  15.00000  16.00000
   1.96302   2.13909   2.36095   2.66198   2.96302   3.36095   3.66198   3.83807
   3.96302   4.13909   4.36095   4.66198   4.96302   5.13909
 --------------------/ IGRD= 1  / IPRT= 0  /PLT     / Z1=73   / DATE= 18.05.09
 -74.00000 -74.00000 -74.00000 -74.00000 -74.00000 -74.00000 -74.00000
 -74.00000 -74.00000 -74.00000 -74.00000 -74.00000 -74.00000 -74.00000
 -74.00000 -74.00000 -74.00000 -74.00000 -74.00000 -74.00000 -74.00000
 -74.00000 -74.00000 -74.00000 -74.00000 -74.00000 -74.00000 -74.00000
 -74.00000 -53.87192 -53.91768 -53.92744 -53.92694 -53.92709 -53.92708
 -37.15751 -37.15751 -37.15751 -37.15751 -37.15751 -37.15751 -37.15751
 -31.62830 -31.62830 -31.62830 -31.62830 -31.62830 -31.62830 -31.62830
 -29.80797 -29.80797 -29.80797 -29.80797 -29.80797 -29.80797 -29.80797
 -28.90800 -28.90800 -28.90800 -28.90800 -28.90800 -28.90800 -28.90800
 -28.02431 -28.02431 -28.02431 -28.02431 -28.02431 -28.02431 -28.02431
 -27.34431 -27.34431 -27.34431 -27.34431 -27.34431 -27.34431 -27.34431
 -26.88042 -26.88042 -26.88042 -26.88042 -26.88042 -26.88042 -26.88042
 -26.69436 -26.69436 -26.69436 -26.69436 -26.69436 -26.69436 -26.69436
 -26.64966 -26.64966 -26.64966 -26.64966 -26.64966 -26.64966 -26.64966
C-------------------------------------------------------------------------------
C                                                                               
C  Low-level line power coefficients  - unfiltered                              
C                                                                               
C                                                                               
C                                                                               
C  CODE     : ADAS810                                                           
C  PRODUCER : Adam Foster                                                       
C  DATE     : 18/05/09                                                          
C                                                                               
C-------------------------------------------------------------------------------
