   74    7   14   21   21     /TUNGSTEN           /ADAS810-total           ADF11
 -------------------------------------------------------------------------------
  10.00000  11.00000  12.00000  13.00000  14.00000  15.00000  16.00000
   0.88081   1.05690   1.27875   1.57978   1.88081   2.27875   2.57978   2.75587
   2.88081   3.05690   3.27875   3.57978   3.88081   4.05690
 --------------------/ IGRD= 1  / IPRT= 0  /PLT     / Z1=21   / DATE= 15.05.09
 -28.81274 -28.82390 -28.81099 -28.85060 -29.58171 -30.55345 -31.55065
 -28.68631 -28.69104 -28.64540 -28.69084 -29.47841 -30.45674 -31.43925
 -28.51799 -28.51946 -28.45586 -28.51212 -29.13880 -29.44513 -29.49406
 -26.91014 -26.91220 -26.91713 -26.96394 -26.98831 -26.99126 -26.99157
 -25.77561 -25.77043 -25.77214 -25.78257 -25.78475 -25.78499 -25.78502
 -25.20722 -25.17006 -25.14270 -25.14141 -25.14142 -25.14143 -25.14144
 -25.07539 -25.02124 -24.98080 -24.97750 -24.97725 -24.97723 -24.97724
 -25.04737 -24.99081 -24.94477 -24.94070 -24.94036 -24.94033 -24.94034
 -25.03901 -24.98377 -24.93438 -24.92983 -24.92945 -24.92941 -24.92942
 -25.03807 -24.98782 -24.93431 -24.92913 -24.92868 -24.92864 -24.92865
 -25.05032 -25.01030 -24.95223 -24.94622 -24.94569 -24.94564 -24.94565
 -25.08203 -25.05975 -24.99670 -24.98942 -24.98877 -24.98871 -24.98871
 -25.12951 -25.12620 -25.05930 -25.05044 -25.04965 -25.04957 -25.04957
 -25.16288 -25.17045 -25.10214 -25.09218 -25.09128 -25.09120 -25.09120
C-------------------------------------------------------------------------------
C                                                                               
C  Low-level line power coefficients  - unfiltered                              
C                                                                               
C                                                                               
C                                                                               
C  CODE     : ADAS810                                                           
C  PRODUCER : Adam Foster                                                       
C  DATE     : 15/05/09                                                          
C                                                                               
C-------------------------------------------------------------------------------
