   74    7   14   13   13     /TUNGSTEN           /ADAS810-total           ADF11
 -------------------------------------------------------------------------------
  10.00000  11.00000  12.00000  13.00000  14.00000  15.00000  16.00000
   0.46425   0.64035   0.86220   1.16322   1.46425   1.86220   2.16322   2.33931
   2.46425   2.64035   2.86220   3.16322   3.46425   3.64035
 --------------------/ IGRD= 1  / IPRT= 0  /PLT     / Z1=13   / DATE= 15.05.09
 -27.69863 -27.71550 -27.85563 -28.42898 -29.34934 -30.34039 -31.33826
 -27.12531 -27.14016 -27.26522 -27.80489 -28.70833 -29.65231 -30.35127
 -26.69066 -26.70403 -26.81650 -27.29113 -27.88034 -28.08154 -28.10954
 -26.18388 -26.18899 -26.22661 -26.32185 -26.36289 -26.36849 -26.36968
 -25.57475 -25.57468 -25.57254 -25.56689 -25.56480 -25.56458 -25.56498
 -25.06956 -25.06936 -25.06741 -25.06370 -25.06252 -25.06241 -25.06276
 -24.87510 -24.87508 -24.87515 -24.87555 -24.87571 -24.87577 -24.87621
 -24.81376 -24.81383 -24.81464 -24.81651 -24.81715 -24.81728 -24.81776
 -24.78733 -24.78734 -24.78838 -24.79088 -24.79175 -24.79191 -24.79241
 -24.76734 -24.76729 -24.76854 -24.77172 -24.77288 -24.77307 -24.77359
 -24.76238 -24.76238 -24.76390 -24.76789 -24.76942 -24.76966 -24.77019
 -24.78154 -24.78147 -24.78302 -24.78770 -24.78971 -24.79002 -24.79053
 -24.82236 -24.82222 -24.82363 -24.82865 -24.83112 -24.83151 -24.83197
 -24.85410 -24.85398 -24.85529 -24.86044 -24.86320 -24.86364 -24.86408
C-------------------------------------------------------------------------------
C                                                                               
C  Low-level line power coefficients  - unfiltered                              
C                                                                               
C                                                                               
C                                                                               
C  CODE     : ADAS810                                                           
C  PRODUCER : Adam Foster                                                       
C  DATE     : 15/05/09                                                          
C                                                                               
C-------------------------------------------------------------------------------
