   74    7   14   23   23     /TUNGSTEN           /ADAS810-total           ADF11
 -------------------------------------------------------------------------------
  10.00000  11.00000  12.00000  13.00000  14.00000  15.00000  16.00000
   0.95982   1.13593   1.35776   1.65879   1.95982   2.35776   2.65879   2.83488
   2.95982   3.13593   3.35776   3.65879   3.95982   4.13593
 --------------------/ IGRD= 1  / IPRT= 0  /PLT     / Z1=23   / DATE= 18.05.09
 -31.45375 -31.45376 -31.45380 -31.45429 -31.45910 -31.50432 -31.79560
 -29.57954 -29.57954 -29.57957 -29.57986 -29.58274 -29.60933 -29.75796
 -27.87950 -27.87950 -27.87948 -27.87928 -27.87734 -27.86149 -27.81258
 -26.19316 -26.19315 -26.19312 -26.19283 -26.19008 -26.17283 -26.14692
 -25.25215 -25.25215 -25.25215 -25.25212 -25.25181 -25.25031 -25.24886
 -24.65667 -24.65667 -24.65672 -24.65726 -24.66196 -24.68210 -24.69774
 -24.46720 -24.46721 -24.46730 -24.46816 -24.47569 -24.50759 -24.53197
 -24.41526 -24.41527 -24.41536 -24.41632 -24.42471 -24.46087 -24.48925
 -24.39577 -24.39578 -24.39588 -24.39686 -24.40553 -24.44364 -24.47447
 -24.38558 -24.38559 -24.38569 -24.38667 -24.39541 -24.43534 -24.46957
 -24.39241 -24.39242 -24.39252 -24.39345 -24.40190 -24.44270 -24.48087
 -24.42779 -24.42780 -24.42788 -24.42871 -24.43633 -24.47646 -24.51976
 -24.48252 -24.48253 -24.48260 -24.48331 -24.48992 -24.52797 -24.57632
 -24.52227 -24.52228 -24.52235 -24.52298 -24.52898 -24.56532 -24.61649
C-------------------------------------------------------------------------------
C                                                                               
C  Low-level line power coefficients  - unfiltered                              
C                                                                               
C                                                                               
C                                                                               
C  CODE     : ADAS810                                                           
C  PRODUCER : Adam Foster                                                       
C  DATE     : 18/05/09                                                          
C                                                                               
C-------------------------------------------------------------------------------
