   74    7   14   20   20     /TUNGSTEN           /ADAS810-total           ADF11
 -------------------------------------------------------------------------------
  10.00000  11.00000  12.00000  13.00000  14.00000  15.00000  16.00000
   0.83843   1.01452   1.23636   1.53740   1.83843   2.23636   2.53740   2.71349
   2.83843   3.01452   3.23636   3.53740   3.83843   4.01452
 --------------------/ IGRD= 1  / IPRT= 0  /PLT     / Z1=20   / DATE= 18.05.09
 -34.33099 -34.33099 -34.33099 -34.33099 -34.33099 -34.33099 -34.33102
 -31.24950 -31.24950 -31.24950 -31.24950 -31.24950 -31.24950 -31.24953
 -28.77223 -28.77223 -28.77223 -28.77223 -28.77223 -28.77223 -28.77224
 -26.71692 -26.71692 -26.71692 -26.71692 -26.71692 -26.71692 -26.71690
 -25.52205 -25.52205 -25.52205 -25.52205 -25.52205 -25.52204 -25.52203
 -24.74619 -24.74619 -24.74619 -24.74619 -24.74619 -24.74620 -24.74631
 -24.49533 -24.49533 -24.49533 -24.49533 -24.49533 -24.49535 -24.49558
 -24.42299 -24.42299 -24.42299 -24.42299 -24.42299 -24.42302 -24.42330
 -24.39206 -24.39206 -24.39206 -24.39206 -24.39206 -24.39209 -24.39239
 -24.37082 -24.37082 -24.37082 -24.37082 -24.37082 -24.37085 -24.37117
 -24.36795 -24.36795 -24.36795 -24.36795 -24.36796 -24.36799 -24.36831
 -24.39336 -24.39336 -24.39336 -24.39336 -24.39336 -24.39339 -24.39369
 -24.44157 -24.44157 -24.44157 -24.44157 -24.44158 -24.44160 -24.44187
 -24.47742 -24.47742 -24.47742 -24.47742 -24.47742 -24.47745 -24.47769
C-------------------------------------------------------------------------------
C                                                                               
C  Low-level line power coefficients  - unfiltered                              
C                                                                               
C                                                                               
C                                                                               
C  CODE     : ADAS810                                                           
C  PRODUCER : Adam Foster                                                       
C  DATE     : 18/05/09                                                          
C                                                                               
C-------------------------------------------------------------------------------
