   74    7   14   52   52     /TUNGSTEN           /ADAS810-total           ADF11
 -------------------------------------------------------------------------------
  10.00000  11.00000  12.00000  13.00000  14.00000  15.00000  16.00000
   1.66838   1.84446   2.06633   2.36734   2.66838   3.06633   3.36734   3.54343
   3.66838   3.84446   4.06633   4.36734   4.66838   4.84446
 --------------------/ IGRD= 1  / IPRT= 0  /PLT     / Z1=52   / DATE= 15.05.09
 -29.20716 -29.20716 -29.20716 -29.20716 -29.20716 -29.20716 -29.20716
 -27.81436 -27.81436 -27.81436 -27.81436 -27.81436 -27.81436 -27.81436
 -26.73764 -26.73764 -26.73764 -26.73764 -26.73764 -26.73764 -26.73764
 -25.98999 -25.98999 -25.98999 -25.98999 -25.98999 -25.98999 -25.98999
 -25.65706 -25.65706 -25.65706 -25.65706 -25.65706 -25.65706 -25.65706
 -25.39314 -25.39314 -25.39314 -25.39314 -25.39314 -25.39314 -25.39314
 -25.26749 -25.26749 -25.26749 -25.26749 -25.26749 -25.26749 -25.26749
 -25.22996 -25.22996 -25.22996 -25.22996 -25.22996 -25.22996 -25.22996
 -25.21613 -25.21613 -25.21613 -25.21613 -25.21613 -25.21613 -25.21613
 -25.21054 -25.21054 -25.21054 -25.21054 -25.21054 -25.21054 -25.21054
 -25.21982 -25.21982 -25.21982 -25.21982 -25.21982 -25.21982 -25.21982
 -25.25240 -25.25240 -25.25240 -25.25240 -25.25240 -25.25240 -25.25240
 -25.30425 -25.30425 -25.30425 -25.30425 -25.30425 -25.30425 -25.30425
 -25.34028 -25.34028 -25.34028 -25.34028 -25.34028 -25.34028 -25.34029
C-------------------------------------------------------------------------------
C                                                                               
C  Low-level line power coefficients  - unfiltered                              
C                                                                               
C                                                                               
C                                                                               
C  CODE     : ADAS810                                                           
C  PRODUCER : Adam Foster                                                       
C  DATE     : 15/05/09                                                          
C                                                                               
C-------------------------------------------------------------------------------
