   74    7   14   50   50     /TUNGSTEN           /ADAS810-total           ADF11
 -------------------------------------------------------------------------------
  10.00000  11.00000  12.00000  13.00000  14.00000  15.00000  16.00000
   1.63431   1.81040   2.03226   2.33329   2.63431   3.03226   3.33329   3.50938
   3.63431   3.81040   4.03226   4.33329   4.63431   4.81040
 --------------------/ IGRD= 1  / IPRT= 0  /PLT     / Z1=50   / DATE= 15.05.09
 -28.38954 -28.38955 -28.38955 -28.38961 -28.39023 -28.39623 -28.44570
 -27.83097 -27.83097 -27.83098 -27.83104 -27.83171 -27.83812 -27.88555
 -26.95575 -26.95575 -26.95576 -26.95586 -26.95688 -26.96613 -27.01405
 -26.22865 -26.22865 -26.22867 -26.22884 -26.23051 -26.24289 -26.27219
 -25.86112 -25.86112 -25.86113 -25.86121 -25.86199 -25.86667 -25.87449
 -25.45919 -25.45919 -25.45918 -25.45912 -25.45855 -25.45598 -25.45497
 -25.25533 -25.25533 -25.25532 -25.25526 -25.25472 -25.25249 -25.25182
 -25.19226 -25.19226 -25.19225 -25.19220 -25.19175 -25.18992 -25.18962
 -25.16598 -25.16598 -25.16597 -25.16593 -25.16552 -25.16387 -25.16371
 -25.14713 -25.14713 -25.14713 -25.14709 -25.14677 -25.14548 -25.14552
 -25.14429 -25.14429 -25.14429 -25.14426 -25.14404 -25.14314 -25.14341
 -25.16661 -25.16661 -25.16661 -25.16659 -25.16642 -25.16571 -25.16601
 -25.20925 -25.20925 -25.20925 -25.20924 -25.20916 -25.20880 -25.20925
 -25.24263 -25.24262 -25.24262 -25.24261 -25.24252 -25.24206 -25.24236
C-------------------------------------------------------------------------------
C                                                                               
C  Low-level line power coefficients  - unfiltered                              
C                                                                               
C                                                                               
C                                                                               
C  CODE     : ADAS810                                                           
C  PRODUCER : Adam Foster                                                       
C  DATE     : 15/05/09                                                          
C                                                                               
C-------------------------------------------------------------------------------
