   74    7   14   20   20     /TUNGSTEN           /ADAS810-total           ADF11
 -------------------------------------------------------------------------------
  10.00000  11.00000  12.00000  13.00000  14.00000  15.00000  16.00000
   0.83843   1.01452   1.23636   1.53740   1.83843   2.23636   2.53740   2.71349
   2.83843   3.01452   3.23636   3.53740   3.83843   4.01452
 --------------------/ IGRD= 1  / IPRT= 0  /PLT     / Z1=20   / DATE= 15.05.09
 -28.47615 -28.43745 -28.48470 -28.85015 -29.71095 -30.69580 -31.69427
 -28.36976 -28.31501 -28.33824 -28.71691 -29.60157 -30.58937 -31.58516
 -28.26361 -28.20249 -28.20712 -28.59048 -29.39413 -29.90586 -30.01973
 -27.17903 -27.17522 -27.18529 -27.25334 -27.28479 -27.28870 -27.28911
 -25.92764 -25.93094 -25.94391 -25.95930 -25.96237 -25.96270 -25.96275
 -25.23699 -25.23926 -25.24419 -25.24659 -25.24694 -25.24698 -25.24700
 -25.05579 -25.05679 -25.05860 -25.05934 -25.05945 -25.05946 -25.05947
 -25.01333 -25.01375 -25.01452 -25.01484 -25.01488 -25.01489 -25.01490
 -24.99976 -24.99980 -25.00010 -25.00025 -25.00027 -25.00028 -25.00029
 -24.99640 -24.99614 -24.99590 -24.99584 -24.99583 -24.99583 -24.99584
 -25.01037 -25.00988 -25.00918 -25.00892 -25.00888 -25.00888 -25.00889
 -25.05178 -25.05093 -25.04964 -25.04914 -25.04907 -25.04906 -25.04907
 -25.11102 -25.11005 -25.10843 -25.10770 -25.10759 -25.10758 -25.10759
 -25.15230 -25.15123 -25.14939 -25.14851 -25.14837 -25.14836 -25.14836
C-------------------------------------------------------------------------------
C                                                                               
C  Low-level line power coefficients  - unfiltered                              
C                                                                               
C                                                                               
C                                                                               
C  CODE     : ADAS810                                                           
C  PRODUCER : Adam Foster                                                       
C  DATE     : 15/05/09                                                          
C                                                                               
C-------------------------------------------------------------------------------
