   74    7   14   19   19     /TUNGSTEN           /ADAS810-total           ADF11
 -------------------------------------------------------------------------------
  10.00000  11.00000  12.00000  13.00000  14.00000  15.00000  16.00000
   0.79387   0.96997   1.19181   1.49284   1.79387   2.19181   2.49284   2.66894
   2.79387   2.96997   3.19181   3.49284   3.79387   3.96997
 --------------------/ IGRD= 1  / IPRT= 0  /PLT     / Z1=19   / DATE= 15.05.09
 -39.64643 -39.64643 -39.64643 -39.64643 -39.64643 -39.64643 -39.64645
 -34.54346 -34.54346 -34.54346 -34.54346 -34.54346 -34.54346 -34.54348
 -30.50107 -30.50107 -30.50107 -30.50107 -30.50107 -30.50107 -30.50108
 -27.53374 -27.53374 -27.53374 -27.53374 -27.53374 -27.53374 -27.53375
 -26.11571 -26.11571 -26.11571 -26.11571 -26.11571 -26.11571 -26.11572
 -25.33539 -25.33539 -25.33539 -25.33539 -25.33539 -25.33539 -25.33540
 -25.11790 -25.11790 -25.11790 -25.11790 -25.11790 -25.11790 -25.11791
 -25.06349 -25.06349 -25.06349 -25.06349 -25.06349 -25.06349 -25.06350
 -25.04347 -25.04347 -25.04347 -25.04347 -25.04347 -25.04347 -25.04348
 -25.03678 -25.03678 -25.03678 -25.03678 -25.03678 -25.03678 -25.03679
 -25.04872 -25.04872 -25.04872 -25.04872 -25.04872 -25.04873 -25.04873
 -25.09398 -25.09398 -25.09398 -25.09398 -25.09398 -25.09398 -25.09398
 -25.15557 -25.15557 -25.15557 -25.15557 -25.15557 -25.15557 -25.15557
 -25.19980 -25.19980 -25.19980 -25.19980 -25.19980 -25.19980 -25.19981
C-------------------------------------------------------------------------------
C                                                                               
C  Low-level line power coefficients  - unfiltered                              
C                                                                               
C                                                                               
C                                                                               
C  CODE     : ADAS810                                                           
C  PRODUCER : Adam Foster                                                       
C  DATE     : 15/05/09                                                          
C                                                                               
C-------------------------------------------------------------------------------
