   74    7   14   48   48     /TUNGSTEN           /ADAS810-total           ADF11
 -------------------------------------------------------------------------------
  10.00000  11.00000  12.00000  13.00000  14.00000  15.00000  16.00000
   1.59886   1.77494   1.99679   2.29783   2.59886   2.99679   3.29783   3.47391
   3.59886   3.77494   3.99679   4.29783   4.59886   4.77494
 --------------------/ IGRD= 1  / IPRT= 0  /PLT     / Z1=48   / DATE= 03.06.09
 -29.19406 -29.19406 -29.19406 -29.19407 -29.19414 -29.19491 -29.20250
 -28.59773 -28.59773 -28.59773 -28.59773 -28.59776 -28.59810 -28.60137
 -27.57603 -27.57603 -27.57603 -27.57603 -27.57605 -27.57623 -27.57798
 -26.76002 -26.76002 -26.76002 -26.76003 -26.76005 -26.76030 -26.76265
 -26.27603 -26.27609 -26.27610 -26.27610 -26.27612 -26.27628 -26.27779
 -25.46356 -25.46976 -25.47057 -25.47065 -25.47065 -25.47052 -25.46939
 -25.15627 -25.18482 -25.18878 -25.18918 -25.18915 -25.18834 -25.18205
 -25.08349 -25.13063 -25.13744 -25.13814 -25.13808 -25.13672 -25.12661
 -25.05692 -25.11797 -25.12710 -25.12804 -25.12797 -25.12625 -25.11376
 -25.03880 -25.11941 -25.13214 -25.13347 -25.13340 -25.13131 -25.11631
 -25.03331 -25.13754 -25.15546 -25.15737 -25.15732 -25.15499 -25.13811
 -25.04129 -25.17463 -25.20106 -25.20395 -25.20400 -25.20163 -25.18398
 -25.06254 -25.22019 -25.25731 -25.26153 -25.26173 -25.25954 -25.24249
 -25.08095 -25.24994 -25.29454 -25.29975 -25.30007 -25.29804 -25.28172
C-------------------------------------------------------------------------------
C                                                                               
C  Low-level line power coefficients  - unfiltered                              
C                                                                               
C                                                                               
C                                                                               
C  CODE     : ADAS810                                                           
C  PRODUCER : Adam Foster                                                       
C  DATE     : 03/06/09                                                          
C                                                                               
C-------------------------------------------------------------------------------
