   74    7   14   44   44     /TUNGSTEN           /ADAS810-total           ADF11
 -------------------------------------------------------------------------------
  10.00000  11.00000  12.00000  13.00000  14.00000  15.00000  16.00000
   1.52328   1.69937   1.92121   2.22225   2.52328   2.92121   3.22225   3.39834
   3.52328   3.69937   3.92121   4.22225   4.52328   4.69937
 --------------------/ IGRD= 1  / IPRT= 0  /PLT     / Z1=44   / DATE= 15.05.09
 -26.60503 -26.60503 -26.60503 -26.60503 -26.60503 -26.60503 -26.60507
 -25.95872 -25.95872 -25.95872 -25.95872 -25.95872 -25.95873 -25.95876
 -25.46084 -25.46084 -25.46084 -25.46084 -25.46084 -25.46085 -25.46088
 -25.11418 -25.11418 -25.11418 -25.11418 -25.11418 -25.11419 -25.11422
 -24.96581 -24.96581 -24.96581 -24.96581 -24.96581 -24.96582 -24.96586
 -24.85201 -24.85201 -24.85201 -24.85201 -24.85201 -24.85201 -24.85206
 -24.77022 -24.77022 -24.77022 -24.77022 -24.77022 -24.77023 -24.77029
 -24.74063 -24.74063 -24.74063 -24.74063 -24.74063 -24.74064 -24.74071
 -24.73102 -24.73102 -24.73102 -24.73102 -24.73103 -24.73103 -24.73110
 -24.72856 -24.72856 -24.72856 -24.72856 -24.72856 -24.72857 -24.72864
 -24.74212 -24.74212 -24.74212 -24.74212 -24.74212 -24.74213 -24.74220
 -24.78190 -24.78190 -24.78190 -24.78190 -24.78190 -24.78191 -24.78197
 -24.83803 -24.83803 -24.83803 -24.83803 -24.83803 -24.83803 -24.83808
 -24.87815 -24.87815 -24.87815 -24.87815 -24.87815 -24.87816 -24.87820
C-------------------------------------------------------------------------------
C                                                                               
C  Low-level line power coefficients  - unfiltered                              
C                                                                               
C                                                                               
C                                                                               
C  CODE     : ADAS810                                                           
C  PRODUCER : Adam Foster                                                       
C  DATE     : 15/05/09                                                          
C                                                                               
C-------------------------------------------------------------------------------
