   74    7   14   53   53     /TUNGSTEN           /ADAS810-total           ADF11
 -------------------------------------------------------------------------------
  10.00000  11.00000  12.00000  13.00000  14.00000  15.00000  16.00000
   1.68492   1.86101   2.08286   2.38389   2.68492   3.08286   3.38389   3.55998
   3.68492   3.86101   4.08286   4.38389   4.68492   4.86101
 --------------------/ IGRD= 1  / IPRT= 0  /PLT     / Z1=53   / DATE= 15.05.09
 -28.87060 -28.87060 -28.87060 -28.87060 -28.87060 -28.87060 -28.87060
 -27.56839 -27.56839 -27.56839 -27.56839 -27.56839 -27.56839 -27.56839
 -26.56499 -26.56499 -26.56499 -26.56499 -26.56499 -26.56499 -26.56500
 -25.87164 -25.87164 -25.87164 -25.87164 -25.87164 -25.87164 -25.87164
 -25.57181 -25.57181 -25.57181 -25.57181 -25.57181 -25.57181 -25.57182
 -25.34956 -25.34956 -25.34956 -25.34956 -25.34956 -25.34956 -25.34956
 -25.23916 -25.23916 -25.23916 -25.23916 -25.23916 -25.23916 -25.23916
 -25.20566 -25.20566 -25.20566 -25.20566 -25.20566 -25.20566 -25.20566
 -25.19472 -25.19472 -25.19472 -25.19472 -25.19472 -25.19472 -25.19472
 -25.19197 -25.19197 -25.19197 -25.19197 -25.19197 -25.19197 -25.19197
 -25.20408 -25.20408 -25.20408 -25.20408 -25.20408 -25.20408 -25.20408
 -25.24313 -25.24313 -25.24313 -25.24313 -25.24313 -25.24313 -25.24313
 -25.29856 -25.29856 -25.29856 -25.29856 -25.29856 -25.29856 -25.29856
 -25.33809 -25.33809 -25.33809 -25.33809 -25.33809 -25.33810 -25.33810
C-------------------------------------------------------------------------------
C                                                                               
C  Low-level line power coefficients  - unfiltered                              
C                                                                               
C                                                                               
C                                                                               
C  CODE     : ADAS810                                                           
C  PRODUCER : Adam Foster                                                       
C  DATE     : 15/05/09                                                          
C                                                                               
C-------------------------------------------------------------------------------
