   74    7   14    8    8     /TUNGSTEN           /ADAS810-total           ADF11
 -------------------------------------------------------------------------------
  10.00000  11.00000  12.00000  13.00000  14.00000  15.00000  16.00000
   0.04254   0.21864   0.44048   0.74152   1.04254   1.44048   1.74152   1.91761
   2.04254   2.21864   2.44048   2.74152   3.04254   3.21864
 --------------------/ IGRD= 1  / IPRT= 0  /PLT     / Z1= 8   / DATE= 15.05.09
 -29.76984 -29.79589 -29.99517 -30.66540 -31.61299 -32.60739 -33.60682
 -29.55362 -29.57860 -29.77145 -30.43284 -31.37827 -32.37241 -33.37174
 -29.38625 -29.41094 -29.60182 -30.25562 -31.14793 -31.81140 -32.01141
 -28.09325 -28.09506 -28.10595 -28.12090 -28.12456 -28.12506 -28.12602
 -26.05149 -26.05151 -26.05154 -26.05156 -26.05156 -26.05160 -26.05214
 -24.84786 -24.84029 -24.83565 -24.83704 -24.84012 -24.84725 -24.87352
 -24.61576 -24.59015 -24.58360 -24.58770 -24.59426 -24.61015 -24.66022
 -24.60086 -24.57165 -24.56525 -24.56969 -24.57643 -24.59328 -24.64383
 -24.61057 -24.58198 -24.57574 -24.58001 -24.58639 -24.60266 -24.65037
 -24.63545 -24.61013 -24.60401 -24.60782 -24.61348 -24.62826 -24.67068
 -24.67203 -24.65317 -24.64701 -24.65022 -24.65504 -24.66782 -24.70400
 -24.72163 -24.71522 -24.70901 -24.71160 -24.71560 -24.72616 -24.75596
 -24.77045 -24.78082 -24.77462 -24.77675 -24.78026 -24.78917 -24.81458
 -24.79953 -24.82216 -24.81608 -24.81798 -24.82129 -24.82940 -24.85279
C-------------------------------------------------------------------------------
C                                                                               
C  Low-level line power coefficients  - unfiltered                              
C                                                                               
C                                                                               
C                                                                               
C  CODE     : ADAS810                                                           
C  PRODUCER : Adam Foster                                                       
C  DATE     : 15/05/09                                                          
C                                                                               
C-------------------------------------------------------------------------------
