   74    7   14   33   33     /TUNGSTEN           /ADAS810-total           ADF11
 -------------------------------------------------------------------------------
  10.00000  11.00000  12.00000  13.00000  14.00000  15.00000  16.00000
   1.27339   1.44949   1.67134   1.97237   2.27339   2.67134   2.97237   3.14845
   3.27339   3.44949   3.67134   3.97237   4.27339   4.44949
 --------------------/ IGRD= 1  / IPRT= 0  /PLT     / Z1=33   / DATE= 26.05.09
 -27.86767 -27.86768 -27.86788 -27.87106 -27.94454 -28.38158 -28.88399
 -27.34235 -27.34234 -27.34219 -27.34136 -27.35701 -27.43199 -27.46467
 -26.22155 -26.22166 -26.22152 -26.22005 -26.21400 -26.20867 -26.20726
 -25.31636 -25.31780 -25.31715 -25.31151 -25.30198 -25.29939 -25.29912
 -24.92488 -24.93002 -24.92634 -24.90716 -24.89376 -24.89252 -24.89319
 -24.75263 -24.76575 -24.75672 -24.71946 -24.70191 -24.70188 -24.70462
 -24.72909 -24.74990 -24.73929 -24.69389 -24.67333 -24.67370 -24.67761
 -24.73398 -24.75978 -24.74942 -24.70139 -24.67908 -24.67946 -24.68381
 -24.74345 -24.77295 -24.76318 -24.71383 -24.69015 -24.69044 -24.69500
 -24.76210 -24.79697 -24.78853 -24.73816 -24.71249 -24.71254 -24.71731
 -24.79273 -24.83448 -24.82845 -24.77800 -24.74962 -24.74923 -24.75410
 -24.84574 -24.89651 -24.89475 -24.84555 -24.81312 -24.81185 -24.81666
 -24.90965 -24.96835 -24.97191 -24.92543 -24.88854 -24.88611 -24.89068
 -24.95141 -25.01389 -25.02107 -24.97680 -24.93719 -24.93394 -24.93831
C-------------------------------------------------------------------------------
C                                                                               
C  Low-level line power coefficients  - unfiltered                              
C                                                                               
C                                                                               
C                                                                               
C  CODE     : ADAS810                                                           
C  PRODUCER : Adam Foster                                                       
C  DATE     : 26/05/09                                                          
C                                                                               
C-------------------------------------------------------------------------------
