   74    7   14   37   37     /TUNGSTEN           /ADAS810-total           ADF11
 -------------------------------------------------------------------------------
  10.00000  11.00000  12.00000  13.00000  14.00000  15.00000  16.00000
   1.37276   1.54887   1.77071   2.07173   2.37276   2.77071   3.07173   3.24783
   3.37276   3.54887   3.77071   4.07173   4.37276   4.54887
 --------------------/ IGRD= 1  / IPRT= 0  /PLT     / Z1=37   / DATE= 15.05.09
 -27.72046 -27.72209 -27.73371 -27.77004 -27.85132 -27.94637 -27.98224
 -26.76577 -26.76607 -26.76807 -26.77476 -26.78974 -26.80262 -26.80588
 -25.84656 -25.84706 -25.84771 -25.84994 -25.85382 -25.85520 -25.85536
 -25.19916 -25.20269 -25.19792 -25.17910 -25.16708 -25.16450 -25.16420
 -24.96554 -24.97844 -24.95497 -24.89319 -24.86656 -24.86165 -24.86118
 -24.91372 -24.94804 -24.90132 -24.79287 -24.75052 -24.74294 -24.74223
 -24.93367 -24.98919 -24.93763 -24.80894 -24.75690 -24.74744 -24.74650
 -24.95287 -25.02239 -24.97235 -24.83630 -24.77906 -24.76846 -24.76737
 -24.96889 -25.04894 -25.00142 -24.86158 -24.80066 -24.78921 -24.78800
 -24.99306 -25.08864 -25.04629 -24.90283 -24.83663 -24.82389 -24.82249
 -25.02560 -25.14154 -25.10778 -24.96231 -24.88929 -24.87474 -24.87308
 -25.07447 -25.21834 -25.19910 -25.05458 -24.97158 -24.95416 -24.95207
 -25.12788 -25.29822 -25.29631 -25.15686 -25.06311 -25.04224 -25.03960
 -25.16199 -25.34620 -25.35565 -25.22093 -25.12055 -25.09735 -25.09432
C-------------------------------------------------------------------------------
C                                                                               
C  Low-level line power coefficients  - unfiltered                              
C                                                                               
C                                                                               
C                                                                               
C  CODE     : ADAS810                                                           
C  PRODUCER : Adam Foster                                                       
C  DATE     : 15/05/09                                                          
C                                                                               
C-------------------------------------------------------------------------------
