   74    7   14   49   49     /TUNGSTEN           /ADAS810-total           ADF11
 -------------------------------------------------------------------------------
  10.00000  11.00000  12.00000  13.00000  14.00000  15.00000  16.00000
   1.61676   1.79285   2.01469   2.31574   2.61676   3.01469   3.31574   3.49182
   3.61676   3.79285   4.01469   4.31574   4.61676   4.79285
 --------------------/ IGRD= 1  / IPRT= 0  /PLT     / Z1=49   / DATE= 18.05.09
 -30.46526 -30.46526 -30.46526 -30.46526 -30.46526 -30.46526 -30.46526
 -28.76425 -28.76425 -28.76425 -28.76425 -28.76425 -28.76425 -28.76425
 -27.44189 -27.44189 -27.44189 -27.44189 -27.44189 -27.44189 -27.44189
 -26.50447 -26.50447 -26.50447 -26.50447 -26.50447 -26.50447 -26.50447
 -26.02836 -26.02836 -26.02836 -26.02836 -26.02836 -26.02836 -26.02836
 -25.46522 -25.46522 -25.46522 -25.46522 -25.46522 -25.46522 -25.46522
 -25.19358 -25.19358 -25.19358 -25.19358 -25.19358 -25.19358 -25.19359
 -25.10919 -25.10919 -25.10919 -25.10919 -25.10919 -25.10920 -25.10921
 -25.07284 -25.07284 -25.07284 -25.07284 -25.07284 -25.07284 -25.07286
 -25.04508 -25.04508 -25.04508 -25.04508 -25.04508 -25.04508 -25.04509
 -25.03620 -25.03620 -25.03620 -25.03620 -25.03620 -25.03620 -25.03621
 -25.05514 -25.05514 -25.05514 -25.05514 -25.05514 -25.05514 -25.05515
 -25.09710 -25.09710 -25.09710 -25.09710 -25.09710 -25.09711 -25.09712
 -25.13021 -25.13021 -25.13021 -25.13021 -25.13021 -25.13022 -25.13023
C-------------------------------------------------------------------------------
C                                                                               
C  Low-level line power coefficients  - unfiltered                              
C                                                                               
C                                                                               
C                                                                               
C  CODE     : ADAS810                                                           
C  PRODUCER : Adam Foster                                                       
C  DATE     : 18/05/09                                                          
C                                                                               
C-------------------------------------------------------------------------------
