   74    7   14   52   52     /TUNGSTEN           /ADAS810-total           ADF11
 -------------------------------------------------------------------------------
  10.00000  11.00000  12.00000  13.00000  14.00000  15.00000  16.00000
   1.66838   1.84446   2.06633   2.36734   2.66838   3.06633   3.36734   3.54343
   3.66838   3.84446   4.06633   4.36734   4.66838   4.84446
 --------------------/ IGRD= 1  / IPRT= 0  /PLT     / Z1=52   / DATE= 15.05.09
 -28.28553 -28.28553 -28.28559 -28.28617 -28.29049 -28.30586 -28.34838
 -27.42278 -27.42279 -27.42282 -27.42319 -27.42567 -27.43228 -27.44707
 -26.54650 -26.54650 -26.54656 -26.54707 -26.54971 -26.55475 -26.56471
 -25.91680 -25.91681 -25.91689 -25.91752 -25.91948 -25.92274 -25.93025
 -25.64035 -25.64036 -25.64041 -25.64075 -25.64155 -25.64302 -25.64695
 -25.40190 -25.40189 -25.40188 -25.40181 -25.40167 -25.40138 -25.40059
 -25.27460 -25.27460 -25.27458 -25.27444 -25.27414 -25.27345 -25.27158
 -25.23575 -25.23575 -25.23572 -25.23559 -25.23526 -25.23451 -25.23249
 -25.22141 -25.22141 -25.22139 -25.22125 -25.22091 -25.22011 -25.21800
 -25.21469 -25.21469 -25.21467 -25.21454 -25.21420 -25.21339 -25.21130
 -25.22258 -25.22257 -25.22256 -25.22245 -25.22214 -25.22137 -25.21945
 -25.25448 -25.25448 -25.25447 -25.25437 -25.25410 -25.25338 -25.25168
 -25.30535 -25.30535 -25.30533 -25.30525 -25.30497 -25.30424 -25.30258
 -25.34127 -25.34127 -25.34126 -25.34118 -25.34094 -25.34027 -25.33876
C-------------------------------------------------------------------------------
C                                                                               
C  Low-level line power coefficients  - unfiltered                              
C                                                                               
C                                                                               
C                                                                               
C  CODE     : ADAS810                                                           
C  PRODUCER : Adam Foster                                                       
C  DATE     : 15/05/09                                                          
C                                                                               
C-------------------------------------------------------------------------------
