   74    7   14   63   63     /TUNGSTEN           /ADAS810-total           ADF11
 -------------------------------------------------------------------------------
  10.00000  11.00000  12.00000  13.00000  14.00000  15.00000  16.00000
   1.83505   2.01115   2.23300   2.53403   2.83505   3.23300   3.53403   3.71011
   3.83505   4.01115   4.23300   4.53403   4.83505   5.01115
 --------------------/ IGRD= 1  / IPRT= 0  /PLT     / Z1=63   / DATE= 15.05.09
 -27.48905 -27.48905 -27.48905 -27.48905 -27.48905 -27.48906 -27.48910
 -26.73709 -26.73709 -26.73709 -26.73709 -26.73709 -26.73709 -26.73713
 -26.11073 -26.11073 -26.11073 -26.11073 -26.11073 -26.11073 -26.11077
 -25.64891 -25.64891 -25.64891 -25.64891 -25.64891 -25.64892 -25.64898
 -25.45608 -25.45608 -25.45608 -25.45608 -25.45608 -25.45609 -25.45618
 -25.37957 -25.37957 -25.37957 -25.37957 -25.37957 -25.37958 -25.37966
 -25.33372 -25.33372 -25.33372 -25.33372 -25.33372 -25.33373 -25.33380
 -25.29206 -25.29206 -25.29206 -25.29206 -25.29207 -25.29207 -25.29214
 -25.26445 -25.26445 -25.26445 -25.26445 -25.26445 -25.26446 -25.26452
 -25.23472 -25.23472 -25.23472 -25.23472 -25.23472 -25.23472 -25.23478
 -25.22064 -25.22064 -25.22064 -25.22064 -25.22064 -25.22065 -25.22069
 -25.23749 -25.23749 -25.23749 -25.23749 -25.23749 -25.23749 -25.23753
 -25.28159 -25.28159 -25.28159 -25.28159 -25.28159 -25.28159 -25.28162
 -25.31604 -25.31604 -25.31604 -25.31604 -25.31604 -25.31604 -25.31607
C-------------------------------------------------------------------------------
C                                                                               
C  Low-level line power coefficients  - unfiltered                              
C                                                                               
C                                                                               
C                                                                               
C  CODE     : ADAS810                                                           
C  PRODUCER : Adam Foster                                                       
C  DATE     : 15/05/09                                                          
C                                                                               
C-------------------------------------------------------------------------------
