   74    7   14   74   74     /TUNGSTEN           /ADAS810-total           ADF11
 -------------------------------------------------------------------------------
  10.00000  11.00000  12.00000  13.00000  14.00000  15.00000  16.00000
   1.97483   2.15091   2.37276   2.67380   2.97483   3.37276   3.67380   3.84989
   3.97483   4.15091   4.37276   4.67380   4.97483   5.15091
 --------------------/ IGRD= 1  / IPRT= 0  /PLT     / Z1=74   / DATE= 15.05.09
 -74.00000 -74.00000 -74.00000 -74.00000 -74.00000 -74.00000 -74.00000
 -74.00000 -74.00000 -74.00000 -74.00000 -74.00000 -74.00000 -74.00000
 -74.00000 -74.00000 -74.00000 -74.00000 -74.00000 -74.00000 -74.00000
 -74.00000 -74.00000 -74.00000 -74.00000 -74.00000 -74.00000 -74.00000
 -74.00000 -74.00000 -53.94483 -53.89368 -53.89756 -53.89736 -53.89732
 -37.32449 -37.32449 -37.32449 -37.32449 -37.32449 -37.32449 -37.32449
 -31.86205 -31.86205 -31.86205 -31.86205 -31.86205 -31.86205 -31.86205
 -30.06441 -30.06441 -30.06441 -30.06441 -30.06441 -30.06441 -30.06441
 -29.17583 -29.17583 -29.17583 -29.17583 -29.17583 -29.17583 -29.17583
 -28.30352 -28.30352 -28.30352 -28.30352 -28.30352 -28.30352 -28.30352
 -27.63276 -27.63276 -27.63276 -27.63276 -27.63276 -27.63276 -27.63276
 -27.17548 -27.17548 -27.17548 -27.17548 -27.17548 -27.17548 -27.17548
 -26.99200 -26.99200 -26.99200 -26.99200 -26.99200 -26.99200 -26.99200
 -26.94822 -26.94822 -26.94822 -26.94822 -26.94822 -26.94822 -26.94822
C-------------------------------------------------------------------------------
C                                                                               
C  Low-level line power coefficients  - unfiltered                              
C                                                                               
C                                                                               
C                                                                               
C  CODE     : ADAS810                                                           
C  PRODUCER : Adam Foster                                                       
C  DATE     : 15/05/09                                                          
C                                                                               
C-------------------------------------------------------------------------------
