   74    7   14    2    2     /TUNGSTEN           /ADAS810-total           ADF11
 -------------------------------------------------------------------------------
  10.00000  11.00000  12.00000  13.00000  14.00000  15.00000  16.00000
  -1.16159  -0.98548  -0.76371  -0.46256  -0.16159   0.23629   0.53744   0.71349
   0.83841   1.01452   1.23629   1.53744   1.83841   2.01452
 --------------------/ IGRD= 1  / IPRT= 0  /PLT     / Z1= 2   / DATE= 27.05.12
 -35.41543 -36.41543 -37.41543 -38.41543 -39.41543 -40.41543 -41.41543
 -33.76961 -34.76961 -35.76961 -36.76961 -37.76961 -38.76961 -39.76961
 -32.45581 -33.45386 -34.43496 -35.28503 -35.78016 -36.35796 -37.26364
 -29.70039 -29.70685 -29.70840 -29.71743 -29.79814 -30.22786 -31.08955
 -26.77978 -26.77987 -26.78051 -26.78683 -26.84542 -27.19869 -28.01497
 -25.13417 -25.13422 -25.13469 -25.13936 -25.18333 -25.47336 -26.23722
 -24.62872 -24.62877 -24.62928 -24.63440 -24.68252 -25.00120 -25.80511
 -24.47537 -24.47543 -24.47598 -24.48162 -24.53498 -24.89270 -25.74321
 -24.40454 -24.40460 -24.40518 -24.41114 -24.46780 -24.85081 -25.71952
 -24.33596 -24.33602 -24.33662 -24.34278 -24.40198 -24.80656 -25.65712
 -24.26967 -24.26972 -24.27029 -24.27629 -24.33476 -24.74079 -25.50978
 -24.20112 -24.20116 -24.20164 -24.20693 -24.25991 -24.64245 -25.31652
 -24.17235 -24.17238 -24.17277 -24.17720 -24.22310 -24.57321 -25.20424
 -24.17450 -24.17453 -24.17486 -24.17881 -24.22045 -24.54969 -25.16821
C-------------------------------------------------------------------------------
C                                                                               
C  Low-level line power coefficients  - unfiltered                              
C                                                                               
C                                                                               
C                                                                               
C  CODE     : ADAS810                                                           
C  PRODUCER : Martin O'Mullane                                                  
C  DATE     : 27/05/12                                                          
C                                                                               
C-------------------------------------------------------------------------------
