   74    7   14   34   34     /TUNGSTEN           /ADAS810-total           ADF11
 -------------------------------------------------------------------------------
  10.00000  11.00000  12.00000  13.00000  14.00000  15.00000  16.00000
   1.29933   1.47542   1.69726   1.99830   2.29933   2.69726   2.99830   3.17438
   3.29933   3.47542   3.69726   3.99830   4.29933   4.47542
 --------------------/ IGRD= 1  / IPRT= 0  /PLT     / Z1=34   / DATE= 15.05.09
 -28.45121 -28.45121 -28.45121 -28.45121 -28.45121 -28.45122 -28.45123
 -27.02971 -27.02971 -27.02971 -27.02971 -27.02971 -27.02971 -27.02973
 -25.92996 -25.92996 -25.92996 -25.92996 -25.92996 -25.92996 -25.92998
 -25.16212 -25.16212 -25.16212 -25.16212 -25.16212 -25.16212 -25.16215
 -24.82703 -24.82703 -24.82703 -24.82703 -24.82703 -24.82703 -24.82708
 -24.67767 -24.67767 -24.67767 -24.67767 -24.67767 -24.67768 -24.67773
 -24.66611 -24.66611 -24.66611 -24.66611 -24.66611 -24.66612 -24.66617
 -24.67974 -24.67974 -24.67974 -24.67974 -24.67974 -24.67975 -24.67980
 -24.69622 -24.69622 -24.69622 -24.69622 -24.69622 -24.69623 -24.69628
 -24.72590 -24.72590 -24.72590 -24.72590 -24.72590 -24.72590 -24.72595
 -24.77168 -24.77168 -24.77168 -24.77168 -24.77168 -24.77169 -24.77173
 -24.84646 -24.84646 -24.84646 -24.84646 -24.84646 -24.84647 -24.84650
 -24.93105 -24.93105 -24.93105 -24.93105 -24.93105 -24.93106 -24.93109
 -24.98527 -24.98527 -24.98527 -24.98527 -24.98527 -24.98528 -24.98530
C-------------------------------------------------------------------------------
C                                                                               
C  Low-level line power coefficients  - unfiltered                              
C                                                                               
C                                                                               
C                                                                               
C  CODE     : ADAS810                                                           
C  PRODUCER : Adam Foster                                                       
C  DATE     : 15/05/09                                                          
C                                                                               
C-------------------------------------------------------------------------------
