   74    7   14   23   23     /TUNGSTEN           /ADAS810-total           ADF11
 -------------------------------------------------------------------------------
  10.00000  11.00000  12.00000  13.00000  14.00000  15.00000  16.00000
   0.95982   1.13593   1.35776   1.65879   1.95982   2.35776   2.65879   2.83488
   2.95982   3.13593   3.35776   3.65879   3.95982   4.13593
 --------------------/ IGRD= 1  / IPRT= 0  /PLT     / Z1=23   / DATE= 15.05.09
 -28.59685 -28.68264 -28.77846 -28.76230 -29.44071 -30.40740 -31.40390
 -28.49572 -28.58532 -28.63832 -28.61354 -29.34360 -30.29701 -31.12243
 -28.34252 -28.42361 -28.43855 -28.41171 -28.90306 -29.11410 -29.14370
 -27.37190 -27.38441 -27.38074 -27.36476 -27.39122 -27.39628 -27.39682
 -26.61360 -26.62167 -26.60171 -26.57914 -26.57911 -26.57946 -26.57951
 -26.31088 -26.29234 -26.20608 -26.14992 -26.14386 -26.14351 -26.14349
 -26.26237 -26.23374 -26.10351 -26.02606 -26.01740 -26.01681 -26.01677
 -26.24645 -26.22336 -26.07553 -25.98944 -25.97958 -25.97888 -25.97883
 -26.23651 -26.22169 -26.06448 -25.97370 -25.96309 -25.96233 -25.96227
 -26.22539 -26.22585 -26.05834 -25.96242 -25.95083 -25.95000 -25.94993
 -26.21362 -26.24017 -26.06461 -25.96378 -25.95096 -25.95003 -25.94996
 -26.20764 -26.27539 -26.09497 -25.98865 -25.97387 -25.97280 -25.97272
 -26.21687 -26.32764 -26.14774 -26.03610 -26.01870 -26.01746 -26.01735
 -26.22893 -26.36338 -26.18683 -26.07212 -26.05278 -26.05141 -26.05129
C-------------------------------------------------------------------------------
C                                                                               
C  Low-level line power coefficients  - unfiltered                              
C                                                                               
C                                                                               
C                                                                               
C  CODE     : ADAS810                                                           
C  PRODUCER : Adam Foster                                                       
C  DATE     : 15/05/09                                                          
C                                                                               
C-------------------------------------------------------------------------------
