   74    7   14   19   19     /TUNGSTEN           /ADAS810-total           ADF11
 -------------------------------------------------------------------------------
  10.00000  11.00000  12.00000  13.00000  14.00000  15.00000  16.00000
   0.79387   0.96997   1.19181   1.49284   1.79387   2.19181   2.49284   2.66894
   2.79387   2.96997   3.19181   3.49284   3.79387   3.96997
 --------------------/ IGRD= 1  / IPRT= 0  /PLT     / Z1=19   / DATE= 15.05.09
 -28.11186 -28.14377 -28.36544 -28.97788 -29.89888 -30.89000 -31.88910
 -28.00083 -28.03284 -28.24606 -28.85995 -29.78951 -30.78182 -31.78058
 -27.91148 -27.94321 -28.14467 -28.75414 -29.64981 -30.37368 -30.62330
 -27.39764 -27.41013 -27.47505 -27.59394 -27.63495 -27.64002 -27.64054
 -26.13385 -26.13789 -26.15118 -26.16785 -26.17156 -26.17197 -26.17202
 -25.34235 -25.34622 -25.35146 -25.35404 -25.35444 -25.35448 -25.35449
 -25.12063 -25.12241 -25.12434 -25.12505 -25.12515 -25.12516 -25.12517
 -25.06454 -25.06544 -25.06638 -25.06669 -25.06673 -25.06674 -25.06675
 -25.04485 -25.04527 -25.04569 -25.04581 -25.04583 -25.04583 -25.04584
 -25.03666 -25.03633 -25.03613 -25.03606 -25.03605 -25.03605 -25.03606
 -25.04883 -25.04785 -25.04715 -25.04692 -25.04689 -25.04689 -25.04690
 -25.09086 -25.08958 -25.08852 -25.08811 -25.08805 -25.08805 -25.08805
 -25.15351 -25.15146 -25.14984 -25.14923 -25.14914 -25.14913 -25.14914
 -25.19614 -25.19396 -25.19215 -25.19143 -25.19132 -25.19131 -25.19131
C-------------------------------------------------------------------------------
C                                                                               
C  Low-level line power coefficients  - unfiltered                              
C                                                                               
C                                                                               
C                                                                               
C  CODE     : ADAS810                                                           
C  PRODUCER : Adam Foster                                                       
C  DATE     : 15/05/09                                                          
C                                                                               
C-------------------------------------------------------------------------------
