   74    7   14   57   57     /TUNGSTEN           /ADAS810-total           ADF11
 -------------------------------------------------------------------------------
  10.00000  11.00000  12.00000  13.00000  14.00000  15.00000  16.00000
   1.74812   1.92421   2.14607   2.44710   2.74812   3.14607   3.44710   3.62318
   3.74812   3.92421   4.14607   4.44710   4.74812   4.92421
 --------------------/ IGRD= 1  / IPRT= 0  /PLT     / Z1=57   / DATE= 15.05.09
 -27.61112 -27.61112 -27.61112 -27.61112 -27.61112 -27.61113 -27.61113
 -26.77741 -26.77741 -26.77741 -26.77741 -26.77742 -26.77744 -26.77747
 -26.09966 -26.09966 -26.09966 -26.09966 -26.09969 -26.09984 -26.09998
 -25.59150 -25.59150 -25.59150 -25.59153 -25.59177 -25.59275 -25.59352
 -25.37103 -25.37108 -25.37116 -25.37194 -25.37859 -25.40328 -25.41963
 -25.29682 -25.29711 -25.29795 -25.30584 -25.36267 -25.48452 -25.53091
 -25.25216 -25.25253 -25.25399 -25.26750 -25.35107 -25.47611 -25.51285
 -25.23530 -25.23569 -25.23734 -25.25259 -25.34191 -25.46146 -25.49435
 -25.23124 -25.23163 -25.23335 -25.24914 -25.33966 -25.45589 -25.48713
 -25.23514 -25.23553 -25.23726 -25.25309 -25.34282 -25.45546 -25.48531
 -25.25304 -25.25342 -25.25506 -25.27011 -25.35631 -25.46653 -25.49585
 -25.29422 -25.29460 -25.29604 -25.30924 -25.38789 -25.49638 -25.52625
 -25.34994 -25.35033 -25.35153 -25.36261 -25.43243 -25.54054 -25.57225
 -25.38869 -25.38908 -25.39014 -25.39998 -25.46428 -25.57214 -25.60541
C-------------------------------------------------------------------------------
C                                                                               
C  Low-level line power coefficients  - unfiltered                              
C                                                                               
C                                                                               
C                                                                               
C  CODE     : ADAS810                                                           
C  PRODUCER : Adam Foster                                                       
C  DATE     : 15/05/09                                                          
C                                                                               
C-------------------------------------------------------------------------------
