   74    7   14    6    6     /TUNGSTEN           /ADAS810-total           ADF11
 -------------------------------------------------------------------------------
  10.00000  11.00000  12.00000  13.00000  14.00000  15.00000  16.00000
  -0.20733  -0.03124   0.19061   0.49164   0.79267   1.19061   1.49164   1.66773
   1.79267   1.96876   2.19061   2.49164   2.79267   2.96876
 --------------------/ IGRD= 1  / IPRT= 0  /PLT     / Z1= 6   / DATE= 15.05.09
 -38.51092 -38.51092 -38.51093 -38.51099 -38.51157 -38.51741 -38.57182
 -34.01981 -34.01981 -34.01981 -34.01986 -34.02034 -34.02512 -34.07024
 -30.46526 -30.46526 -30.46527 -30.46530 -30.46568 -30.46940 -30.50498
 -27.84346 -27.84346 -27.84346 -27.84348 -27.84373 -27.84614 -27.86944
 -26.42689 -26.42689 -26.42689 -26.42690 -26.42696 -26.42760 -26.43397
 -25.11842 -25.11842 -25.11844 -25.11846 -25.11851 -25.11877 -25.12032
 -24.55347 -24.55363 -24.55409 -24.55445 -24.55563 -24.56027 -24.57753
 -24.36735 -24.36770 -24.36858 -24.36928 -24.37172 -24.38055 -24.40998
 -24.27972 -24.28020 -24.28137 -24.28232 -24.28567 -24.29734 -24.33432
 -24.20170 -24.20235 -24.20384 -24.20507 -24.20947 -24.22423 -24.26903
 -24.15406 -24.15481 -24.15656 -24.15801 -24.16317 -24.18005 -24.23002
 -24.14303 -24.14380 -24.14566 -24.14719 -24.15253 -24.16989 -24.22092
 -24.16936 -24.17006 -24.17187 -24.17335 -24.17832 -24.19461 -24.24282
 -24.19631 -24.19696 -24.19871 -24.20013 -24.20477 -24.22010 -24.26576
C-------------------------------------------------------------------------------
C                                                                               
C  Low-level line power coefficients  - unfiltered                              
C                                                                               
C                                                                               
C                                                                               
C  CODE     : ADAS810                                                           
C  PRODUCER : Adam Foster                                                       
C  DATE     : 15/05/09                                                          
C                                                                               
C-------------------------------------------------------------------------------
