   74    7   14   24   24     /TUNGSTEN           /ADAS810-total           ADF11
 -------------------------------------------------------------------------------
  10.00000  11.00000  12.00000  13.00000  14.00000  15.00000  16.00000
   0.99679   1.17289   1.39473   1.69576   1.99679   2.39473   2.69576   2.87185
   2.99679   3.17289   3.39473   3.69576   3.99679   4.17289
 --------------------/ IGRD= 1  / IPRT= 0  /PLT     / Z1=24   / DATE= 15.05.09
 -28.40878 -28.40408 -28.44100 -28.64191 -29.41698 -30.39273 -31.39012
 -28.30923 -28.30185 -28.32825 -28.52765 -29.32720 -30.28963 -31.14499
 -28.18893 -28.18082 -28.19758 -28.37571 -28.95403 -29.21021 -29.24839
 -27.44149 -27.43959 -27.44090 -27.46339 -27.50609 -27.51327 -27.51403
 -26.69604 -26.69556 -26.69477 -26.69515 -26.70041 -26.70129 -26.70139
 -26.26515 -26.26493 -26.26419 -26.26361 -26.26503 -26.26527 -26.26530
 -26.13597 -26.13583 -26.13538 -26.13514 -26.13609 -26.13624 -26.13627
 -26.09601 -26.09592 -26.09560 -26.09554 -26.09636 -26.09650 -26.09653
 -26.07756 -26.07751 -26.07729 -26.07732 -26.07810 -26.07823 -26.07825
 -26.06392 -26.06386 -26.06370 -26.06395 -26.06471 -26.06484 -26.06486
 -26.06158 -26.06160 -26.06168 -26.06211 -26.06288 -26.06301 -26.06303
 -26.08306 -26.08297 -26.08277 -26.08330 -26.08413 -26.08427 -26.08430
 -26.12517 -26.12518 -26.12524 -26.12602 -26.12698 -26.12715 -26.12718
 -26.15879 -26.15880 -26.15883 -26.15963 -26.16064 -26.16083 -26.16086
C-------------------------------------------------------------------------------
C                                                                               
C  Low-level line power coefficients  - unfiltered                              
C                                                                               
C                                                                               
C                                                                               
C  CODE     : ADAS810                                                           
C  PRODUCER : Adam Foster                                                       
C  DATE     : 15/05/09                                                          
C                                                                               
C-------------------------------------------------------------------------------
