   74    7   14   51   51     /TUNGSTEN           /ADAS810-total           ADF11
 -------------------------------------------------------------------------------
  10.00000  11.00000  12.00000  13.00000  14.00000  15.00000  16.00000
   1.65151   1.82760   2.04945   2.35048   2.65151   3.04945   3.35048   3.52657
   3.65151   3.82760   4.04945   4.35048   4.65151   4.82760
 --------------------/ IGRD= 1  / IPRT= 0  /PLT     / Z1=51   / DATE= 18.05.09
 -29.57674 -29.57674 -29.57674 -29.57674 -29.57674 -29.57674 -29.57674
 -28.08668 -28.08668 -28.08668 -28.08668 -28.08668 -28.08668 -28.08668
 -26.93214 -26.93214 -26.93214 -26.93214 -26.93214 -26.93214 -26.93214
 -26.12668 -26.12668 -26.12668 -26.12668 -26.12668 -26.12668 -26.12669
 -25.75838 -25.75838 -25.75838 -25.75838 -25.75838 -25.75838 -25.75839
 -25.42866 -25.42866 -25.42866 -25.42866 -25.42866 -25.42866 -25.42866
 -25.26685 -25.26685 -25.26685 -25.26685 -25.26685 -25.26685 -25.26685
 -25.21719 -25.21719 -25.21719 -25.21719 -25.21719 -25.21719 -25.21719
 -25.19721 -25.19721 -25.19721 -25.19721 -25.19721 -25.19721 -25.19721
 -25.18479 -25.18479 -25.18479 -25.18479 -25.18479 -25.18479 -25.18480
 -25.18768 -25.18768 -25.18768 -25.18768 -25.18768 -25.18768 -25.18768
 -25.21463 -25.21463 -25.21463 -25.21463 -25.21463 -25.21463 -25.21463
 -25.26118 -25.26118 -25.26118 -25.26118 -25.26118 -25.26118 -25.26118
 -25.29580 -25.29580 -25.29580 -25.29580 -25.29580 -25.29580 -25.29580
C-------------------------------------------------------------------------------
C                                                                               
C  Low-level line power coefficients  - unfiltered                              
C                                                                               
C                                                                               
C                                                                               
C  CODE     : ADAS810                                                           
C  PRODUCER : Adam Foster                                                       
C  DATE     : 18/05/09                                                          
C                                                                               
C-------------------------------------------------------------------------------
