   74    7   14   20   20     /TUNGSTEN           /ADAS810-total           ADF11
 -------------------------------------------------------------------------------
  10.00000  11.00000  12.00000  13.00000  14.00000  15.00000  16.00000
   0.83843   1.01452   1.23636   1.53740   1.83843   2.23636   2.53740   2.71349
   2.83843   3.01452   3.23636   3.53740   3.83843   4.01452
 --------------------/ IGRD= 1  / IPRT= 0  /PLT     / Z1=20   / DATE= 15.05.09
 -28.50744 -28.46011 -28.45085 -28.84319 -29.73315 -30.72163 -31.72048
 -28.37967 -28.32185 -28.29570 -28.71364 -29.62126 -30.61151 -31.60681
 -28.26248 -28.19789 -28.15849 -28.58854 -29.39298 -29.86248 -29.95876
 -27.19871 -27.18830 -27.18275 -27.22968 -27.25036 -27.25288 -27.25315
 -25.93498 -25.93457 -25.94031 -25.94622 -25.94736 -25.94748 -25.94750
 -25.23638 -25.23922 -25.24342 -25.24471 -25.24488 -25.24490 -25.24491
 -25.05492 -25.05787 -25.06100 -25.06178 -25.06188 -25.06189 -25.06190
 -25.01210 -25.01511 -25.01804 -25.01873 -25.01881 -25.01882 -25.01883
 -24.99840 -25.00139 -25.00423 -25.00488 -25.00495 -25.00496 -25.00498
 -24.99550 -24.99805 -25.00060 -25.00118 -25.00125 -25.00126 -25.00127
 -25.00957 -25.01194 -25.01434 -25.01489 -25.01496 -25.01496 -25.01498
 -25.05109 -25.05289 -25.05496 -25.05547 -25.05552 -25.05553 -25.05554
 -25.11061 -25.11198 -25.11377 -25.11424 -25.11429 -25.11430 -25.11431
 -25.15179 -25.15298 -25.15462 -25.15507 -25.15512 -25.15513 -25.15514
C-------------------------------------------------------------------------------
C                                                                               
C  Low-level line power coefficients  - unfiltered                              
C                                                                               
C                                                                               
C                                                                               
C  CODE     : ADAS810                                                           
C  PRODUCER : Adam Foster                                                       
C  DATE     : 15/05/09                                                          
C                                                                               
C-------------------------------------------------------------------------------
