   74    7   14   25   25     /TUNGSTEN           /ADAS810-total           ADF11
 -------------------------------------------------------------------------------
  10.00000  11.00000  12.00000  13.00000  14.00000  15.00000  16.00000
   1.03226   1.20833   1.43019   1.73122   2.03226   2.43019   2.73122   2.90731
   3.03226   3.20833   3.43019   3.73122   4.03226   4.20833
 --------------------/ IGRD= 1  / IPRT= 0  /PLT     / Z1=25   / DATE= 15.05.09
 -28.12100 -28.15272 -28.26467 -28.62839 -29.45231 -30.43104 -31.42888
 -28.02623 -28.05806 -28.16765 -28.53850 -29.37500 -30.35566 -31.35142
 -27.94766 -27.97958 -28.08641 -28.45591 -29.24679 -29.89375 -30.10294
 -27.37450 -27.38321 -27.40811 -27.46340 -27.50266 -27.50892 -27.50826
 -26.22692 -26.22720 -26.22681 -26.22595 -26.22633 -26.22573 -26.22140
 -25.52360 -25.52327 -25.52161 -25.52021 -25.51998 -25.51980 -25.51866
 -25.32553 -25.32530 -25.32407 -25.32313 -25.32299 -25.32324 -25.32452
 -25.27094 -25.27072 -25.26955 -25.26864 -25.26852 -25.26891 -25.27111
 -25.24773 -25.24754 -25.24643 -25.24553 -25.24540 -25.24586 -25.24851
 -25.23083 -25.23063 -25.22953 -25.22858 -25.22844 -25.22894 -25.23198
 -25.22710 -25.22694 -25.22588 -25.22491 -25.22476 -25.22527 -25.22851
 -25.24603 -25.24599 -25.24511 -25.24409 -25.24390 -25.24436 -25.24754
 -25.28746 -25.28735 -25.28638 -25.28529 -25.28505 -25.28543 -25.28830
 -25.32005 -25.31996 -25.31903 -25.31791 -25.31765 -25.31798 -25.32062
C-------------------------------------------------------------------------------
C                                                                               
C  Low-level line power coefficients  - unfiltered                              
C                                                                               
C                                                                               
C                                                                               
C  CODE     : ADAS810                                                           
C  PRODUCER : Adam Foster                                                       
C  DATE     : 15/05/09                                                          
C                                                                               
C-------------------------------------------------------------------------------
