   74    7   14   46   46     /TUNGSTEN           /ADAS810-total           ADF11
 -------------------------------------------------------------------------------
  10.00000  11.00000  12.00000  13.00000  14.00000  15.00000  16.00000
   1.56189   1.73798   1.95982   2.26086   2.56189   2.95982   3.26086   3.43694
   3.56189   3.73798   3.95982   4.26086   4.56189   4.73798
 --------------------/ IGRD= 1  / IPRT= 0  /PLT     / Z1=46   / DATE= 15.05.09
 -26.51037 -26.51037 -26.51037 -26.51037 -26.51037 -26.51038 -26.51055
 -26.10031 -26.10031 -26.10031 -26.10031 -26.10032 -26.10033 -26.10045
 -25.74197 -25.74197 -25.74197 -25.74197 -25.74197 -25.74198 -25.74207
 -25.46894 -25.46894 -25.46894 -25.46894 -25.46894 -25.46895 -25.46901
 -25.34201 -25.34201 -25.34201 -25.34201 -25.34201 -25.34202 -25.34207
 -25.10836 -25.10836 -25.10836 -25.10836 -25.10837 -25.10840 -25.10867
 -24.89879 -24.89879 -24.89879 -24.89880 -24.89881 -24.89894 -24.89983
 -24.82228 -24.82228 -24.82228 -24.82228 -24.82230 -24.82248 -24.82377
 -24.78881 -24.78881 -24.78882 -24.78882 -24.78884 -24.78905 -24.79056
 -24.76322 -24.76322 -24.76322 -24.76323 -24.76325 -24.76349 -24.76519
 -24.75759 -24.75759 -24.75759 -24.75760 -24.75762 -24.75787 -24.75966
 -24.77958 -24.77958 -24.77958 -24.77958 -24.77960 -24.77983 -24.78155
 -24.82431 -24.82431 -24.82431 -24.82431 -24.82433 -24.82453 -24.82606
 -24.85916 -24.85916 -24.85916 -24.85916 -24.85918 -24.85935 -24.86075
C-------------------------------------------------------------------------------
C                                                                               
C  Low-level line power coefficients  - unfiltered                              
C                                                                               
C                                                                               
C                                                                               
C  CODE     : ADAS810                                                           
C  PRODUCER : Adam Foster                                                       
C  DATE     : 15/05/09                                                          
C                                                                               
C-------------------------------------------------------------------------------
