   74    7   14   26   26     /TUNGSTEN           /ADAS810-total           ADF11
 -------------------------------------------------------------------------------
  10.00000  11.00000  12.00000  13.00000  14.00000  15.00000  16.00000
   1.06633   1.24242   1.46425   1.76529   2.06633   2.46425   2.76529   2.94138
   3.06633   3.24242   3.46425   3.76529   4.06633   4.24242
 --------------------/ IGRD= 1  / IPRT= 0  /PLT     / Z1=26   / DATE= 03.06.09
 -27.96974 -28.09471 -28.35205 -28.74679 -29.54375 -30.51475 -31.49309
 -27.89877 -28.01770 -28.25832 -28.64636 -29.35934 -29.86081 -29.97519
 -27.44385 -27.48821 -27.55701 -27.63220 -27.68026 -27.68844 -27.68932
 -25.97146 -25.97484 -25.98073 -25.98857 -25.99148 -25.99186 -25.99191
 -25.19208 -25.19365 -25.19652 -25.19884 -25.19933 -25.19939 -25.19942
 -24.79622 -24.79672 -24.79762 -24.79815 -24.79823 -24.79825 -24.79831
 -24.70840 -24.70852 -24.70876 -24.70888 -24.70890 -24.70891 -24.70898
 -24.69516 -24.69526 -24.69529 -24.69527 -24.69526 -24.69527 -24.69534
 -24.69674 -24.69674 -24.69659 -24.69651 -24.69650 -24.69651 -24.69658
 -24.70941 -24.70933 -24.70903 -24.70887 -24.70885 -24.70885 -24.70892
 -24.73784 -24.73756 -24.73701 -24.73671 -24.73666 -24.73666 -24.73672
 -24.79352 -24.79303 -24.79232 -24.79191 -24.79183 -24.79183 -24.79188
 -24.86323 -24.86278 -24.86198 -24.86147 -24.86138 -24.86137 -24.86142
 -24.90962 -24.90921 -24.90838 -24.90782 -24.90771 -24.90770 -24.90774
C-------------------------------------------------------------------------------
C                                                                               
C  Low-level line power coefficients  - unfiltered                              
C                                                                               
C                                                                               
C                                                                               
C  CODE     : ADAS810                                                           
C  PRODUCER : Adam Foster                                                       
C  DATE     : 03/06/09                                                          
C                                                                               
C-------------------------------------------------------------------------------
