   74    7   14   14   14     /TUNGSTEN           /ADAS810-total           ADF11
 -------------------------------------------------------------------------------
  10.00000  11.00000  12.00000  13.00000  14.00000  15.00000  16.00000
   0.52862   0.70472   0.92656   1.22760   1.52862   1.92656   2.22760   2.40369
   2.52862   2.70472   2.92656   3.22760   3.52862   3.70472
 --------------------/ IGRD= 1  / IPRT= 0  /PLT     / Z1=14   / DATE= 15.05.09
 -29.29978 -29.29978 -29.29978 -29.29979 -29.29992 -29.30122 -29.31397
 -27.77938 -27.77938 -27.77938 -27.77939 -27.77947 -27.78033 -27.78877
 -26.44979 -26.44979 -26.44979 -26.44980 -26.44985 -26.45039 -26.45575
 -25.40546 -25.40546 -25.40546 -25.40547 -25.40554 -25.40627 -25.41343
 -24.89519 -24.89519 -24.89519 -24.89521 -24.89533 -24.89653 -24.90820
 -24.60113 -24.60113 -24.60114 -24.60115 -24.60132 -24.60299 -24.61885
 -24.51000 -24.51000 -24.51000 -24.51002 -24.51020 -24.51199 -24.52884
 -24.48831 -24.48831 -24.48831 -24.48833 -24.48850 -24.49028 -24.50693
 -24.48418 -24.48418 -24.48418 -24.48420 -24.48438 -24.48611 -24.50231
 -24.49117 -24.49117 -24.49117 -24.49119 -24.49135 -24.49298 -24.50823
 -24.51687 -24.51687 -24.51688 -24.51689 -24.51704 -24.51850 -24.53223
 -24.57230 -24.57230 -24.57230 -24.57232 -24.57244 -24.57365 -24.58514
 -24.64377 -24.64377 -24.64378 -24.64379 -24.64388 -24.64487 -24.65423
 -24.69122 -24.69122 -24.69122 -24.69123 -24.69132 -24.69218 -24.70040
C-------------------------------------------------------------------------------
C                                                                               
C  Low-level line power coefficients  - unfiltered                              
C                                                                               
C                                                                               
C                                                                               
C  CODE     : ADAS810                                                           
C  PRODUCER : Adam Foster                                                       
C  DATE     : 15/05/09                                                          
C                                                                               
C-------------------------------------------------------------------------------
