   74    7   14   36   36     /TUNGSTEN           /ADAS810-total           ADF11
 -------------------------------------------------------------------------------
  10.00000  11.00000  12.00000  13.00000  14.00000  15.00000  16.00000
   1.34897   1.52507   1.74691   2.04794   2.34897   2.74691   3.04794   3.22404
   3.34897   3.52507   3.74691   4.04794   4.34897   4.52507
 --------------------/ IGRD= 1  / IPRT= 0  /PLT     / Z1=36   / DATE= 18.05.09
 -27.97283 -27.97283 -27.97283 -27.97283 -27.97283 -27.97284 -27.97285
 -26.72880 -26.72880 -26.72880 -26.72880 -26.72880 -26.72880 -26.72882
 -25.76692 -25.76692 -25.76692 -25.76692 -25.76692 -25.76692 -25.76694
 -25.08373 -25.08373 -25.08373 -25.08373 -25.08373 -25.08373 -25.08376
 -24.76171 -24.76171 -24.76171 -24.76171 -24.76171 -24.76172 -24.76177
 -24.57783 -24.57783 -24.57783 -24.57783 -24.57783 -24.57784 -24.57796
 -24.54171 -24.54171 -24.54171 -24.54171 -24.54171 -24.54172 -24.54187
 -24.54658 -24.54658 -24.54658 -24.54658 -24.54658 -24.54659 -24.54675
 -24.55922 -24.55922 -24.55922 -24.55922 -24.55922 -24.55923 -24.55939
 -24.58493 -24.58493 -24.58493 -24.58493 -24.58493 -24.58494 -24.58510
 -24.62829 -24.62829 -24.62829 -24.62829 -24.62829 -24.62831 -24.62844
 -24.70111 -24.70111 -24.70111 -24.70111 -24.70111 -24.70113 -24.70124
 -24.78485 -24.78485 -24.78485 -24.78485 -24.78485 -24.78486 -24.78495
 -24.83853 -24.83853 -24.83853 -24.83853 -24.83853 -24.83854 -24.83862
C-------------------------------------------------------------------------------
C                                                                               
C  Low-level line power coefficients  - unfiltered                              
C                                                                               
C                                                                               
C                                                                               
C  CODE     : ADAS810                                                           
C  PRODUCER : Adam Foster                                                       
C  DATE     : 18/05/09                                                          
C                                                                               
C-------------------------------------------------------------------------------
