   74    7   14   29   29     /TUNGSTEN           /ADAS810-total           ADF11
 -------------------------------------------------------------------------------
  10.00000  11.00000  12.00000  13.00000  14.00000  15.00000  16.00000
   1.16116   1.33726   1.55910   1.86013   2.16116   2.55910   2.86013   3.03623
   3.16116   3.33726   3.55910   3.86013   4.16116   4.33726
 --------------------/ IGRD= 1  / IPRT= 0  /PLT     / Z1=29   / DATE= 15.05.09
 -30.04712 -30.04712 -30.04712 -30.04712 -30.04712 -30.04713 -30.04714
 -28.04641 -28.04641 -28.04641 -28.04641 -28.04641 -28.04641 -28.04643
 -26.48401 -26.48401 -26.48401 -26.48401 -26.48401 -26.48401 -26.48402
 -25.36912 -25.36912 -25.36912 -25.36912 -25.36912 -25.36912 -25.36913
 -24.84814 -24.84814 -24.84814 -24.84814 -24.84815 -24.84822 -24.84868
 -24.52469 -24.52469 -24.52469 -24.52469 -24.52474 -24.52513 -24.52745
 -24.41951 -24.41951 -24.41951 -24.41952 -24.41959 -24.42024 -24.42406
 -24.39629 -24.39629 -24.39630 -24.39630 -24.39638 -24.39712 -24.40156
 -24.39153 -24.39153 -24.39153 -24.39154 -24.39162 -24.39239 -24.39716
 -24.39846 -24.39846 -24.39847 -24.39847 -24.39856 -24.39935 -24.40442
 -24.42302 -24.42302 -24.42302 -24.42303 -24.42311 -24.42390 -24.42912
 -24.47613 -24.47613 -24.47613 -24.47614 -24.47622 -24.47694 -24.48210
 -24.54523 -24.54523 -24.54523 -24.54524 -24.54530 -24.54595 -24.55079
 -24.59187 -24.59187 -24.59187 -24.59188 -24.59194 -24.59253 -24.59711
C-------------------------------------------------------------------------------
C                                                                               
C  Low-level line power coefficients  - unfiltered                              
C                                                                               
C                                                                               
C                                                                               
C  CODE     : ADAS810                                                           
C  PRODUCER : Adam Foster                                                       
C  DATE     : 15/05/09                                                          
C                                                                               
C-------------------------------------------------------------------------------
