   74    7   14   31   31     /TUNGSTEN           /ADAS810-total           ADF11
 -------------------------------------------------------------------------------
  10.00000  11.00000  12.00000  13.00000  14.00000  15.00000  16.00000
   1.21909   1.39519   1.61703   1.91806   2.21909   2.61703   2.91806   3.09416
   3.21909   3.39519   3.61703   3.91806   4.21909   4.39519
 --------------------/ IGRD= 1  / IPRT= 0  /PLT     / Z1=31   / DATE= 15.05.09
 -29.32894 -29.32894 -29.32894 -29.32894 -29.32894 -29.32894 -29.32896
 -27.58831 -27.58831 -27.58831 -27.58831 -27.58831 -27.58831 -27.58833
 -26.23301 -26.23301 -26.23301 -26.23301 -26.23301 -26.23301 -26.23303
 -25.27349 -25.27349 -25.27349 -25.27349 -25.27349 -25.27349 -25.27351
 -24.83345 -24.83345 -24.83345 -24.83345 -24.83346 -24.83347 -24.83362
 -24.59512 -24.59512 -24.59512 -24.59512 -24.59513 -24.59518 -24.59567
 -24.53943 -24.53943 -24.53943 -24.53943 -24.53944 -24.53952 -24.54018
 -24.53594 -24.53594 -24.53594 -24.53594 -24.53595 -24.53603 -24.53673
 -24.54213 -24.54213 -24.54213 -24.54213 -24.54213 -24.54222 -24.54293
 -24.56193 -24.56193 -24.56193 -24.56193 -24.56194 -24.56202 -24.56272
 -24.59746 -24.59746 -24.59746 -24.59746 -24.59747 -24.59754 -24.59821
 -24.66024 -24.66024 -24.66025 -24.66025 -24.66025 -24.66032 -24.66090
 -24.73707 -24.73707 -24.73707 -24.73707 -24.73708 -24.73713 -24.73762
 -24.78700 -24.78700 -24.78700 -24.78700 -24.78701 -24.78705 -24.78749
C-------------------------------------------------------------------------------
C                                                                               
C  Low-level line power coefficients  - unfiltered                              
C                                                                               
C                                                                               
C                                                                               
C  CODE     : ADAS810                                                           
C  PRODUCER : Adam Foster                                                       
C  DATE     : 15/05/09                                                          
C                                                                               
C-------------------------------------------------------------------------------
