   74    7   14   22   22     /TUNGSTEN           /ADAS810-total           ADF11
 -------------------------------------------------------------------------------
  10.00000  11.00000  12.00000  13.00000  14.00000  15.00000  16.00000
   0.92121   1.09729   1.31915   1.62019   1.92121   2.31915   2.62019   2.79628
   2.92121   3.09729   3.31915   3.62019   3.92121   4.09729
 --------------------/ IGRD= 1  / IPRT= 0  /PLT     / Z1=22   / DATE= 15.05.09
 -29.08011 -29.05746 -28.93756 -28.80534 -29.47356 -30.44510 -31.44242
 -28.94705 -28.91949 -28.77270 -28.63485 -29.37839 -30.35264 -31.28865
 -28.58739 -28.56901 -28.46282 -28.38284 -28.84603 -29.01465 -29.03655
 -26.67228 -26.67442 -26.67824 -26.71603 -26.73365 -26.73571 -26.73592
 -25.71328 -25.70590 -25.64246 -25.63317 -25.63405 -25.63417 -25.63419
 -25.36001 -25.26542 -25.07221 -25.05468 -25.05376 -25.05368 -25.05369
 -25.30464 -25.17698 -24.93220 -24.91154 -24.91022 -24.91010 -24.91011
 -25.29490 -25.17002 -24.90423 -24.88142 -24.87991 -24.87977 -24.87978
 -25.29179 -25.17664 -24.89851 -24.87403 -24.87239 -24.87224 -24.87225
 -25.29038 -25.19689 -24.90403 -24.87694 -24.87512 -24.87495 -24.87496
 -25.29162 -25.23525 -24.92778 -24.89687 -24.89481 -24.89461 -24.89461
 -25.29956 -25.30266 -24.98109 -24.94357 -24.94111 -24.94088 -24.94087
 -25.31602 -25.38155 -25.05357 -25.00707 -25.00410 -25.00382 -25.00381
 -25.33041 -25.43081 -25.10341 -25.05019 -25.04685 -25.04654 -25.04652
C-------------------------------------------------------------------------------
C                                                                               
C  Low-level line power coefficients  - unfiltered                              
C                                                                               
C                                                                               
C                                                                               
C  CODE     : ADAS810                                                           
C  PRODUCER : Adam Foster                                                       
C  DATE     : 15/05/09                                                          
C                                                                               
C-------------------------------------------------------------------------------
