   74    7   14   28   28     /TUNGSTEN           /ADAS810-total           ADF11
 -------------------------------------------------------------------------------
  10.00000  11.00000  12.00000  13.00000  14.00000  15.00000  16.00000
   1.13066   1.30685   1.52866   1.82969   2.13066   2.52866   2.82969   3.00561
   3.13066   3.30685   3.52866   3.82969   4.13066   4.30685
 --------------------/ IGRD= 1  / IPRT= 0  /PLT     / Z1=28   / DATE= 24.05.12
 -30.58179 -30.58179 -30.58179 -30.58179 -30.58180 -30.58181 -30.58196
 -28.40454 -28.40454 -28.40454 -28.40454 -28.40454 -28.40455 -28.40459
 -26.70254 -26.70254 -26.70254 -26.70254 -26.70254 -26.70253 -26.70246
 -25.47837 -25.47837 -25.47837 -25.47837 -25.47837 -25.47836 -25.47835
 -24.88999 -24.88999 -24.88999 -24.88999 -24.89001 -24.89011 -24.89064
 -24.53102 -24.53102 -24.53102 -24.53103 -24.53107 -24.53146 -24.53315
 -24.42645 -24.42645 -24.42645 -24.42646 -24.42652 -24.42706 -24.42943
 -24.40596 -24.40596 -24.40596 -24.40596 -24.40603 -24.40660 -24.40921
 -24.40341 -24.40341 -24.40341 -24.40342 -24.40348 -24.40407 -24.40678
 -24.41274 -24.41274 -24.41274 -24.41275 -24.41281 -24.41339 -24.41616
 -24.43990 -24.43990 -24.43990 -24.43991 -24.43997 -24.44051 -24.44327
 -24.49531 -24.49531 -24.49531 -24.49532 -24.49537 -24.49584 -24.49849
 -24.56602 -24.56602 -24.56602 -24.56602 -24.56607 -24.56647 -24.56890
 -24.61305 -24.61305 -24.61305 -24.61306 -24.61309 -24.61345 -24.61574
C-------------------------------------------------------------------------------
C                                                                               
C  Low-level line power coefficients  - unfiltered                              
C                                                                               
C                                                                               
C                                                                               
C  CODE     : ADAS810                                                           
C  PRODUCER : Martin O'Mullane                                                  
C  DATE     : 24/05/12                                                          
C                                                                               
C-------------------------------------------------------------------------------
