   74    7   14   40   40     /TUNGSTEN           /ADAS810-total           ADF11
 -------------------------------------------------------------------------------
  10.00000  11.00000  12.00000  13.00000  14.00000  15.00000  16.00000
   1.44048   1.61658   1.83843   2.13947   2.44048   2.83843   3.13947   3.31555
   3.44048   3.61658   3.83843   4.13947   4.44048   4.61658
 --------------------/ IGRD= 1  / IPRT= 0  /PLT     / Z1=40   / DATE= 15.05.09
 -27.51883 -27.51883 -27.51883 -27.51883 -27.51883 -27.51883 -27.51885
 -26.51751 -26.51751 -26.51751 -26.51751 -26.51751 -26.51751 -26.51753
 -25.70456 -25.70456 -25.70456 -25.70456 -25.70456 -25.70458 -25.70472
 -25.10133 -25.10133 -25.10133 -25.10133 -25.10135 -25.10153 -25.10289
 -24.81674 -24.81674 -24.81674 -24.81674 -24.81680 -24.81737 -24.82136
 -24.64594 -24.64594 -24.64594 -24.64595 -24.64607 -24.64714 -24.65429
 -24.57291 -24.57291 -24.57291 -24.57293 -24.57306 -24.57428 -24.58248
 -24.55063 -24.55063 -24.55063 -24.55064 -24.55077 -24.55199 -24.56025
 -24.54392 -24.54392 -24.54392 -24.54394 -24.54406 -24.54525 -24.55338
 -24.54577 -24.54577 -24.54577 -24.54578 -24.54590 -24.54701 -24.55477
 -24.56294 -24.56294 -24.56295 -24.56296 -24.56306 -24.56405 -24.57116
 -24.60578 -24.60578 -24.60578 -24.60579 -24.60587 -24.60668 -24.61278
 -24.66432 -24.66432 -24.66432 -24.66433 -24.66440 -24.66504 -24.67011
 -24.70449 -24.70449 -24.70449 -24.70449 -24.70455 -24.70511 -24.70960
C-------------------------------------------------------------------------------
C                                                                               
C  Low-level line power coefficients  - unfiltered                              
C                                                                               
C                                                                               
C                                                                               
C  CODE     : ADAS810                                                           
C  PRODUCER : Adam Foster                                                       
C  DATE     : 15/05/09                                                          
C                                                                               
C-------------------------------------------------------------------------------
