   74    7   14   31   31     /TUNGSTEN           /ADAS810-total           ADF11
 -------------------------------------------------------------------------------
  10.00000  11.00000  12.00000  13.00000  14.00000  15.00000  16.00000
   1.21909   1.39519   1.61703   1.91806   2.21909   2.61703   2.91806   3.09416
   3.21909   3.39519   3.61703   3.91806   4.21909   4.39519
 --------------------/ IGRD= 1  / IPRT= 0  /PLT     / Z1=31   / DATE= 18.05.09
 -29.32894 -29.32894 -29.32894 -29.32894 -29.32894 -29.32894 -29.32896
 -27.58828 -27.58828 -27.58828 -27.58828 -27.58828 -27.58828 -27.58829
 -26.23224 -26.23224 -26.23224 -26.23224 -26.23224 -26.23224 -26.23225
 -25.26462 -25.26462 -25.26462 -25.26462 -25.26462 -25.26462 -25.26464
 -24.80012 -24.80012 -24.80012 -24.80012 -24.80012 -24.80014 -24.80030
 -24.51218 -24.51218 -24.51218 -24.51218 -24.51219 -24.51227 -24.51297
 -24.42818 -24.42818 -24.42818 -24.42818 -24.42819 -24.42833 -24.42942
 -24.41473 -24.41473 -24.41473 -24.41474 -24.41475 -24.41490 -24.41612
 -24.41664 -24.41664 -24.41664 -24.41664 -24.41666 -24.41681 -24.41808
 -24.43210 -24.43210 -24.43210 -24.43210 -24.43211 -24.43227 -24.43355
 -24.46510 -24.46510 -24.46510 -24.46511 -24.46512 -24.46526 -24.46649
 -24.52731 -24.52731 -24.52731 -24.52731 -24.52732 -24.52745 -24.52853
 -24.60431 -24.60431 -24.60431 -24.60431 -24.60432 -24.60442 -24.60534
 -24.65428 -24.65428 -24.65428 -24.65428 -24.65429 -24.65438 -24.65520
C-------------------------------------------------------------------------------
C                                                                               
C  Low-level line power coefficients  - unfiltered                              
C                                                                               
C                                                                               
C                                                                               
C  CODE     : ADAS810                                                           
C  PRODUCER : Adam Foster                                                       
C  DATE     : 18/05/09                                                          
C                                                                               
C-------------------------------------------------------------------------------
