   74    7   14   62   62     /TUNGSTEN           /ADAS810-total           ADF11
 -------------------------------------------------------------------------------
  10.00000  11.00000  12.00000  13.00000  14.00000  15.00000  16.00000
   1.82115   1.99725   2.21909   2.52013   2.82115   3.21909   3.52013   3.69622
   3.82115   3.99725   4.21909   4.52013   4.82115   4.99725
 --------------------/ IGRD= 1  / IPRT= 0  /PLT     / Z1=62   / DATE= 15.05.09
 -27.04904 -27.04904 -27.04904 -27.04904 -27.04904 -27.04904 -27.04908
 -26.65465 -26.65465 -26.65465 -26.65465 -26.65465 -26.65466 -26.65467
 -26.16960 -26.16960 -26.16960 -26.16960 -26.16960 -26.16960 -26.16958
 -25.69607 -25.69607 -25.69607 -25.69607 -25.69607 -25.69607 -25.69606
 -25.47190 -25.47190 -25.47190 -25.47190 -25.47190 -25.47190 -25.47192
 -25.35858 -25.35858 -25.35858 -25.35858 -25.35858 -25.35858 -25.35863
 -25.32363 -25.32363 -25.32363 -25.32363 -25.32363 -25.32364 -25.32368
 -25.32203 -25.32203 -25.32203 -25.32203 -25.32203 -25.32203 -25.32207
 -25.32943 -25.32943 -25.32943 -25.32943 -25.32943 -25.32943 -25.32947
 -25.34826 -25.34826 -25.34826 -25.34826 -25.34826 -25.34826 -25.34830
 -25.38517 -25.38517 -25.38517 -25.38517 -25.38517 -25.38517 -25.38520
 -25.45069 -25.45069 -25.45069 -25.45069 -25.45069 -25.45069 -25.45071
 -25.52861 -25.52861 -25.52861 -25.52861 -25.52861 -25.52861 -25.52863
 -25.57846 -25.57846 -25.57846 -25.57846 -25.57846 -25.57846 -25.57848
C-------------------------------------------------------------------------------
C                                                                               
C  Low-level line power coefficients  - unfiltered                              
C                                                                               
C                                                                               
C                                                                               
C  CODE     : ADAS810                                                           
C  PRODUCER : Adam Foster                                                       
C  DATE     : 15/05/09                                                          
C                                                                               
C-------------------------------------------------------------------------------
