   74    7   14   72   72     /TUNGSTEN           /ADAS810-total           ADF11
 -------------------------------------------------------------------------------
  10.00000  11.00000  12.00000  13.00000  14.00000  15.00000  16.00000
   1.95104   2.12714   2.34897   2.65001   2.95104   3.34897   3.65001   3.82609
   3.95104   4.12714   4.34897   4.65001   4.95104   5.12714
 --------------------/ IGRD= 1  / IPRT= 0  /PLT     / Z1=72   / DATE= 15.05.09
 -31.36756 -31.36756 -31.36756 -31.36756 -31.36756 -31.36756 -31.36756
 -29.48453 -29.48453 -29.48453 -29.48453 -29.48453 -29.48453 -29.48453
 -28.01384 -28.01384 -28.01384 -28.01384 -28.01384 -28.01384 -28.01384
 -26.96525 -26.96525 -26.96525 -26.96525 -26.96525 -26.96525 -26.96525
 -26.49937 -26.49937 -26.49937 -26.49937 -26.49937 -26.49937 -26.49937
 -26.29269 -26.29269 -26.29269 -26.29269 -26.29269 -26.29269 -26.29269
 -26.23746 -26.23746 -26.23746 -26.23746 -26.23746 -26.23746 -26.23746
 -26.20538 -26.20538 -26.20538 -26.20538 -26.20538 -26.20538 -26.20538
 -26.18568 -26.18568 -26.18568 -26.18568 -26.18568 -26.18568 -26.18568
 -26.16489 -26.16489 -26.16489 -26.16489 -26.16489 -26.16489 -26.16489
 -26.14641 -26.14641 -26.14641 -26.14641 -26.14641 -26.14641 -26.14641
 -26.13053 -26.13053 -26.13053 -26.13053 -26.13053 -26.13053 -26.13053
 -26.13898 -26.13898 -26.13898 -26.13898 -26.13898 -26.13898 -26.13898
 -26.15680 -26.15680 -26.15680 -26.15680 -26.15680 -26.15680 -26.15680
C-------------------------------------------------------------------------------
C                                                                               
C  Low-level line power coefficients  - unfiltered                              
C                                                                               
C                                                                               
C                                                                               
C  CODE     : ADAS810                                                           
C  PRODUCER : Adam Foster                                                       
C  DATE     : 15/05/09                                                          
C                                                                               
C-------------------------------------------------------------------------------
