   74    7   14   35   35     /TUNGSTEN           /ADAS810-total           ADF11
 -------------------------------------------------------------------------------
  10.00000  11.00000  12.00000  13.00000  14.00000  15.00000  16.00000
   1.32451   1.50059   1.72244   2.02346   2.32451   2.72244   3.02346   3.19956
   3.32451   3.50059   3.72244   4.02346   4.32451   4.50059
 --------------------/ IGRD= 1  / IPRT= 0  /PLT     / Z1=35   / DATE= 15.05.09
 -27.53311 -27.53332 -27.53522 -27.55274 -27.67953 -28.04949 -28.31612
 -26.95174 -26.95180 -26.95231 -26.95667 -26.98072 -27.01691 -27.02917
 -25.99466 -25.99476 -25.99432 -25.99054 -25.97766 -25.96892 -25.96753
 -25.24192 -25.24328 -25.24110 -25.22846 -25.21355 -25.21026 -25.20995
 -24.93485 -24.93971 -24.93204 -24.90108 -24.88109 -24.87828 -24.87812
 -24.82216 -24.83477 -24.81902 -24.76427 -24.73553 -24.73198 -24.73187
 -24.82010 -24.84070 -24.82279 -24.75765 -24.72306 -24.71876 -24.71863
 -24.83255 -24.85863 -24.84098 -24.77236 -24.73453 -24.72972 -24.72955
 -24.84522 -24.87551 -24.85852 -24.78822 -24.74817 -24.74297 -24.74279
 -24.86724 -24.90392 -24.88856 -24.81720 -24.77402 -24.76821 -24.76799
 -24.90030 -24.94569 -24.93313 -24.86167 -24.81447 -24.80775 -24.80748
 -24.95368 -25.01172 -25.00415 -24.93462 -24.88175 -24.87352 -24.87316
 -25.01458 -25.08552 -25.08407 -25.01834 -24.95964 -24.94948 -24.94898
 -25.05405 -25.13224 -25.13493 -25.07224 -25.01016 -24.99864 -24.99802
C-------------------------------------------------------------------------------
C                                                                               
C  Low-level line power coefficients  - unfiltered                              
C                                                                               
C                                                                               
C                                                                               
C  CODE     : ADAS810                                                           
C  PRODUCER : Adam Foster                                                       
C  DATE     : 15/05/09                                                          
C                                                                               
C-------------------------------------------------------------------------------
