   74    7   14   54   54     /TUNGSTEN           /ADAS810-total           ADF11
 -------------------------------------------------------------------------------
  10.00000  11.00000  12.00000  13.00000  14.00000  15.00000  16.00000
   1.70115   1.87725   2.09909   2.40012   2.70115   3.09909   3.40012   3.57621
   3.70115   3.87725   4.09909   4.40012   4.70115   4.87725
 --------------------/ IGRD= 1  / IPRT= 0  /PLT     / Z1=54   / DATE= 15.05.09
 -28.56373 -28.56373 -28.56373 -28.56373 -28.56373 -28.56373 -28.56373
 -27.34867 -27.34867 -27.34867 -27.34867 -27.34867 -27.34867 -27.34867
 -26.41424 -26.41424 -26.41424 -26.41424 -26.41424 -26.41424 -26.41424
 -25.77300 -25.77300 -25.77300 -25.77300 -25.77300 -25.77300 -25.77301
 -25.50138 -25.50138 -25.50138 -25.50138 -25.50138 -25.50138 -25.50138
 -25.32273 -25.32273 -25.32273 -25.32273 -25.32273 -25.32273 -25.32274
 -25.23283 -25.23283 -25.23283 -25.23283 -25.23283 -25.23283 -25.23283
 -25.20608 -25.20608 -25.20608 -25.20608 -25.20608 -25.20608 -25.20608
 -25.19837 -25.19837 -25.19837 -25.19837 -25.19837 -25.19837 -25.19837
 -25.19951 -25.19951 -25.19951 -25.19951 -25.19951 -25.19951 -25.19951
 -25.21778 -25.21778 -25.21778 -25.21778 -25.21778 -25.21778 -25.21778
 -25.26270 -25.26270 -25.26270 -25.26270 -25.26270 -25.26270 -25.26270
 -25.32378 -25.32378 -25.32378 -25.32378 -25.32378 -25.32378 -25.32379
 -25.36688 -25.36688 -25.36688 -25.36688 -25.36688 -25.36688 -25.36688
C-------------------------------------------------------------------------------
C                                                                               
C  Low-level line power coefficients  - unfiltered                              
C                                                                               
C                                                                               
C                                                                               
C  CODE     : ADAS810                                                           
C  PRODUCER : Adam Foster                                                       
C  DATE     : 15/05/09                                                          
C                                                                               
C-------------------------------------------------------------------------------
