   74    7   14   43   43     /TUNGSTEN           /ADAS810-total           ADF11
 -------------------------------------------------------------------------------
  10.00000  11.00000  12.00000  13.00000  14.00000  15.00000  16.00000
   1.50325   1.67943   1.90124   2.20222   2.50325   2.90124   3.20222   3.37840
   3.50325   3.67943   3.90124   4.20222   4.50325   4.67943
 --------------------/ IGRD= 1  / IPRT= 0  /PLT     / Z1=43   / DATE= 24.05.12
 -26.75974 -26.75974 -26.75974 -26.75974 -26.75974 -26.75974 -26.75977
 -26.03888 -26.03888 -26.03888 -26.03888 -26.03888 -26.03888 -26.03890
 -25.47866 -25.47866 -25.47866 -25.47866 -25.47866 -25.47867 -25.47869
 -25.08315 -25.08315 -25.08315 -25.08315 -25.08315 -25.08316 -25.08318
 -24.91252 -24.91252 -24.91252 -24.91252 -24.91252 -24.91252 -24.91255
 -24.78968 -24.78968 -24.78968 -24.78968 -24.78968 -24.78968 -24.78971
 -24.70844 -24.70844 -24.70844 -24.70844 -24.70844 -24.70845 -24.70847
 -24.68051 -24.68051 -24.68051 -24.68051 -24.68051 -24.68051 -24.68053
 -24.67013 -24.67013 -24.67013 -24.67013 -24.67013 -24.67013 -24.67015
 -24.66875 -24.66875 -24.66875 -24.66875 -24.66875 -24.66876 -24.66878
 -24.68267 -24.68267 -24.68267 -24.68267 -24.68267 -24.68267 -24.68269
 -24.72286 -24.72286 -24.72286 -24.72286 -24.72286 -24.72286 -24.72288
 -24.78021 -24.78021 -24.78021 -24.78021 -24.78021 -24.78021 -24.78022
 -24.81986 -24.81986 -24.81986 -24.81986 -24.81986 -24.81986 -24.81987
C-------------------------------------------------------------------------------
C                                                                               
C  Low-level line power coefficients  - unfiltered                              
C                                                                               
C                                                                               
C                                                                               
C  CODE     : ADAS810                                                           
C  PRODUCER : Martin O'Mullane                                                  
C  DATE     : 24/05/12                                                          
C                                                                               
C-------------------------------------------------------------------------------
