   74    7   14   16   16     /TUNGSTEN           /ADAS810-total           ADF11
 -------------------------------------------------------------------------------
  10.00000  11.00000  12.00000  13.00000  14.00000  15.00000  16.00000
   0.64461   0.82070   1.04254   1.34359   1.64461   2.04254   2.34359   2.51967
   2.64461   2.82070   3.04254   3.34359   3.64461   3.82070
 --------------------/ IGRD= 1  / IPRT= 0  /PLT     / Z1=16   / DATE= 15.05.09
 -28.02083 -28.05444 -28.21078 -28.38060 -28.42353 -28.43123 -28.43916
 -27.05863 -27.06441 -27.08371 -27.10005 -27.10322 -27.10418 -27.10924
 -26.00724 -26.01124 -26.01906 -26.02133 -26.02144 -26.02192 -26.02662
 -25.22022 -25.22460 -25.22678 -25.22631 -25.22624 -25.22700 -25.23456
 -24.86434 -24.86656 -24.86611 -24.86531 -24.86528 -24.86640 -24.87754
 -24.66555 -24.66648 -24.66514 -24.66414 -24.66410 -24.66539 -24.67814
 -24.60505 -24.60568 -24.60409 -24.60289 -24.60280 -24.60402 -24.61616
 -24.59549 -24.59608 -24.59447 -24.59312 -24.59298 -24.59413 -24.60558
 -24.59770 -24.59830 -24.59670 -24.59525 -24.59508 -24.59615 -24.60703
 -24.61079 -24.61140 -24.60988 -24.60826 -24.60803 -24.60901 -24.61902
 -24.64002 -24.64059 -24.63922 -24.63740 -24.63707 -24.63793 -24.64681
 -24.69600 -24.69650 -24.69544 -24.69334 -24.69286 -24.69354 -24.70093
 -24.76577 -24.76608 -24.76539 -24.76304 -24.76237 -24.76289 -24.76891
 -24.81137 -24.81172 -24.81130 -24.80884 -24.80805 -24.80847 -24.81378
C-------------------------------------------------------------------------------
C                                                                               
C  Low-level line power coefficients  - unfiltered                              
C                                                                               
C                                                                               
C                                                                               
C  CODE     : ADAS810                                                           
C  PRODUCER : Adam Foster                                                       
C  DATE     : 15/05/09                                                          
C                                                                               
C-------------------------------------------------------------------------------
