   74    7   14   62   62     /TUNGSTEN           /ADAS810-total           ADF11
 -------------------------------------------------------------------------------
  10.00000  11.00000  12.00000  13.00000  14.00000  15.00000  16.00000
   1.82115   1.99725   2.21909   2.52013   2.82115   3.21909   3.52013   3.69622
   3.82115   3.99725   4.21909   4.52013   4.82115   4.99725
 --------------------/ IGRD= 1  / IPRT= 0  /PLT     / Z1=62   / DATE= 15.05.09
 -27.27130 -27.27130 -27.27130 -27.27130 -27.27130 -27.27130 -27.27130
 -26.59760 -26.59760 -26.59760 -26.59760 -26.59760 -26.59760 -26.59760
 -26.04039 -26.04039 -26.04039 -26.04039 -26.04039 -26.04039 -26.04039
 -25.62685 -25.62685 -25.62685 -25.62685 -25.62685 -25.62685 -25.62685
 -25.44910 -25.44910 -25.44910 -25.44910 -25.44910 -25.44910 -25.44910
 -25.35988 -25.35988 -25.35988 -25.35988 -25.35988 -25.35988 -25.35989
 -25.33282 -25.33282 -25.33282 -25.33282 -25.33282 -25.33282 -25.33282
 -25.33426 -25.33426 -25.33426 -25.33426 -25.33426 -25.33426 -25.33426
 -25.34285 -25.34285 -25.34285 -25.34285 -25.34285 -25.34285 -25.34285
 -25.36381 -25.36381 -25.36381 -25.36381 -25.36381 -25.36381 -25.36381
 -25.40266 -25.40266 -25.40266 -25.40266 -25.40266 -25.40266 -25.40266
 -25.47024 -25.47024 -25.47024 -25.47024 -25.47024 -25.47024 -25.47024
 -25.55014 -25.55014 -25.55014 -25.55014 -25.55014 -25.55014 -25.55014
 -25.60016 -25.60016 -25.60016 -25.60016 -25.60016 -25.60016 -25.60016
C-------------------------------------------------------------------------------
C                                                                               
C  Low-level line power coefficients  - unfiltered                              
C                                                                               
C                                                                               
C                                                                               
C  CODE     : ADAS810                                                           
C  PRODUCER : Adam Foster                                                       
C  DATE     : 15/05/09                                                          
C                                                                               
C-------------------------------------------------------------------------------
