   74    7   14   44   44     /TUNGSTEN           /ADAS810-total           ADF11
 -------------------------------------------------------------------------------
  10.00000  11.00000  12.00000  13.00000  14.00000  15.00000  16.00000
   1.52328   1.69937   1.92121   2.22225   2.52328   2.92121   3.22225   3.39834
   3.52328   3.69937   3.92121   4.22225   4.52328   4.69937
 --------------------/ IGRD= 1  / IPRT= 0  /PLT     / Z1=44   / DATE= 15.05.09
 -26.65765 -26.65765 -26.65765 -26.65767 -26.65781 -26.65916 -26.66762
 -26.12383 -26.12383 -26.12383 -26.12382 -26.12375 -26.12305 -26.11926
 -25.60670 -25.60670 -25.60670 -25.60668 -25.60650 -25.60487 -25.59743
 -25.18931 -25.18931 -25.18930 -25.18929 -25.18918 -25.18824 -25.18463
 -24.99493 -24.99493 -24.99493 -24.99493 -24.99494 -24.99503 -24.99540
 -24.85469 -24.85469 -24.85470 -24.85470 -24.85479 -24.85553 -24.85835
 -24.76303 -24.76303 -24.76303 -24.76304 -24.76312 -24.76385 -24.76688
 -24.72960 -24.72960 -24.72960 -24.72961 -24.72969 -24.73035 -24.73327
 -24.71665 -24.71666 -24.71666 -24.71666 -24.71673 -24.71735 -24.72019
 -24.71242 -24.71242 -24.71242 -24.71243 -24.71249 -24.71302 -24.71561
 -24.72346 -24.72346 -24.72346 -24.72346 -24.72351 -24.72396 -24.72634
 -24.75972 -24.75972 -24.75972 -24.75973 -24.75976 -24.76012 -24.76218
 -24.81361 -24.81361 -24.81361 -24.81361 -24.81364 -24.81391 -24.81563
 -24.85124 -24.85124 -24.85124 -24.85124 -24.85127 -24.85151 -24.85311
C-------------------------------------------------------------------------------
C                                                                               
C  Low-level line power coefficients  - unfiltered                              
C                                                                               
C                                                                               
C                                                                               
C  CODE     : ADAS810                                                           
C  PRODUCER : Adam Foster                                                       
C  DATE     : 15/05/09                                                          
C                                                                               
C-------------------------------------------------------------------------------
