   74    7   14   70   70     /TUNGSTEN           /ADAS810-total           ADF11
 -------------------------------------------------------------------------------
  10.00000  11.00000  12.00000  13.00000  14.00000  15.00000  16.00000
   1.92656   2.10267   2.32451   2.62554   2.92656   3.32451   3.62554   3.80163
   3.92656   4.10267   4.32451   4.62554   4.92656   5.10267
 --------------------/ IGRD= 1  / IPRT= 0  /PLT     / Z1=70   / DATE= 15.05.09
 -31.64501 -31.64501 -31.64501 -31.64501 -31.64501 -31.64501 -31.64501
 -29.59302 -29.59302 -29.59302 -29.59302 -29.59302 -29.59302 -29.59302
 -27.99180 -27.99180 -27.99180 -27.99180 -27.99180 -27.99180 -27.99180
 -26.85336 -26.85336 -26.85336 -26.85336 -26.85336 -26.85336 -26.85336
 -26.35015 -26.35015 -26.35015 -26.35015 -26.35015 -26.35015 -26.35015
 -26.12031 -26.12031 -26.12031 -26.12031 -26.12031 -26.12031 -26.12031
 -26.02070 -26.02070 -26.02070 -26.02070 -26.02070 -26.02070 -26.02070
 -25.95179 -25.95179 -25.95179 -25.95179 -25.95179 -25.95179 -25.95179
 -25.90796 -25.90796 -25.90796 -25.90796 -25.90796 -25.90796 -25.90796
 -25.86201 -25.86201 -25.86201 -25.86201 -25.86201 -25.86201 -25.86201
 -25.83213 -25.83213 -25.83213 -25.83213 -25.83213 -25.83213 -25.83213
 -25.82536 -25.82536 -25.82536 -25.82536 -25.82536 -25.82536 -25.82536
 -25.84921 -25.84921 -25.84921 -25.84921 -25.84921 -25.84921 -25.84921
 -25.87394 -25.87394 -25.87394 -25.87394 -25.87394 -25.87394 -25.87394
C-------------------------------------------------------------------------------
C                                                                               
C  Low-level line power coefficients  - unfiltered                              
C                                                                               
C                                                                               
C                                                                               
C  CODE     : ADAS810                                                           
C  PRODUCER : Adam Foster                                                       
C  DATE     : 15/05/09                                                          
C                                                                               
C-------------------------------------------------------------------------------
