   74    7   14   18   18     /TUNGSTEN           /ADAS810-total           ADF11
 -------------------------------------------------------------------------------
  10.00000  11.00000  12.00000  13.00000  14.00000  15.00000  16.00000
   0.74695   0.92298   1.14489   1.44592   1.74695   2.14489   2.44592   2.62201
   2.74695   2.92298   3.14489   3.44592   3.74695   3.92298
 --------------------/ IGRD= 1  / IPRT= 0  /PLT     / Z1=18   / DATE= 25.05.12
 -41.47891 -41.47891 -41.47891 -41.47891 -41.47891 -41.47891 -41.47893
 -35.89093 -35.89093 -35.89093 -35.89093 -35.89093 -35.89093 -35.89095
 -31.40223 -31.40223 -31.40223 -31.40223 -31.40223 -31.40223 -31.40225
 -28.05620 -28.05636 -28.05638 -28.05638 -28.05638 -28.05638 -28.05639
 -26.44964 -26.45545 -26.45636 -26.45646 -26.45647 -26.45647 -26.45649
 -25.63234 -25.67832 -25.68651 -25.68740 -25.68749 -25.68751 -25.68754
 -25.44164 -25.52987 -25.54740 -25.54935 -25.54955 -25.54959 -25.54963
 -25.39589 -25.50663 -25.53040 -25.53310 -25.53338 -25.53342 -25.53346
 -25.37820 -25.50316 -25.53171 -25.53499 -25.53534 -25.53538 -25.53543
 -25.36600 -25.50824 -25.54405 -25.54827 -25.54871 -25.54877 -25.54881
 -25.36536 -25.52468 -25.57066 -25.57629 -25.57688 -25.57695 -25.57699
 -25.38362 -25.55757 -25.61941 -25.62749 -25.62834 -25.62844 -25.62848
 -25.42003 -25.59874 -25.67879 -25.69016 -25.69137 -25.69151 -25.69156
 -25.44900 -25.62631 -25.71795 -25.73177 -25.73325 -25.73341 -25.73346
C-------------------------------------------------------------------------------
C                                                                               
C  Low-level line power coefficients  - unfiltered                              
C                                                                               
C  adf04 driver of first version was faulty.                                                                             
C                                                                               
C  CODE     : ADAS810                                                           
C  PRODUCER : Martin O'Mullane                                                  
C  DATE     : 25/05/12                                                          
C                                                                               
C-------------------------------------------------------------------------------
