   74    7   14   11   11     /TUNGSTEN           /ADAS810-total           ADF11
 -------------------------------------------------------------------------------
  10.00000  11.00000  12.00000  13.00000  14.00000  15.00000  16.00000
   0.31915   0.49525   0.71710   1.01812   1.31915   1.71710   2.01812   2.19421
   2.31915   2.49525   2.71710   3.01812   3.31915   3.49525
 --------------------/ IGRD= 1  / IPRT= 0  /PLT     / Z1=11   / DATE= 15.05.09
 -35.15306 -35.15306 -35.15306 -35.15306 -35.15308 -35.15326 -35.15502
 -31.43597 -31.43597 -31.43597 -31.43597 -31.43599 -31.43613 -31.43757
 -28.50313 -28.50313 -28.50313 -28.50313 -28.50314 -28.50325 -28.50437
 -26.36252 -26.36252 -26.36252 -26.36252 -26.36253 -26.36261 -26.36345
 -25.35786 -25.35786 -25.35786 -25.35787 -25.35788 -25.35799 -25.35903
 -24.81448 -24.81448 -24.81448 -24.81449 -24.81462 -24.81542 -24.82028
 -24.65907 -24.65907 -24.65908 -24.65911 -24.65945 -24.66151 -24.67274
 -24.61713 -24.61714 -24.61714 -24.61719 -24.61763 -24.62036 -24.63472
 -24.60059 -24.60059 -24.60059 -24.60065 -24.60113 -24.60421 -24.62007
 -24.59146 -24.59146 -24.59147 -24.59152 -24.59204 -24.59540 -24.61227
 -24.60015 -24.60015 -24.60016 -24.60021 -24.60070 -24.60406 -24.62065
 -24.63539 -24.63539 -24.63539 -24.63543 -24.63585 -24.63888 -24.65371
 -24.68978 -24.68978 -24.68978 -24.68982 -24.69014 -24.69267 -24.70519
 -24.72886 -24.72886 -24.72887 -24.72890 -24.72917 -24.73140 -24.74263
C-------------------------------------------------------------------------------
C                                                                               
C  Low-level line power coefficients  - unfiltered                              
C                                                                               
C                                                                               
C                                                                               
C  CODE     : ADAS810                                                           
C  PRODUCER : Adam Foster                                                       
C  DATE     : 15/05/09                                                          
C                                                                               
C-------------------------------------------------------------------------------
