   74    7   14   59   59     /TUNGSTEN           /ADAS810-total           ADF11
 -------------------------------------------------------------------------------
  10.00000  11.00000  12.00000  13.00000  14.00000  15.00000  16.00000
   1.77807   1.95417   2.17600   2.47705   2.77807   3.17600   3.47705   3.65314
   3.77807   3.95417   4.17600   4.47705   4.77807   4.95417
 --------------------/ IGRD= 1  / IPRT= 0  /PLT     / Z1=59   / DATE= 15.05.09
 -27.51708 -27.51867 -27.52288 -27.52469 -27.52494 -27.52496 -27.52499
 -26.80019 -26.80015 -26.80002 -26.79998 -26.79997 -26.79997 -26.79998
 -26.16168 -26.16160 -26.16136 -26.16130 -26.16129 -26.16129 -26.16129
 -25.63958 -25.63954 -25.63936 -25.63933 -25.63933 -25.63933 -25.63942
 -25.39168 -25.39171 -25.39159 -25.39157 -25.39157 -25.39160 -25.39191
 -25.23091 -25.23093 -25.23081 -25.23079 -25.23080 -25.23091 -25.23200
 -25.15584 -25.15577 -25.15562 -25.15560 -25.15561 -25.15580 -25.15763
 -25.13572 -25.13565 -25.13552 -25.13549 -25.13551 -25.13573 -25.13783
 -25.13202 -25.13196 -25.13183 -25.13181 -25.13183 -25.13205 -25.13424
 -25.13909 -25.13905 -25.13892 -25.13890 -25.13892 -25.13914 -25.14133
 -25.16441 -25.16440 -25.16428 -25.16426 -25.16427 -25.16448 -25.16652
 -25.21732 -25.21734 -25.21722 -25.21720 -25.21722 -25.21739 -25.21912
 -25.28562 -25.28568 -25.28557 -25.28555 -25.28556 -25.28570 -25.28709
 -25.33083 -25.33091 -25.33081 -25.33079 -25.33080 -25.33092 -25.33212
C-------------------------------------------------------------------------------
C                                                                               
C  Low-level line power coefficients  - unfiltered                              
C                                                                               
C                                                                               
C                                                                               
C  CODE     : ADAS810                                                           
C  PRODUCER : Adam Foster                                                       
C  DATE     : 15/05/09                                                          
C                                                                               
C-------------------------------------------------------------------------------
