   74    7   14    1    1     /TUNGSTEN           /ADAS810-total           ADF11
 -------------------------------------------------------------------------------
  10.00000  11.00000  12.00000  13.00000  14.00000  15.00000  16.00000
  -1.76364  -1.58754  -1.36569  -1.06466  -0.76364  -0.36569  -0.06466   0.11143
   0.23636   0.41246   0.63431   0.93534   1.23636   1.41246
 --------------------/ IGRD= 1  / IPRT= 0  /PLT     / Z1= 1   / DATE= 15.05.09
 -74.00000 -74.00000 -74.00000 -74.00000 -74.00000 -74.00000 -74.00000
 -74.00000 -74.00000 -74.00000 -74.00000 -74.00000 -74.00000 -74.00000
 -56.40339 -56.40350 -56.40458 -56.41521 -56.50930 -56.97881 -57.86007
 -40.14340 -40.14351 -40.14459 -40.15526 -40.24964 -40.71993 -41.60153
 -32.01925 -32.01935 -32.02042 -32.03098 -32.12446 -32.59231 -33.47283
 -27.15186 -27.15196 -27.15302 -27.16340 -27.25552 -27.71961 -28.59843
 -25.54003 -25.54016 -25.54146 -25.55425 -25.66495 -26.17682 -27.07571
 -25.00964 -25.00983 -25.01180 -25.03095 -25.18672 -25.79030 -26.72017
 -24.74782 -24.74809 -24.75084 -24.77741 -24.97975 -25.65408 -26.60266
 -24.49282 -24.49324 -24.49737 -24.53666 -24.80737 -25.55852 -26.52355
 -24.30023 -24.30082 -24.30668 -24.36128 -24.70002 -25.50728 -26.48231
 -24.17817 -24.17891 -24.18629 -24.25393 -24.64172 -25.48091 -26.46100
 -24.14746 -24.14824 -24.15602 -24.22693 -24.62601 -25.47176 -26.45283
 -24.15618 -24.15695 -24.16453 -24.23382 -24.62734 -25.46990 -26.45049
C-------------------------------------------------------------------------------
C                                                                               
C  Low-level line power coefficients  - unfiltered                              
C                                                                               
C                                                                               
C                                                                               
C  CODE     : ADAS810                                                           
C  PRODUCER : Adam Foster                                                       
C  DATE     : 15/05/09                                                          
C                                                                               
C-------------------------------------------------------------------------------
