   74    7   14   36   36     /TUNGSTEN           /ADAS810-total           ADF11
 -------------------------------------------------------------------------------
  10.00000  11.00000  12.00000  13.00000  14.00000  15.00000  16.00000
   1.34897   1.52507   1.74691   2.04794   2.34897   2.74691   3.04794   3.22404
   3.34897   3.52507   3.74691   4.04794   4.34897   4.52507
 --------------------/ IGRD= 1  / IPRT= 0  /PLT     / Z1=36   / DATE= 15.05.09
 -27.97288 -27.97288 -27.97288 -27.97288 -27.97288 -27.97288 -27.97290
 -26.72931 -26.72931 -26.72931 -26.72931 -26.72931 -26.72931 -26.72933
 -25.77154 -25.77154 -25.77154 -25.77154 -25.77154 -25.77155 -25.77156
 -25.10841 -25.10841 -25.10841 -25.10841 -25.10841 -25.10841 -25.10844
 -24.82134 -24.82134 -24.82134 -24.82134 -24.82134 -24.82135 -24.82140
 -24.68118 -24.68118 -24.68118 -24.68118 -24.68118 -24.68119 -24.68126
 -24.66291 -24.66291 -24.66291 -24.66291 -24.66291 -24.66292 -24.66300
 -24.67242 -24.67242 -24.67242 -24.67242 -24.67242 -24.67243 -24.67251
 -24.68712 -24.68712 -24.68712 -24.68712 -24.68712 -24.68713 -24.68721
 -24.71372 -24.71372 -24.71372 -24.71372 -24.71372 -24.71373 -24.71380
 -24.75663 -24.75663 -24.75663 -24.75663 -24.75663 -24.75664 -24.75670
 -24.82761 -24.82761 -24.82761 -24.82761 -24.82761 -24.82761 -24.82767
 -24.90925 -24.90925 -24.90925 -24.90925 -24.90926 -24.90926 -24.90930
 -24.96187 -24.96187 -24.96187 -24.96187 -24.96187 -24.96187 -24.96191
C-------------------------------------------------------------------------------
C                                                                               
C  Low-level line power coefficients  - unfiltered                              
C                                                                               
C                                                                               
C                                                                               
C  CODE     : ADAS810                                                           
C  PRODUCER : Adam Foster                                                       
C  DATE     : 15/05/09                                                          
C                                                                               
C-------------------------------------------------------------------------------
