   74    7   14   72   72     /TUNGSTEN           /ADAS810-total           ADF11
 -------------------------------------------------------------------------------
  10.00000  11.00000  12.00000  13.00000  14.00000  15.00000  16.00000
   1.95104   2.12714   2.34897   2.65001   2.95104   3.34897   3.65001   3.82609
   3.95104   4.12714   4.34897   4.65001   4.95104   5.12714
 --------------------/ IGRD= 1  / IPRT= 0  /PLT     / Z1=72   / DATE= 15.05.09
 -31.38252 -31.38252 -31.38252 -31.38252 -31.38252 -31.38252 -31.38252
 -29.50257 -29.50257 -29.50257 -29.50257 -29.50257 -29.50257 -29.50257
 -28.03690 -28.03690 -28.03690 -28.03690 -28.03690 -28.03690 -28.03690
 -27.00085 -27.00085 -27.00085 -27.00085 -27.00085 -27.00085 -27.00085
 -26.54682 -26.54682 -26.54682 -26.54682 -26.54682 -26.54682 -26.54682
 -26.35111 -26.35111 -26.35111 -26.35111 -26.35111 -26.35111 -26.35111
 -26.29141 -26.29141 -26.29141 -26.29141 -26.29141 -26.29141 -26.29141
 -26.25236 -26.25236 -26.25236 -26.25236 -26.25236 -26.25236 -26.25236
 -26.22708 -26.22708 -26.22708 -26.22708 -26.22708 -26.22708 -26.22708
 -26.19901 -26.19901 -26.19901 -26.19901 -26.19901 -26.19901 -26.19901
 -26.17313 -26.17313 -26.17313 -26.17313 -26.17313 -26.17313 -26.17313
 -26.14956 -26.14956 -26.14956 -26.14956 -26.14956 -26.14956 -26.14956
 -26.15318 -26.15318 -26.15318 -26.15318 -26.15318 -26.15318 -26.15318
 -26.16959 -26.16959 -26.16959 -26.16959 -26.16959 -26.16959 -26.16959
C-------------------------------------------------------------------------------
C                                                                               
C  Low-level line power coefficients  - unfiltered                              
C                                                                               
C                                                                               
C                                                                               
C  CODE     : ADAS810                                                           
C  PRODUCER : Adam Foster                                                       
C  DATE     : 15/05/09                                                          
C                                                                               
C-------------------------------------------------------------------------------
