   74    7   14   37   37     /TUNGSTEN           /ADAS810-total           ADF11
 -------------------------------------------------------------------------------
  10.00000  11.00000  12.00000  13.00000  14.00000  15.00000  16.00000
   1.37276   1.54887   1.77071   2.07173   2.37276   2.77071   3.07173   3.24783
   3.37276   3.54887   3.77071   4.07173   4.37276   4.54887
 --------------------/ IGRD= 1  / IPRT= 0  /PLT     / Z1=37   / DATE= 15.05.09
 -27.75453 -27.75453 -27.75453 -27.75453 -27.75453 -27.75453 -27.75455
 -26.59219 -26.59219 -26.59219 -26.59219 -26.59219 -26.59219 -26.59220
 -25.69456 -25.69456 -25.69456 -25.69456 -25.69456 -25.69456 -25.69458
 -25.05816 -25.05816 -25.05816 -25.05816 -25.05817 -25.05817 -25.05820
 -24.76839 -24.76839 -24.76839 -24.76839 -24.76839 -24.76840 -24.76845
 -24.63192 -24.63192 -24.63192 -24.63192 -24.63192 -24.63193 -24.63200
 -24.62332 -24.62332 -24.62332 -24.62332 -24.62332 -24.62332 -24.62340
 -24.63839 -24.63839 -24.63839 -24.63839 -24.63840 -24.63840 -24.63847
 -24.65702 -24.65702 -24.65702 -24.65702 -24.65702 -24.65703 -24.65710
 -24.69116 -24.69116 -24.69116 -24.69116 -24.69116 -24.69117 -24.69123
 -24.74024 -24.74024 -24.74024 -24.74024 -24.74024 -24.74024 -24.74030
 -24.81978 -24.81978 -24.81978 -24.81978 -24.81978 -24.81979 -24.81983
 -24.90935 -24.90935 -24.90935 -24.90935 -24.90935 -24.90935 -24.90939
 -24.96549 -24.96549 -24.96549 -24.96549 -24.96549 -24.96549 -24.96552
C-------------------------------------------------------------------------------
C                                                                               
C  Low-level line power coefficients  - unfiltered                              
C                                                                               
C                                                                               
C                                                                               
C  CODE     : ADAS810                                                           
C  PRODUCER : Adam Foster                                                       
C  DATE     : 15/05/09                                                          
C                                                                               
C-------------------------------------------------------------------------------
