   74    7   14   45   45     /TUNGSTEN           /ADAS810-total           ADF11
 -------------------------------------------------------------------------------
  10.00000  11.00000  12.00000  13.00000  14.00000  15.00000  16.00000
   1.54280   1.71888   1.94074   2.24177   2.54280   2.94074   3.24177   3.41785
   3.54280   3.71888   3.94074   4.24177   4.54280   4.71888
 --------------------/ IGRD= 1  / IPRT= 0  /PLT     / Z1=45   / DATE= 15.05.09
 -26.32643 -26.32643 -26.32643 -26.32643 -26.32643 -26.32645 -26.32670
 -25.89371 -25.89371 -25.89371 -25.89371 -25.89372 -25.89375 -25.89408
 -25.49775 -25.49775 -25.49776 -25.49776 -25.49777 -25.49790 -25.49887
 -25.18780 -25.18780 -25.18780 -25.18781 -25.18786 -25.18833 -25.19157
 -25.04945 -25.04945 -25.04945 -25.04946 -25.04955 -25.05042 -25.05618
 -24.90307 -24.90307 -24.90307 -24.90309 -24.90321 -24.90441 -24.91248
 -24.76362 -24.76362 -24.76362 -24.76363 -24.76377 -24.76506 -24.77408
 -24.70681 -24.70681 -24.70681 -24.70682 -24.70695 -24.70821 -24.71726
 -24.68193 -24.68194 -24.68194 -24.68195 -24.68207 -24.68329 -24.69216
 -24.66550 -24.66550 -24.66550 -24.66551 -24.66563 -24.66675 -24.67514
 -24.66774 -24.66774 -24.66774 -24.66775 -24.66785 -24.66882 -24.67641
 -24.69832 -24.69832 -24.69832 -24.69833 -24.69841 -24.69919 -24.70553
 -24.75031 -24.75031 -24.75031 -24.75032 -24.75038 -24.75099 -24.75612
 -24.78780 -24.78780 -24.78781 -24.78781 -24.78786 -24.78839 -24.79288
C-------------------------------------------------------------------------------
C                                                                               
C  Low-level line power coefficients  - unfiltered                              
C                                                                               
C                                                                               
C                                                                               
C  CODE     : ADAS810                                                           
C  PRODUCER : Adam Foster                                                       
C  DATE     : 15/05/09                                                          
C                                                                               
C-------------------------------------------------------------------------------
