   74    7   14   28   28     /TUNGSTEN           /ADAS810-total           ADF11
 -------------------------------------------------------------------------------
  10.00000  11.00000  12.00000  13.00000  14.00000  15.00000  16.00000
   1.13069   1.30677   1.52862   1.82966   2.13069   2.52862   2.82966   3.00574
   3.13069   3.30677   3.52862   3.82966   4.13069   4.30677
 --------------------/ IGRD= 1  / IPRT= 0  /PLT     / Z1=28   / DATE= 15.05.09
 -30.58131 -30.58131 -30.58131 -30.58131 -30.58131 -30.58133 -30.58147
 -28.40540 -28.40540 -28.40540 -28.40540 -28.40540 -28.40540 -28.40545
 -26.70294 -26.70294 -26.70294 -26.70294 -26.70293 -26.70292 -26.70285
 -25.48244 -25.48244 -25.48244 -25.48244 -25.48244 -25.48244 -25.48242
 -24.91014 -24.91014 -24.91014 -24.91014 -24.91015 -24.91026 -24.91076
 -24.58302 -24.58302 -24.58302 -24.58302 -24.58306 -24.58343 -24.58504
 -24.49371 -24.49371 -24.49371 -24.49372 -24.49378 -24.49429 -24.49655
 -24.47816 -24.47816 -24.47816 -24.47817 -24.47823 -24.47878 -24.48126
 -24.47718 -24.47718 -24.47719 -24.47719 -24.47725 -24.47781 -24.48041
 -24.48779 -24.48779 -24.48779 -24.48780 -24.48786 -24.48841 -24.49107
 -24.51526 -24.51526 -24.51526 -24.51527 -24.51533 -24.51585 -24.51850
 -24.57011 -24.57011 -24.57011 -24.57011 -24.57016 -24.57062 -24.57317
 -24.64042 -24.64042 -24.64042 -24.64043 -24.64047 -24.64086 -24.64321
 -24.68653 -24.68653 -24.68653 -24.68653 -24.68657 -24.68692 -24.68913
C-------------------------------------------------------------------------------
C                                                                               
C  Low-level line power coefficients  - unfiltered                              
C                                                                               
C                                                                               
C                                                                               
C  CODE     : ADAS810                                                           
C  PRODUCER : Adam Foster                                                       
C  DATE     : 15/05/09                                                          
C                                                                               
C-------------------------------------------------------------------------------
