   74    7   14   18   18     /TUNGSTEN           /ADAS810-total           ADF11
 -------------------------------------------------------------------------------
  10.00000  11.00000  12.00000  13.00000  14.00000  15.00000  16.00000
   0.74691   0.92301   1.14485   1.44588   1.74691   2.14485   2.44588   2.62198
   2.74691   2.92301   3.14485   3.44588   3.74691   3.92301
 --------------------/ IGRD= 1  / IPRT= 0  /PLT     / Z1=18   / DATE= 18.05.09
 -34.12601 -34.12601 -34.12601 -34.12601 -34.12601 -34.12602 -34.12609
 -31.05126 -31.05126 -31.05126 -31.05126 -31.05126 -31.05127 -31.05133
 -28.62141 -28.62141 -28.62141 -28.62141 -28.62141 -28.62141 -28.62144
 -26.75561 -26.75561 -26.75561 -26.75561 -26.75561 -26.75560 -26.75552
 -25.62597 -25.62597 -25.62597 -25.62597 -25.62597 -25.62596 -25.62585
 -24.80017 -24.80017 -24.80017 -24.80017 -24.80018 -24.80020 -24.80048
 -24.51967 -24.51967 -24.51967 -24.51967 -24.51968 -24.51974 -24.52038
 -24.43642 -24.43642 -24.43642 -24.43643 -24.43643 -24.43651 -24.43730
 -24.40046 -24.40046 -24.40046 -24.40046 -24.40047 -24.40055 -24.40141
 -24.37326 -24.37326 -24.37326 -24.37326 -24.37327 -24.37336 -24.37427
 -24.36587 -24.36587 -24.36587 -24.36587 -24.36588 -24.36597 -24.36688
 -24.38698 -24.38698 -24.38698 -24.38698 -24.38699 -24.38707 -24.38792
 -24.43143 -24.43143 -24.43143 -24.43143 -24.43144 -24.43152 -24.43228
 -24.46588 -24.46588 -24.46588 -24.46588 -24.46589 -24.46596 -24.46665
C-------------------------------------------------------------------------------
C                                                                               
C  Low-level line power coefficients  - unfiltered                              
C                                                                               
C                                                                               
C                                                                               
C  CODE     : ADAS810                                                           
C  PRODUCER : Adam Foster                                                       
C  DATE     : 18/05/09                                                          
C                                                                               
C-------------------------------------------------------------------------------
