   74    7   14   20   20     /TUNGSTEN           /ADAS810-total           ADF11
 -------------------------------------------------------------------------------
  10.00000  11.00000  12.00000  13.00000  14.00000  15.00000  16.00000
   0.83843   1.01452   1.23636   1.53740   1.83843   2.23636   2.53740   2.71349
   2.83843   3.01452   3.23636   3.53740   3.83843   4.01452
 --------------------/ IGRD= 1  / IPRT= 0  /PLT     / Z1=20   / DATE= 15.05.09
 -38.70470 -38.70470 -38.70470 -38.70470 -38.70470 -38.70470 -38.70471
 -34.11802 -34.11802 -34.11802 -34.11802 -34.11802 -34.11802 -34.11803
 -30.48774 -30.48774 -30.48774 -30.48774 -30.48774 -30.48774 -30.48775
 -27.82462 -27.82462 -27.82462 -27.82462 -27.82462 -27.82462 -27.82462
 -26.54974 -26.54974 -26.54974 -26.54974 -26.54974 -26.54974 -26.54974
 -25.83096 -25.83096 -25.83096 -25.83096 -25.83096 -25.83096 -25.83096
 -25.59208 -25.59208 -25.59208 -25.59208 -25.59208 -25.59208 -25.59208
 -25.50409 -25.50409 -25.50409 -25.50409 -25.50409 -25.50409 -25.50409
 -25.45581 -25.45581 -25.45581 -25.45581 -25.45581 -25.45581 -25.45581
 -25.40513 -25.40513 -25.40513 -25.40513 -25.40513 -25.40513 -25.40513
 -25.36170 -25.36170 -25.36170 -25.36170 -25.36170 -25.36170 -25.36171
 -25.34151 -25.34151 -25.34151 -25.34151 -25.34151 -25.34152 -25.34152
 -25.35253 -25.35253 -25.35253 -25.35253 -25.35253 -25.35253 -25.35254
 -25.37105 -25.37105 -25.37105 -25.37105 -25.37105 -25.37105 -25.37106
C-------------------------------------------------------------------------------
C                                                                               
C  Low-level line power coefficients  - unfiltered                              
C                                                                               
C                                                                               
C                                                                               
C  CODE     : ADAS810                                                           
C  PRODUCER : Adam Foster                                                       
C  DATE     : 15/05/09                                                          
C                                                                               
C-------------------------------------------------------------------------------
