   74    7   14   59   59     /TUNGSTEN           /ADAS810-total           ADF11
 -------------------------------------------------------------------------------
  10.00000  11.00000  12.00000  13.00000  14.00000  15.00000  16.00000
   1.77807   1.95417   2.17600   2.47705   2.77807   3.17600   3.47705   3.65314
   3.77807   3.95417   4.17600   4.47705   4.77807   4.95417
 --------------------/ IGRD= 1  / IPRT= 0  /PLT     / Z1=59   / DATE= 18.05.09
 -27.62532 -27.62532 -27.62532 -27.62532 -27.62532 -27.62532 -27.62532
 -26.72005 -26.72005 -26.72005 -26.72005 -26.72005 -26.72005 -26.72005
 -26.02936 -26.02936 -26.02936 -26.02936 -26.02936 -26.02936 -26.02936
 -25.55906 -25.55906 -25.55906 -25.55906 -25.55906 -25.55906 -25.55906
 -25.36487 -25.36487 -25.36487 -25.36487 -25.36487 -25.36487 -25.36487
 -25.23813 -25.23813 -25.23813 -25.23813 -25.23813 -25.23813 -25.23814
 -25.17033 -25.17033 -25.17033 -25.17033 -25.17033 -25.17033 -25.17034
 -25.15225 -25.15225 -25.15225 -25.15225 -25.15225 -25.15225 -25.15226
 -25.14971 -25.14971 -25.14971 -25.14971 -25.14971 -25.14971 -25.14971
 -25.15786 -25.15786 -25.15786 -25.15786 -25.15786 -25.15786 -25.15786
 -25.18405 -25.18405 -25.18405 -25.18405 -25.18405 -25.18405 -25.18406
 -25.23855 -25.23855 -25.23855 -25.23855 -25.23855 -25.23855 -25.23855
 -25.30858 -25.30858 -25.30858 -25.30858 -25.30858 -25.30858 -25.30858
 -25.35425 -25.35425 -25.35425 -25.35425 -25.35425 -25.35425 -25.35426
C-------------------------------------------------------------------------------
C                                                                               
C  Low-level line power coefficients  - unfiltered                              
C                                                                               
C                                                                               
C                                                                               
C  CODE     : ADAS810                                                           
C  PRODUCER : Adam Foster                                                       
C  DATE     : 18/05/09                                                          
C                                                                               
C-------------------------------------------------------------------------------
