   74    7   14    8    8     /TUNGSTEN           /ADAS810-total           ADF11
 -------------------------------------------------------------------------------
  10.00000  11.00000  12.00000  13.00000  14.00000  15.00000  16.00000
   0.04254   0.21864   0.44048   0.74152   1.04254   1.44048   1.74152   1.91761
   2.04254   2.21864   2.44048   2.74152   3.04254   3.21864
 --------------------/ IGRD= 1  / IPRT= 0  /PLT     / Z1= 8   / DATE= 15.05.09
 -42.39485 -42.39485 -42.39485 -42.39485 -42.39489 -42.39528 -42.39908
 -36.10378 -36.10378 -36.10378 -36.10379 -36.10382 -36.10413 -36.10727
 -31.11465 -31.11465 -31.11465 -31.11466 -31.11468 -31.11493 -31.11735
 -27.43555 -27.43555 -27.43555 -27.43555 -27.43557 -27.43574 -27.43745
 -25.65826 -25.65826 -25.65826 -25.65826 -25.65828 -25.65846 -25.66021
 -24.64523 -24.64523 -24.64523 -24.64523 -24.64532 -24.64613 -24.65418
 -24.33359 -24.33359 -24.33359 -24.33361 -24.33377 -24.33544 -24.35164
 -24.24326 -24.24326 -24.24326 -24.24328 -24.24349 -24.24555 -24.26555
 -24.20476 -24.20476 -24.20476 -24.20479 -24.20501 -24.20728 -24.22917
 -24.17622 -24.17622 -24.17622 -24.17624 -24.17649 -24.17891 -24.20232
 -24.17140 -24.17140 -24.17140 -24.17143 -24.17167 -24.17412 -24.19778
 -24.19682 -24.19682 -24.19683 -24.19685 -24.19708 -24.19938 -24.22164
 -24.24751 -24.24751 -24.24751 -24.24753 -24.24774 -24.24977 -24.26953
 -24.28523 -24.28523 -24.28523 -24.28525 -24.28543 -24.28729 -24.30539
C-------------------------------------------------------------------------------
C                                                                               
C  Low-level line power coefficients  - unfiltered                              
C                                                                               
C                                                                               
C                                                                               
C  CODE     : ADAS810                                                           
C  PRODUCER : Adam Foster                                                       
C  DATE     : 15/05/09                                                          
C                                                                               
C-------------------------------------------------------------------------------
