   74    7   14   28   28     /TUNGSTEN           /ADAS810-total           ADF11
 -------------------------------------------------------------------------------
  10.00000  11.00000  12.00000  13.00000  14.00000  15.00000  16.00000
   1.13069   1.30677   1.52862   1.82966   2.13069   2.52862   2.82966   3.00574
   3.13069   3.30677   3.52862   3.82966   4.13069   4.30677
 --------------------/ IGRD= 1  / IPRT= 0  /PLT     / Z1=28   / DATE= 15.05.09
 -29.18876 -29.19187 -29.22183 -29.44325 -30.13378 -31.00707 -31.57281
 -28.87728 -28.87918 -28.89709 -29.00916 -29.18371 -29.23208 -29.23818
 -27.20207 -27.20218 -27.20321 -27.20845 -27.21385 -27.21488 -27.21455
 -25.72607 -25.72614 -25.72668 -25.72840 -25.72931 -25.72946 -25.72911
 -25.01541 -25.01550 -25.01601 -25.01670 -25.01752 -25.01968 -25.02353
 -24.60690 -24.60701 -24.60741 -24.60831 -24.61270 -24.62353 -24.64309
 -24.49286 -24.49301 -24.49353 -24.49493 -24.50200 -24.51836 -24.54794
 -24.46903 -24.46915 -24.46959 -24.47112 -24.47907 -24.49727 -24.53023
 -24.46364 -24.46378 -24.46427 -24.46587 -24.47415 -24.49310 -24.52749
 -24.46862 -24.46875 -24.46922 -24.47083 -24.47921 -24.49860 -24.53393
 -24.49061 -24.49080 -24.49140 -24.49299 -24.50112 -24.52034 -24.55556
 -24.54023 -24.54034 -24.54075 -24.54210 -24.54944 -24.56761 -24.60127
 -24.60625 -24.60639 -24.60692 -24.60814 -24.61450 -24.63120 -24.66253
 -24.65060 -24.65070 -24.65109 -24.65214 -24.65790 -24.67365 -24.70345
C-------------------------------------------------------------------------------
C                                                                               
C  Low-level line power coefficients  - unfiltered                              
C                                                                               
C                                                                               
C                                                                               
C  CODE     : ADAS810                                                           
C  PRODUCER : Adam Foster                                                       
C  DATE     : 15/05/09                                                          
C                                                                               
C-------------------------------------------------------------------------------
