   74    7   14    3    3     /TUNGSTEN           /ADAS810-total           ADF11
 -------------------------------------------------------------------------------
  10.00000  11.00000  12.00000  13.00000  14.00000  15.00000  16.00000
  -0.80939  -0.63330  -0.41145  -0.11042   0.19061   0.58855   0.88958   1.06569
   1.19061   1.36670   1.58855   1.88958   2.19061   2.36670
 --------------------/ IGRD= 1  / IPRT= 0  /PLT     / Z1= 3   / DATE= 18.05.09
 -45.05618 -45.05622 -45.05653 -45.05961 -45.08931 -45.30967 -46.00685
 -38.05984 -38.05986 -38.06011 -38.06263 -38.08707 -38.27657 -38.93325
 -32.50324 -32.50326 -32.50346 -32.50541 -32.52448 -32.67971 -33.28233
 -28.39984 -28.39985 -28.39999 -28.40138 -28.41507 -28.53241 -29.05971
 -26.41492 -26.41492 -26.41502 -26.41599 -26.42558 -26.51071 -26.94703
 -25.23931 -25.23931 -25.23935 -25.23975 -25.24356 -25.27651 -25.49998
 -24.77659 -24.77659 -24.77662 -24.77690 -24.77963 -24.80666 -25.06759
 -24.58295 -24.58296 -24.58300 -24.58344 -24.58774 -24.62849 -24.94263
 -24.46693 -24.46693 -24.46699 -24.46759 -24.47347 -24.52637 -24.87020
 -24.33180 -24.33181 -24.33189 -24.33272 -24.34078 -24.40967 -24.78193
 -24.21370 -24.21371 -24.21381 -24.21483 -24.22479 -24.30748 -24.69776
 -24.13384 -24.13385 -24.13396 -24.13507 -24.14598 -24.23648 -24.63290
 -24.11886 -24.11887 -24.11898 -24.12004 -24.13059 -24.21993 -24.60866
 -24.12869 -24.12870 -24.12880 -24.12981 -24.13981 -24.22597 -24.60604
C-------------------------------------------------------------------------------
C                                                                               
C  Low-level line power coefficients  - unfiltered                              
C                                                                               
C                                                                               
C                                                                               
C  CODE     : ADAS810                                                           
C  PRODUCER : Adam Foster                                                       
C  DATE     : 18/05/09                                                          
C                                                                               
C-------------------------------------------------------------------------------
