   74    7   14   54   54     /TUNGSTEN           /ADAS810-total           ADF11
 -------------------------------------------------------------------------------
  10.00000  11.00000  12.00000  13.00000  14.00000  15.00000  16.00000
   1.70115   1.87725   2.09909   2.40012   2.70115   3.09909   3.40012   3.57621
   3.70115   3.87725   4.09909   4.40012   4.70115   4.87725
 --------------------/ IGRD= 1  / IPRT= 0  /PLT     / Z1=54   / DATE= 18.05.09
 -28.56373 -28.56373 -28.56373 -28.56373 -28.56373 -28.56373 -28.56373
 -27.34867 -27.34867 -27.34867 -27.34867 -27.34867 -27.34867 -27.34867
 -26.41424 -26.41424 -26.41424 -26.41424 -26.41424 -26.41424 -26.41424
 -25.77290 -25.77290 -25.77290 -25.77290 -25.77290 -25.77290 -25.77291
 -25.49329 -25.49329 -25.49329 -25.49329 -25.49329 -25.49329 -25.49329
 -25.23075 -25.23075 -25.23075 -25.23075 -25.23075 -25.23075 -25.23075
 -25.06887 -25.06887 -25.06887 -25.06887 -25.06887 -25.06887 -25.06887
 -25.01602 -25.01602 -25.01602 -25.01602 -25.01602 -25.01602 -25.01603
 -24.99562 -24.99562 -24.99562 -24.99562 -24.99562 -24.99562 -24.99562
 -24.98510 -24.98510 -24.98510 -24.98510 -24.98510 -24.98510 -24.98510
 -24.99460 -24.99460 -24.99460 -24.99460 -24.99460 -24.99460 -24.99461
 -25.03357 -25.03357 -25.03357 -25.03357 -25.03357 -25.03358 -25.03358
 -25.09233 -25.09233 -25.09233 -25.09233 -25.09233 -25.09233 -25.09233
 -25.13421 -25.13421 -25.13421 -25.13421 -25.13421 -25.13421 -25.13421
C-------------------------------------------------------------------------------
C                                                                               
C  Low-level line power coefficients  - unfiltered                              
C                                                                               
C                                                                               
C                                                                               
C  CODE     : ADAS810                                                           
C  PRODUCER : Adam Foster                                                       
C  DATE     : 18/05/09                                                          
C                                                                               
C-------------------------------------------------------------------------------
