   74    7   14   40   40     /TUNGSTEN           /ADAS810-total           ADF11
 -------------------------------------------------------------------------------
  10.00000  11.00000  12.00000  13.00000  14.00000  15.00000  16.00000
   1.44048   1.61658   1.83843   2.13947   2.44048   2.83843   3.13947   3.31555
   3.44048   3.61658   3.83843   4.13947   4.44048   4.61658
 --------------------/ IGRD= 1  / IPRT= 0  /PLT     / Z1=40   / DATE= 15.05.09
 -27.39835 -27.39835 -27.39836 -27.39841 -27.39895 -27.40409 -27.43833
 -26.50393 -26.50394 -26.50396 -26.50401 -26.50415 -26.50524 -26.51198
 -25.71998 -25.72032 -25.72092 -25.72159 -25.72242 -25.72415 -25.72466
 -25.15846 -25.16416 -25.16899 -25.17285 -25.18068 -25.19347 -25.19728
 -24.97680 -24.99819 -25.00837 -25.01501 -25.03073 -25.05176 -25.05649
 -24.92795 -24.97638 -24.99094 -24.99852 -25.01611 -25.03751 -25.03918
 -24.89587 -24.96686 -24.98455 -24.99240 -25.00929 -25.03044 -25.03040
 -24.87980 -24.96511 -24.98493 -24.99299 -25.00924 -25.03056 -25.02998
 -24.87265 -24.96865 -24.99017 -24.99838 -25.01406 -25.03545 -25.03464
 -24.86730 -24.97915 -25.00336 -25.01182 -25.02660 -25.04814 -25.04730
 -24.86807 -25.00091 -25.02923 -25.03814 -25.05171 -25.07333 -25.07279
 -24.87955 -25.04178 -25.07733 -25.08711 -25.09901 -25.12049 -25.12092
 -24.90115 -25.09180 -25.13708 -25.14813 -25.15851 -25.17958 -25.18158
 -24.91864 -25.12438 -25.17676 -25.18879 -25.19836 -25.21899 -25.22208
C-------------------------------------------------------------------------------
C                                                                               
C  Low-level line power coefficients  - unfiltered                              
C                                                                               
C                                                                               
C                                                                               
C  CODE     : ADAS810                                                           
C  PRODUCER : Adam Foster                                                       
C  DATE     : 15/05/09                                                          
C                                                                               
C-------------------------------------------------------------------------------
