   74    7   14   41   41     /TUNGSTEN           /ADAS810-total           ADF11
 -------------------------------------------------------------------------------
  10.00000  11.00000  12.00000  13.00000  14.00000  15.00000  16.00000
   1.46193   1.63803   1.85988   2.16092   2.46193   2.85988   3.16092   3.33700
   3.46193   3.63803   3.85988   4.16092   4.46193   4.63803
 --------------------/ IGRD= 1  / IPRT= 0  /PLT     / Z1=41   / DATE= 15.05.09
 -27.19926 -27.22222 -27.23173 -27.23308 -27.23419 -27.24340 -27.29816
 -26.43426 -26.43703 -26.43804 -26.43819 -26.43840 -26.44020 -26.44976
 -25.71604 -25.71588 -25.71571 -25.71570 -25.71578 -25.71557 -25.71196
 -25.26330 -25.26703 -25.26677 -25.26685 -25.26768 -25.26750 -25.25470
 -25.22134 -25.24093 -25.24232 -25.24257 -25.24325 -25.23844 -25.21009
 -25.27419 -25.32167 -25.32643 -25.32691 -25.32661 -25.31662 -25.27716
 -25.27358 -25.34562 -25.35359 -25.35435 -25.35379 -25.34288 -25.29978
 -25.26760 -25.35592 -25.36619 -25.36719 -25.36662 -25.35596 -25.31181
 -25.26446 -25.36530 -25.37745 -25.37864 -25.37811 -25.36783 -25.32331
 -25.26174 -25.38173 -25.39696 -25.39848 -25.39803 -25.38847 -25.34397
 -25.26077 -25.40737 -25.42738 -25.42942 -25.42909 -25.42062 -25.37689
 -25.26240 -25.44899 -25.47748 -25.48046 -25.48033 -25.47340 -25.43190
 -25.26771 -25.49735 -25.53727 -25.54159 -25.54168 -25.53621 -25.49804
 -25.27297 -25.52827 -25.57656 -25.58189 -25.58214 -25.57743 -25.54155
C-------------------------------------------------------------------------------
C                                                                               
C  Low-level line power coefficients  - unfiltered                              
C                                                                               
C                                                                               
C                                                                               
C  CODE     : ADAS810                                                           
C  PRODUCER : Adam Foster                                                       
C  DATE     : 15/05/09                                                          
C                                                                               
C-------------------------------------------------------------------------------
