   74    7   14    2    2     /TUNGSTEN           /ADAS810-total           ADF11
 -------------------------------------------------------------------------------
  10.00000  11.00000  12.00000  13.00000  14.00000  15.00000  16.00000
  -1.16159  -0.98548  -0.76371  -0.46256  -0.16159   0.23629   0.53744   0.71349
   0.83841   1.01452   1.23629   1.53744   1.83841   2.01452
 --------------------/ IGRD= 1  / IPRT= 0  /PLT     / Z1= 2   / DATE= 27.05.12
 -52.70858 -52.70882 -52.71117 -52.73402 -52.91299 -53.55288 -54.49265
 -43.38319 -43.38339 -43.38535 -43.40432 -43.55724 -44.15147 -45.07770
 -35.90811 -35.90845 -35.91011 -35.92424 -36.04202 -36.55988 -37.45709
 -30.13076 -30.13108 -30.13213 -30.14006 -30.21043 -30.59468 -31.42366
 -27.10155 -27.10088 -27.10044 -27.10457 -27.14545 -27.42138 -28.17271
 -25.40040 -25.39586 -25.39265 -25.39442 -25.41751 -25.61073 -26.26926
 -25.03336 -25.02079 -25.01339 -25.01262 -25.02275 -25.15801 -25.74686
 -24.99176 -24.97357 -24.96318 -24.96034 -24.96180 -25.05884 -25.61082
 -24.99639 -24.97484 -24.96245 -24.95819 -24.95424 -25.02599 -25.55330
 -25.02368 -24.99878 -24.98391 -24.97793 -24.96803 -25.00960 -25.50430
 -25.06811 -25.04132 -25.02389 -25.01626 -25.00146 -25.01503 -25.47295
 -25.12677 -25.10105 -25.08080 -25.07169 -25.05351 -25.04332 -25.45774
 -25.18157 -25.16054 -25.13789 -25.12779 -25.10844 -25.08493 -25.45890
 -25.21405 -25.19750 -25.17352 -25.16299 -25.14355 -25.11504 -25.46458
C-------------------------------------------------------------------------------
C                                                                               
C  Low-level line power coefficients  - unfiltered                              
C                                                                               
C                                                                               
C                                                                               
C  CODE     : ADAS810                                                           
C  PRODUCER : Martin O'Mullane                                                  
C  DATE     : 27/05/12                                                          
C                                                                               
C-------------------------------------------------------------------------------
