   74    7   14    4    4     /TUNGSTEN           /ADAS810-total           ADF11
 -------------------------------------------------------------------------------
  10.00000  11.00000  12.00000  13.00000  14.00000  15.00000  16.00000
  -0.55952  -0.38342  -0.16157   0.13947   0.44048   0.83843   1.13947   1.31555
   1.44048   1.61658   1.83843   2.13947   2.44048   2.61658
 --------------------/ IGRD= 1  / IPRT= 0  /PLT     / Z1= 4   / DATE= 15.05.09
 -30.44743 -31.39063 -32.38368 -33.38297 -34.38290 -35.38289 -36.38289
 -29.54500 -30.45919 -31.44878 -32.44768 -33.44723 -34.44417 -35.43037
 -28.77039 -29.66569 -30.61654 -31.35562 -31.61830 -31.68959 -31.93874
 -27.84152 -28.05661 -28.09396 -28.09825 -28.10116 -28.12553 -28.31414
 -26.38381 -26.38860 -26.38922 -26.38942 -26.39086 -26.40493 -26.52197
 -25.28590 -25.28507 -25.28498 -25.28497 -25.28494 -25.28506 -25.30959
 -24.76097 -24.76063 -24.76060 -24.76063 -24.76097 -24.76483 -24.82463
 -24.53949 -24.53932 -24.53932 -24.53940 -24.54028 -24.54939 -24.64392
 -24.42179 -24.42169 -24.42169 -24.42181 -24.42304 -24.43553 -24.55117
 -24.30462 -24.30457 -24.30458 -24.30474 -24.30635 -24.32244 -24.46004
 -24.21863 -24.21861 -24.21862 -24.21881 -24.22068 -24.23940 -24.39273
 -24.17056 -24.17056 -24.17058 -24.17077 -24.17273 -24.19251 -24.35228
 -24.16763 -24.16764 -24.16766 -24.16784 -24.16971 -24.18873 -24.34417
 -24.17947 -24.17948 -24.17950 -24.17967 -24.18144 -24.19949 -24.34913
C-------------------------------------------------------------------------------
C                                                                               
C  Low-level line power coefficients  - unfiltered                              
C                                                                               
C                                                                               
C                                                                               
C  CODE     : ADAS810                                                           
C  PRODUCER : Adam Foster                                                       
C  DATE     : 15/05/09                                                          
C                                                                               
C-------------------------------------------------------------------------------
