   74    7   14   11   11     /TUNGSTEN           /ADAS810-total           ADF11
 -------------------------------------------------------------------------------
  10.00000  11.00000  12.00000  13.00000  14.00000  15.00000  16.00000
   0.31915   0.49525   0.71710   1.01812   1.31915   1.71710   2.01812   2.19421
   2.31915   2.49525   2.71710   3.01812   3.31915   3.49525
 --------------------/ IGRD= 1  / IPRT= 0  /PLT     / Z1=11   / DATE= 18.05.09
 -35.09823 -35.09823 -35.09823 -35.09823 -35.09825 -35.09845 -35.10044
 -31.37872 -31.37872 -31.37872 -31.37872 -31.37874 -31.37890 -31.38052
 -28.43289 -28.43289 -28.43289 -28.43289 -28.43290 -28.43303 -28.43428
 -26.27104 -26.27104 -26.27104 -26.27104 -26.27105 -26.27115 -26.27207
 -25.22093 -25.22093 -25.22093 -25.22093 -25.22094 -25.22110 -25.22269
 -24.59683 -24.59683 -24.59683 -24.59684 -24.59689 -24.59747 -24.60320
 -24.39083 -24.39083 -24.39083 -24.39084 -24.39093 -24.39189 -24.40126
 -24.32701 -24.32701 -24.32701 -24.32702 -24.32713 -24.32823 -24.33897
 -24.30030 -24.30030 -24.30030 -24.30032 -24.30043 -24.30159 -24.31290
 -24.28180 -24.28180 -24.28180 -24.28181 -24.28193 -24.28312 -24.29475
 -24.28420 -24.28420 -24.28420 -24.28421 -24.28433 -24.28550 -24.29689
 -24.31797 -24.31798 -24.31798 -24.31799 -24.31809 -24.31915 -24.32951
 -24.37577 -24.37577 -24.37577 -24.37578 -24.37587 -24.37679 -24.38577
 -24.41751 -24.41751 -24.41751 -24.41752 -24.41761 -24.41843 -24.42655
C-------------------------------------------------------------------------------
C                                                                               
C  Low-level line power coefficients  - unfiltered                              
C                                                                               
C                                                                               
C                                                                               
C  CODE     : ADAS810                                                           
C  PRODUCER : Adam Foster                                                       
C  DATE     : 18/05/09                                                          
C                                                                               
C-------------------------------------------------------------------------------
