   74    7   14   22   22     /TUNGSTEN           /ADAS810-total           ADF11
 -------------------------------------------------------------------------------
  10.00000  11.00000  12.00000  13.00000  14.00000  15.00000  16.00000
   0.92121   1.09729   1.31915   1.62019   1.92121   2.31915   2.62019   2.79628
   2.92121   3.09729   3.31915   3.62019   3.92121   4.09729
 --------------------/ IGRD= 1  / IPRT= 0  /PLT     / Z1=22   / DATE= 15.05.09
 -29.24231 -29.22961 -29.10520 -28.87848 -29.50200 -30.46658 -31.46319
 -29.24488 -29.23173 -29.06534 -28.75252 -29.40781 -30.37064 -31.28554
 -29.07834 -29.07603 -28.92385 -28.53958 -28.81265 -28.93851 -28.95455
 -27.31437 -27.30061 -27.10047 -26.74158 -26.70139 -26.69930 -26.69912
 -26.33717 -26.14014 -25.72177 -25.63068 -25.62591 -25.62551 -25.62548
 -25.91496 -25.51214 -25.10592 -25.06925 -25.06668 -25.06643 -25.06642
 -25.84718 -25.38627 -24.97095 -24.93589 -24.93322 -24.93296 -24.93296
 -25.83988 -25.37502 -24.94650 -24.90978 -24.90694 -24.90667 -24.90666
 -25.84060 -25.38267 -24.94302 -24.90459 -24.90160 -24.90131 -24.90130
 -25.84542 -25.40782 -24.95124 -24.90984 -24.90661 -24.90630 -24.90629
 -25.85551 -25.45769 -24.97798 -24.93181 -24.92823 -24.92788 -24.92786
 -25.87188 -25.54670 -25.03485 -24.98020 -24.97602 -24.97562 -24.97560
 -25.89040 -25.65377 -25.11112 -25.04473 -25.03977 -25.03929 -25.03926
 -25.90172 -25.72189 -25.16355 -25.08833 -25.08279 -25.08226 -25.08222
C-------------------------------------------------------------------------------
C                                                                               
C  Low-level line power coefficients  - unfiltered                              
C                                                                               
C                                                                               
C                                                                               
C  CODE     : ADAS810                                                           
C  PRODUCER : Adam Foster                                                       
C  DATE     : 15/05/09                                                          
C                                                                               
C-------------------------------------------------------------------------------
