   74    7   14   52   52     /TUNGSTEN           /ADAS810-total           ADF11
 -------------------------------------------------------------------------------
  10.00000  11.00000  12.00000  13.00000  14.00000  15.00000  16.00000
   1.66838   1.84446   2.06633   2.36734   2.66838   3.06633   3.36734   3.54343
   3.66838   3.84446   4.06633   4.36734   4.66838   4.84446
 --------------------/ IGRD= 1  / IPRT= 0  /PLT     / Z1=52   / DATE= 18.05.09
 -29.20083 -29.20083 -29.20083 -29.20083 -29.20083 -29.20083 -29.20084
 -27.80715 -27.80715 -27.80715 -27.80715 -27.80715 -27.80715 -27.80715
 -26.73049 -26.73049 -26.73049 -26.73049 -26.73049 -26.73049 -26.73049
 -25.98288 -25.98288 -25.98288 -25.98288 -25.98288 -25.98288 -25.98288
 -25.63977 -25.63977 -25.63977 -25.63977 -25.63977 -25.63977 -25.63977
 -25.26270 -25.26270 -25.26270 -25.26270 -25.26270 -25.26270 -25.26270
 -25.04134 -25.04134 -25.04134 -25.04134 -25.04134 -25.04134 -25.04134
 -24.96943 -24.96943 -24.96943 -24.96943 -24.96943 -24.96943 -24.96943
 -24.93984 -24.93984 -24.93984 -24.93984 -24.93984 -24.93984 -24.93984
 -24.92010 -24.92010 -24.92010 -24.92010 -24.92010 -24.92010 -24.92010
 -24.92029 -24.92029 -24.92029 -24.92029 -24.92029 -24.92029 -24.92029
 -24.95063 -24.95063 -24.95063 -24.95063 -24.95063 -24.95063 -24.95063
 -25.00439 -25.00439 -25.00439 -25.00439 -25.00439 -25.00439 -25.00439
 -25.04259 -25.04259 -25.04259 -25.04259 -25.04259 -25.04259 -25.04259
C-------------------------------------------------------------------------------
C                                                                               
C  Low-level line power coefficients  - unfiltered                              
C                                                                               
C                                                                               
C                                                                               
C  CODE     : ADAS810                                                           
C  PRODUCER : Adam Foster                                                       
C  DATE     : 18/05/09                                                          
C                                                                               
C-------------------------------------------------------------------------------
