   74    7   14   48   48     /TUNGSTEN           /ADAS810-total           ADF11
 -------------------------------------------------------------------------------
  10.00000  11.00000  12.00000  13.00000  14.00000  15.00000  16.00000
   1.59886   1.77494   1.99679   2.29783   2.59886   2.99679   3.29783   3.47391
   3.59886   3.77494   3.99679   4.29783   4.59886   4.77494
 --------------------/ IGRD= 1  / IPRT= 0  /PLT     / Z1=48   / DATE= 18.05.09
 -31.09215 -31.09215 -31.09215 -31.09215 -31.09215 -31.09215 -31.09215
 -29.27623 -29.27623 -29.27623 -29.27623 -29.27623 -29.27623 -29.27624
 -27.86202 -27.86202 -27.86202 -27.86202 -27.86202 -27.86202 -27.86202
 -26.85517 -26.85517 -26.85517 -26.85517 -26.85517 -26.85517 -26.85517
 -26.26048 -26.26048 -26.26048 -26.26048 -26.26048 -26.26048 -26.26047
 -25.38886 -25.38886 -25.38886 -25.38886 -25.38886 -25.38886 -25.38886
 -25.01473 -25.01473 -25.01473 -25.01473 -25.01473 -25.01474 -25.01476
 -24.90136 -24.90136 -24.90136 -24.90136 -24.90136 -24.90136 -24.90140
 -24.85272 -24.85272 -24.85272 -24.85272 -24.85272 -24.85273 -24.85277
 -24.81378 -24.81378 -24.81378 -24.81378 -24.81378 -24.81378 -24.81383
 -24.79866 -24.79866 -24.79866 -24.79866 -24.79866 -24.79866 -24.79871
 -24.81566 -24.81566 -24.81566 -24.81566 -24.81566 -24.81567 -24.81571
 -24.85981 -24.85981 -24.85981 -24.85981 -24.85981 -24.85981 -24.85985
 -24.89405 -24.89405 -24.89405 -24.89405 -24.89405 -24.89405 -24.89409
C-------------------------------------------------------------------------------
C                                                                               
C  Low-level line power coefficients  - unfiltered                              
C                                                                               
C                                                                               
C                                                                               
C  CODE     : ADAS810                                                           
C  PRODUCER : Adam Foster                                                       
C  DATE     : 18/05/09                                                          
C                                                                               
C-------------------------------------------------------------------------------
