   74    7   14   55   55     /TUNGSTEN           /ADAS810-total           ADF11
 -------------------------------------------------------------------------------
  10.00000  11.00000  12.00000  13.00000  14.00000  15.00000  16.00000
   1.71710   1.89318   2.11504   2.41606   2.71710   3.11504   3.41606   3.59215
   3.71710   3.89318   4.11504   4.41606   4.71710   4.89318
 --------------------/ IGRD= 1  / IPRT= 0  /PLT     / Z1=55   / DATE= 15.05.09
 -28.07608 -28.07610 -28.07611 -28.07613 -28.07637 -28.07769 -28.08739
 -27.12161 -27.12151 -27.12149 -27.12142 -27.12099 -27.12107 -27.12893
 -26.31447 -26.31444 -26.31442 -26.31427 -26.31367 -26.31443 -26.32386
 -25.72033 -25.72032 -25.72031 -25.72022 -25.72008 -25.72126 -25.72589
 -25.45629 -25.45629 -25.45630 -25.45637 -25.45646 -25.45617 -25.45566
 -25.27791 -25.27792 -25.27794 -25.27805 -25.27797 -25.27543 -25.27088
 -25.19010 -25.19011 -25.19012 -25.19019 -25.18994 -25.18661 -25.18029
 -25.16432 -25.16432 -25.16433 -25.16438 -25.16409 -25.16062 -25.15370
 -25.15672 -25.15672 -25.15673 -25.15676 -25.15645 -25.15294 -25.14562
 -25.15814 -25.15814 -25.15814 -25.15816 -25.15784 -25.15438 -25.14662
 -25.17495 -25.17495 -25.17496 -25.17496 -25.17463 -25.17132 -25.16311
 -25.21806 -25.21807 -25.21807 -25.21805 -25.21774 -25.21469 -25.20597
 -25.27695 -25.27696 -25.27696 -25.27693 -25.27664 -25.27391 -25.26487
 -25.31769 -25.31770 -25.31770 -25.31767 -25.31740 -25.31487 -25.30578
C-------------------------------------------------------------------------------
C                                                                               
C  Low-level line power coefficients  - unfiltered                              
C                                                                               
C                                                                               
C                                                                               
C  CODE     : ADAS810                                                           
C  PRODUCER : Adam Foster                                                       
C  DATE     : 15/05/09                                                          
C                                                                               
C-------------------------------------------------------------------------------
