   74    7   14   33   33     /TUNGSTEN           /ADAS810-total           ADF11
 -------------------------------------------------------------------------------
  10.00000  11.00000  12.00000  13.00000  14.00000  15.00000  16.00000
   1.27339   1.44949   1.67134   1.97237   2.27339   2.67134   2.97237   3.14845
   3.27339   3.44949   3.67134   3.97237   4.27339   4.44949
 --------------------/ IGRD= 1  / IPRT= 0  /PLT     / Z1=33   / DATE= 26.05.09
 -27.70993 -27.71559 -27.72495 -27.74920 -27.86716 -28.28786 -28.89923
 -27.30150 -27.30416 -27.30857 -27.32137 -27.37883 -27.51486 -27.59217
 -26.27001 -26.27136 -26.27194 -26.27293 -26.27808 -26.28995 -26.29497
 -25.48447 -25.49356 -25.48967 -25.46245 -25.39278 -25.35851 -25.35480
 -25.27978 -25.30372 -25.28819 -25.19889 -25.02080 -24.96548 -24.96034
 -25.25552 -25.30183 -25.27512 -25.12655 -24.87270 -24.80997 -24.80585
 -25.27490 -25.34234 -25.31479 -25.15000 -24.86953 -24.80153 -24.79812
 -25.28868 -25.37081 -25.34523 -25.17857 -24.88746 -24.81509 -24.81188
 -25.29891 -25.39259 -25.36928 -25.20372 -24.90641 -24.83021 -24.82703
 -25.31370 -25.42529 -25.40621 -25.24453 -24.93963 -24.85692 -24.85360
 -25.33170 -25.46850 -25.45618 -25.30223 -24.99013 -24.89757 -24.89381
 -25.35671 -25.53203 -25.53133 -25.39119 -25.07319 -24.96370 -24.95871
 -25.38291 -25.60046 -25.61433 -25.49029 -25.17165 -25.04110 -25.03398
 -25.39826 -25.64133 -25.66525 -25.55122 -25.23516 -25.09056 -25.08170
C-------------------------------------------------------------------------------
C                                                                               
C  Low-level line power coefficients  - unfiltered                              
C                                                                               
C                                                                               
C                                                                               
C  CODE     : ADAS810                                                           
C  PRODUCER : Adam Foster                                                       
C  DATE     : 26/05/09                                                          
C                                                                               
C-------------------------------------------------------------------------------
