   74    7   14   30   30     /TUNGSTEN           /ADAS810-total           ADF11
 -------------------------------------------------------------------------------
  10.00000  11.00000  12.00000  13.00000  14.00000  15.00000  16.00000
   1.19061   1.36670   1.58855   1.88958   2.19061   2.58855   2.88958   3.06569
   3.19061   3.36670   3.58855   3.88958   4.19061   4.36670
 --------------------/ IGRD= 1  / IPRT= 0  /PLT     / Z1=30   / DATE= 15.05.09
 -29.67196 -29.67196 -29.67196 -29.67196 -29.67196 -29.67197 -29.67198
 -27.80672 -27.80672 -27.80672 -27.80672 -27.80672 -27.80672 -27.80674
 -26.35144 -26.35144 -26.35144 -26.35144 -26.35144 -26.35145 -26.35146
 -25.31261 -25.31261 -25.31261 -25.31261 -25.31261 -25.31261 -25.31263
 -24.81842 -24.81842 -24.81842 -24.81842 -24.81842 -24.81845 -24.81870
 -24.52196 -24.52196 -24.52196 -24.52196 -24.52198 -24.52211 -24.52311
 -24.43978 -24.43978 -24.43978 -24.43979 -24.43981 -24.44000 -24.44148
 -24.42734 -24.42734 -24.42734 -24.42734 -24.42736 -24.42757 -24.42922
 -24.42870 -24.42870 -24.42870 -24.42870 -24.42872 -24.42894 -24.43065
 -24.44361 -24.44361 -24.44361 -24.44361 -24.44363 -24.44385 -24.44558
 -24.47651 -24.47651 -24.47651 -24.47651 -24.47653 -24.47674 -24.47843
 -24.53867 -24.53867 -24.53867 -24.53868 -24.53870 -24.53888 -24.54044
 -24.61485 -24.61485 -24.61485 -24.61485 -24.61487 -24.61503 -24.61640
 -24.66480 -24.66480 -24.66480 -24.66480 -24.66481 -24.66496 -24.66622
C-------------------------------------------------------------------------------
C                                                                               
C  Low-level line power coefficients  - unfiltered                              
C                                                                               
C                                                                               
C                                                                               
C  CODE     : ADAS810                                                           
C  PRODUCER : Adam Foster                                                       
C  DATE     : 15/05/09                                                          
C                                                                               
C-------------------------------------------------------------------------------
