   74    7   14    4    4     /TUNGSTEN           /ADAS810-total           ADF11
 -------------------------------------------------------------------------------
  10.00000  11.00000  12.00000  13.00000  14.00000  15.00000  16.00000
  -0.55952  -0.38342  -0.16157   0.13947   0.44048   0.83843   1.13947   1.31555
   1.44048   1.61658   1.83843   2.13947   2.44048   2.61658
 --------------------/ IGRD= 1  / IPRT= 0  /PLT     / Z1= 4   / DATE= 15.05.09
 -41.91848 -41.91849 -41.91854 -41.91908 -41.92442 -41.97449 -42.29444
 -36.06510 -36.06511 -36.06515 -36.06559 -36.06997 -36.11149 -36.39292
 -31.42284 -31.42284 -31.42288 -31.42322 -31.42663 -31.45930 -31.69600
 -28.00493 -28.00493 -28.00495 -28.00520 -28.00761 -28.03109 -28.21454
 -26.34192 -26.34192 -26.34193 -26.34208 -26.34356 -26.35795 -26.47526
 -25.23889 -25.23889 -25.23889 -25.23891 -25.23914 -25.24156 -25.27351
 -24.72316 -24.72316 -24.72316 -24.72322 -24.72377 -24.72957 -24.79410
 -24.51718 -24.51718 -24.51719 -24.51729 -24.51832 -24.52864 -24.62469
 -24.41089 -24.41089 -24.41091 -24.41104 -24.41237 -24.42560 -24.54088
 -24.30783 -24.30783 -24.30785 -24.30801 -24.30967 -24.32603 -24.46142
 -24.23431 -24.23431 -24.23433 -24.23451 -24.23640 -24.25506 -24.40515
 -24.19681 -24.19681 -24.19683 -24.19702 -24.19897 -24.21848 -24.37481
 -24.20029 -24.20029 -24.20031 -24.20049 -24.20233 -24.22099 -24.37318
 -24.21541 -24.21542 -24.21543 -24.21560 -24.21734 -24.23505 -24.38181
C-------------------------------------------------------------------------------
C                                                                               
C  Low-level line power coefficients  - unfiltered                              
C                                                                               
C                                                                               
C                                                                               
C  CODE     : ADAS810                                                           
C  PRODUCER : Adam Foster                                                       
C  DATE     : 15/05/09                                                          
C                                                                               
C-------------------------------------------------------------------------------
