   74    7   14    1    1     /TUNGSTEN           /ADAS810-total           ADF11
 -------------------------------------------------------------------------------
  10.00000  11.00000  12.00000  13.00000  14.00000  15.00000  16.00000
  -1.76364  -1.58754  -1.36569  -1.06466  -0.76364  -0.36569  -0.06466   0.11143
   0.23636   0.41246   0.63431   0.93534   1.23636   1.41246
 --------------------/ IGRD= 1  / IPRT= 0  /PLT     / Z1= 1   / DATE= 15.05.09
 -39.30212 -40.30212 -41.30212 -42.30212 -43.30212 -44.30212 -45.30212
 -35.98136 -36.98132 -37.98132 -38.98132 -39.98132 -40.98132 -41.98132
 -33.33891 -34.33833 -35.33811 -36.33742 -37.33687 -38.33677 -39.33676
 -31.41652 -32.22515 -32.60722 -32.95277 -33.72525 -34.69363 -35.69033
 -29.52371 -29.55679 -29.59037 -29.83047 -30.54110 -31.47911 -32.46875
 -27.41375 -27.41770 -27.43459 -27.56201 -27.86795 -28.43330 -29.27570
 -26.18477 -26.18963 -26.21189 -26.32461 -26.52072 -26.84200 -27.44521
 -25.59568 -25.60101 -25.63058 -25.76471 -25.95858 -26.22763 -26.79720
 -25.25696 -25.26256 -25.29649 -25.44501 -25.64990 -25.91981 -26.49696
 -24.88982 -24.89560 -24.93363 -25.09752 -25.32659 -25.62136 -26.22413
 -24.57916 -24.58482 -24.62477 -24.80008 -25.06231 -25.39711 -26.03060
 -24.34252 -24.34763 -24.38637 -24.56651 -24.86556 -25.24502 -25.90257
 -24.23534 -24.23974 -24.27493 -24.45085 -24.77367 -25.18246 -25.84676
 -24.21010 -24.21404 -24.24663 -24.41700 -24.74832 -25.16847 -25.83109
C-------------------------------------------------------------------------------
C                                                                               
C  Low-level line power coefficients  - unfiltered                              
C                                                                               
C                                                                               
C                                                                               
C  CODE     : ADAS810                                                           
C  PRODUCER : Adam Foster                                                       
C  DATE     : 15/05/09                                                          
C                                                                               
C-------------------------------------------------------------------------------
