   74    7   14   48   48     /TUNGSTEN           /ADAS810-total           ADF11
 -------------------------------------------------------------------------------
  10.00000  11.00000  12.00000  13.00000  14.00000  15.00000  16.00000
   1.59886   1.77494   1.99679   2.29783   2.59886   2.99679   3.29783   3.47391
   3.59886   3.77494   3.99679   4.29783   4.59886   4.77494
 --------------------/ IGRD= 1  / IPRT= 0  /PLT     / Z1=48   / DATE= 03.06.09
 -31.09215 -31.09215 -31.09215 -31.09215 -31.09215 -31.09215 -31.09215
 -29.27626 -29.27626 -29.27626 -29.27626 -29.27626 -29.27626 -29.27627
 -27.86262 -27.86262 -27.86262 -27.86262 -27.86262 -27.86262 -27.86262
 -26.86078 -26.86078 -26.86078 -26.86078 -26.86078 -26.86078 -26.86078
 -26.27548 -26.27548 -26.27548 -26.27548 -26.27548 -26.27548 -26.27548
 -25.42127 -25.42127 -25.42127 -25.42127 -25.42127 -25.42127 -25.42127
 -25.06077 -25.06077 -25.06077 -25.06077 -25.06077 -25.06077 -25.06079
 -24.95271 -24.95271 -24.95271 -24.95271 -24.95271 -24.95271 -24.95274
 -24.90654 -24.90654 -24.90654 -24.90654 -24.90654 -24.90655 -24.90658
 -24.86968 -24.86968 -24.86968 -24.86968 -24.86968 -24.86969 -24.86972
 -24.85531 -24.85531 -24.85531 -24.85531 -24.85531 -24.85531 -24.85535
 -24.87163 -24.87163 -24.87163 -24.87163 -24.87163 -24.87164 -24.87167
 -24.91411 -24.91411 -24.91411 -24.91411 -24.91411 -24.91411 -24.91414
 -24.94733 -24.94733 -24.94733 -24.94733 -24.94733 -24.94733 -24.94736
C-------------------------------------------------------------------------------
C                                                                               
C  Low-level line power coefficients  - unfiltered                              
C                                                                               
C                                                                               
C                                                                               
C  CODE     : ADAS810                                                           
C  PRODUCER : Adam Foster                                                       
C  DATE     : 03/06/09                                                          
C                                                                               
C-------------------------------------------------------------------------------
