   74    7   14   50   50     /TUNGSTEN           /ADAS810-total           ADF11
 -------------------------------------------------------------------------------
  10.00000  11.00000  12.00000  13.00000  14.00000  15.00000  16.00000
   1.63431   1.81040   2.03226   2.33329   2.63431   3.03226   3.33329   3.50938
   3.63431   3.81040   4.03226   4.33329   4.63431   4.81040
 --------------------/ IGRD= 1  / IPRT= 0  /PLT     / Z1=50   / DATE= 15.05.09
 -28.49537 -28.51097 -28.57965 -28.63554 -28.64556 -28.64792 -28.66015
 -27.83511 -27.84091 -27.86326 -27.87820 -27.88064 -27.88144 -27.88643
 -26.91131 -26.91334 -26.91918 -26.92194 -26.92237 -26.92294 -26.92733
 -26.19869 -26.19959 -26.20095 -26.20131 -26.20143 -26.20218 -26.20728
 -25.85116 -25.85126 -25.85135 -25.85137 -25.85142 -25.85188 -25.85461
 -25.46094 -25.46073 -25.46056 -25.46053 -25.46052 -25.46039 -25.45988
 -25.25904 -25.25891 -25.25881 -25.25880 -25.25877 -25.25853 -25.25747
 -25.19664 -25.19654 -25.19647 -25.19646 -25.19642 -25.19616 -25.19500
 -25.17038 -25.17034 -25.17030 -25.17030 -25.17026 -25.17000 -25.16883
 -25.15162 -25.15155 -25.15149 -25.15148 -25.15145 -25.15120 -25.15007
 -25.14893 -25.14892 -25.14892 -25.14892 -25.14889 -25.14866 -25.14762
 -25.17116 -25.17112 -25.17107 -25.17106 -25.17104 -25.17084 -25.16989
 -25.21407 -25.21404 -25.21400 -25.21399 -25.21397 -25.21380 -25.21295
 -25.24703 -25.24699 -25.24695 -25.24693 -25.24691 -25.24676 -25.24596
C-------------------------------------------------------------------------------
C                                                                               
C  Low-level line power coefficients  - unfiltered                              
C                                                                               
C                                                                               
C                                                                               
C  CODE     : ADAS810                                                           
C  PRODUCER : Adam Foster                                                       
C  DATE     : 15/05/09                                                          
C                                                                               
C-------------------------------------------------------------------------------
