   74    7   14   63   63     /TUNGSTEN           /ADAS810-total           ADF11
 -------------------------------------------------------------------------------
  10.00000  11.00000  12.00000  13.00000  14.00000  15.00000  16.00000
   1.83505   2.01115   2.23300   2.53403   2.83505   3.23300   3.53403   3.71011
   3.83505   4.01115   4.23300   4.53403   4.83505   5.01115
 --------------------/ IGRD= 1  / IPRT= 0  /PLT     / Z1=63   / DATE= 15.05.09
 -26.66047 -26.66047 -26.66047 -26.66047 -26.66047 -26.66048 -26.66054
 -26.35993 -26.35993 -26.35993 -26.35993 -26.35993 -26.35994 -26.36000
 -26.02966 -26.02966 -26.02966 -26.02966 -26.02966 -26.02967 -26.02972
 -25.68560 -25.68560 -25.68560 -25.68560 -25.68560 -25.68561 -25.68567
 -25.51676 -25.51676 -25.51676 -25.51676 -25.51676 -25.51677 -25.51683
 -25.44231 -25.44231 -25.44231 -25.44231 -25.44231 -25.44232 -25.44239
 -25.38725 -25.38725 -25.38725 -25.38725 -25.38725 -25.38725 -25.38732
 -25.33701 -25.33701 -25.33701 -25.33701 -25.33701 -25.33702 -25.33708
 -25.30319 -25.30319 -25.30319 -25.30319 -25.30319 -25.30319 -25.30325
 -25.26594 -25.26594 -25.26594 -25.26594 -25.26594 -25.26595 -25.26600
 -25.24512 -25.24512 -25.24512 -25.24512 -25.24512 -25.24512 -25.24517
 -25.25593 -25.25593 -25.25593 -25.25593 -25.25594 -25.25594 -25.25598
 -25.29638 -25.29638 -25.29638 -25.29638 -25.29638 -25.29638 -25.29641
 -25.32929 -25.32929 -25.32929 -25.32929 -25.32929 -25.32929 -25.32932
C-------------------------------------------------------------------------------
C                                                                               
C  Low-level line power coefficients  - unfiltered                              
C                                                                               
C                                                                               
C                                                                               
C  CODE     : ADAS810                                                           
C  PRODUCER : Adam Foster                                                       
C  DATE     : 15/05/09                                                          
C                                                                               
C-------------------------------------------------------------------------------
