   74    7   14   33   33     /TUNGSTEN           /ADAS810-total           ADF11
 -------------------------------------------------------------------------------
  10.00000  11.00000  12.00000  13.00000  14.00000  15.00000  16.00000
   1.27339   1.44949   1.67134   1.97237   2.27339   2.67134   2.97237   3.14845
   3.27339   3.44949   3.67134   3.97237   4.27339   4.44949
 --------------------/ IGRD= 1  / IPRT= 0  /PLT     / Z1=33   / DATE= 18.05.09
 -28.72252 -28.72252 -28.72252 -28.72252 -28.72252 -28.72253 -28.72254
 -27.20155 -27.20155 -27.20155 -27.20155 -27.20155 -27.20155 -27.20156
 -26.02151 -26.02151 -26.02151 -26.02151 -26.02151 -26.02151 -26.02152
 -25.18410 -25.18410 -25.18410 -25.18410 -25.18410 -25.18410 -25.18412
 -24.78544 -24.78544 -24.78544 -24.78544 -24.78544 -24.78545 -24.78552
 -24.54330 -24.54330 -24.54330 -24.54330 -24.54330 -24.54333 -24.54353
 -24.47863 -24.47863 -24.47863 -24.47863 -24.47864 -24.47866 -24.47893
 -24.47185 -24.47185 -24.47185 -24.47185 -24.47186 -24.47188 -24.47216
 -24.47751 -24.47751 -24.47751 -24.47751 -24.47752 -24.47755 -24.47782
 -24.49594 -24.49594 -24.49594 -24.49594 -24.49595 -24.49597 -24.49624
 -24.53149 -24.53149 -24.53149 -24.53149 -24.53149 -24.53152 -24.53176
 -24.59701 -24.59701 -24.59701 -24.59701 -24.59701 -24.59703 -24.59724
 -24.67570 -24.67570 -24.67570 -24.67570 -24.67570 -24.67572 -24.67589
 -24.72652 -24.72652 -24.72652 -24.72652 -24.72652 -24.72654 -24.72669
C-------------------------------------------------------------------------------
C                                                                               
C  Low-level line power coefficients  - unfiltered                              
C                                                                               
C                                                                               
C                                                                               
C  CODE     : ADAS810                                                           
C  PRODUCER : Adam Foster                                                       
C  DATE     : 18/05/09                                                          
C                                                                               
C-------------------------------------------------------------------------------
