   74    7   14   12   12     /TUNGSTEN           /ADAS810-total           ADF11
 -------------------------------------------------------------------------------
  10.00000  11.00000  12.00000  13.00000  14.00000  15.00000  16.00000
   0.39473   0.57082   0.79267   1.09370   1.39473   1.79267   2.09370   2.26979
   2.39473   2.57082   2.79267   3.09370   3.39473   3.57082
 --------------------/ IGRD= 1  / IPRT= 0  /PLT     / Z1=12   / DATE= 15.05.09
 -27.00236 -27.11324 -27.38954 -28.05965 -29.00111 -29.99463 -30.99357
 -26.85657 -26.93566 -27.15824 -27.77375 -28.69685 -29.65796 -30.43215
 -26.71487 -26.75275 -26.90862 -27.41194 -27.98859 -28.17615 -28.20185
 -26.17008 -26.16960 -26.19681 -26.26280 -26.29035 -26.29415 -26.29519
 -25.38014 -25.37840 -25.37695 -25.37527 -25.37486 -25.37487 -25.37541
 -24.84855 -24.84779 -24.84594 -24.84456 -24.84432 -24.84436 -24.84510
 -24.69005 -24.68981 -24.68962 -24.69002 -24.69017 -24.69028 -24.69124
 -24.65082 -24.65087 -24.65149 -24.65261 -24.65289 -24.65303 -24.65405
 -24.63886 -24.63902 -24.64004 -24.64153 -24.64190 -24.64204 -24.64308
 -24.63784 -24.63820 -24.63974 -24.64171 -24.64218 -24.64233 -24.64335
 -24.65611 -24.65654 -24.65848 -24.66092 -24.66152 -24.66168 -24.66262
 -24.70434 -24.70484 -24.70716 -24.71024 -24.71102 -24.71119 -24.71200
 -24.77169 -24.77210 -24.77448 -24.77808 -24.77908 -24.77926 -24.77993
 -24.81721 -24.81765 -24.82005 -24.82395 -24.82510 -24.82530 -24.82589
C-------------------------------------------------------------------------------
C                                                                               
C  Low-level line power coefficients  - unfiltered                              
C                                                                               
C                                                                               
C                                                                               
C  CODE     : ADAS810                                                           
C  PRODUCER : Adam Foster                                                       
C  DATE     : 15/05/09                                                          
C                                                                               
C-------------------------------------------------------------------------------
