   74    7   14   71   71     /TUNGSTEN           /ADAS810-total           ADF11
 -------------------------------------------------------------------------------
  10.00000  11.00000  12.00000  13.00000  14.00000  15.00000  16.00000
   1.93888   2.11498   2.33682   2.63786   2.93888   3.33682   3.63786   3.81395
   3.93888   4.11498   4.33682   4.63786   4.93888   5.11498
 --------------------/ IGRD= 1  / IPRT= 0  /PLT     / Z1=71   / DATE= 15.05.09
 -30.75770 -30.75770 -30.75770 -30.75770 -30.75770 -30.75770 -30.75772
 -29.13469 -29.13469 -29.13469 -29.13469 -29.13469 -29.13469 -29.13471
 -27.83776 -27.83776 -27.83776 -27.83776 -27.83776 -27.83776 -27.83777
 -26.80515 -26.80515 -26.80515 -26.80515 -26.80515 -26.80515 -26.80516
 -26.26529 -26.26529 -26.26529 -26.26529 -26.26529 -26.26529 -26.26532
 -25.98776 -25.98776 -25.98776 -25.98776 -25.98776 -25.98776 -25.98780
 -25.91005 -25.91005 -25.91005 -25.91005 -25.91005 -25.91006 -25.91009
 -25.87489 -25.87489 -25.87489 -25.87489 -25.87489 -25.87489 -25.87492
 -25.85360 -25.85360 -25.85360 -25.85360 -25.85360 -25.85361 -25.85363
 -25.83658 -25.83658 -25.83658 -25.83658 -25.83658 -25.83658 -25.83660
 -25.83790 -25.83790 -25.83790 -25.83790 -25.83790 -25.83790 -25.83792
 -25.87331 -25.87331 -25.87331 -25.87331 -25.87331 -25.87331 -25.87332
 -25.93468 -25.93468 -25.93468 -25.93468 -25.93468 -25.93468 -25.93469
 -25.97796 -25.97796 -25.97796 -25.97796 -25.97796 -25.97796 -25.97797
C-------------------------------------------------------------------------------
C                                                                               
C  Low-level line power coefficients  - unfiltered                              
C                                                                               
C                                                                               
C                                                                               
C  CODE     : ADAS810                                                           
C  PRODUCER : Adam Foster                                                       
C  DATE     : 15/05/09                                                          
C                                                                               
C-------------------------------------------------------------------------------
