   74    7   14   27   27     /TUNGSTEN           /ADAS810-total           ADF11
 -------------------------------------------------------------------------------
  10.00000  11.00000  12.00000  13.00000  14.00000  15.00000  16.00000
   1.09909   1.27520   1.49704   1.79807   2.09909   2.49704   2.79807   2.97416
   3.09909   3.27520   3.49704   3.79807   4.09909   4.27520
 --------------------/ IGRD= 1  / IPRT= 0  /PLT     / Z1=27   / DATE= 15.05.09
 -31.17290 -31.17290 -31.17290 -31.17290 -31.17290 -31.17290 -31.17292
 -28.80273 -28.80273 -28.80273 -28.80273 -28.80273 -28.80273 -28.80275
 -26.94182 -26.94182 -26.94182 -26.94182 -26.94182 -26.94182 -26.94183
 -25.60275 -25.60275 -25.60275 -25.60275 -25.60275 -25.60275 -25.60277
 -24.97200 -24.97200 -24.97200 -24.97200 -24.97200 -24.97201 -24.97206
 -24.62851 -24.62851 -24.62851 -24.62851 -24.62851 -24.62852 -24.62861
 -24.54593 -24.54593 -24.54593 -24.54593 -24.54594 -24.54595 -24.54606
 -24.53472 -24.53472 -24.53472 -24.53472 -24.53472 -24.53474 -24.53485
 -24.53765 -24.53765 -24.53765 -24.53765 -24.53765 -24.53766 -24.53777
 -24.55186 -24.55186 -24.55186 -24.55186 -24.55186 -24.55187 -24.55198
 -24.58260 -24.58260 -24.58260 -24.58260 -24.58260 -24.58261 -24.58271
 -24.64058 -24.64058 -24.64058 -24.64058 -24.64058 -24.64059 -24.64067
 -24.71351 -24.71351 -24.71351 -24.71351 -24.71351 -24.71352 -24.71358
 -24.76115 -24.76115 -24.76115 -24.76115 -24.76115 -24.76115 -24.76121
C-------------------------------------------------------------------------------
C                                                                               
C  Low-level line power coefficients  - unfiltered                              
C                                                                               
C                                                                               
C                                                                               
C  CODE     : ADAS810                                                           
C  PRODUCER : Adam Foster                                                       
C  DATE     : 15/05/09                                                          
C                                                                               
C-------------------------------------------------------------------------------
