   74    7   14    3    3     /TUNGSTEN           /ADAS810-total           ADF11
 -------------------------------------------------------------------------------
  10.00000  11.00000  12.00000  13.00000  14.00000  15.00000  16.00000
  -0.80939  -0.63330  -0.41145  -0.11042   0.19061   0.58855   0.88958   1.06569
   1.19061   1.36670   1.58855   1.88958   2.19061   2.36670
 --------------------/ IGRD= 1  / IPRT= 0  /PLT     / Z1= 3   / DATE= 15.05.09
 -45.09013 -45.09016 -45.09045 -45.09330 -45.12085 -45.32893 -46.01078
 -38.09378 -38.09381 -38.09404 -38.09637 -38.11902 -38.29749 -38.93795
 -32.53367 -32.53369 -32.53387 -32.53570 -32.55351 -32.70021 -33.28754
 -28.43355 -28.43356 -28.43369 -28.43498 -28.44767 -28.55757 -29.06753
 -26.45049 -26.45050 -26.45060 -26.45154 -26.46084 -26.54413 -26.97815
 -25.31467 -25.31468 -25.31476 -25.31550 -25.32286 -25.38734 -25.69713
 -24.91373 -24.91374 -24.91382 -24.91460 -24.92230 -24.98734 -25.26578
 -24.74449 -24.74450 -24.74458 -24.74544 -24.75383 -24.82385 -25.11042
 -24.63777 -24.63778 -24.63787 -24.63878 -24.64771 -24.72188 -25.01833
 -24.51077 -24.51078 -24.51088 -24.51185 -24.52142 -24.60081 -24.91216
 -24.39862 -24.39863 -24.39874 -24.39975 -24.40974 -24.49309 -24.82013
 -24.32248 -24.32249 -24.32259 -24.32359 -24.33342 -24.41674 -24.75526
 -24.30285 -24.30286 -24.30295 -24.30387 -24.31297 -24.39147 -24.73048
 -24.30923 -24.30924 -24.30932 -24.31019 -24.31870 -24.39301 -24.72772
C-------------------------------------------------------------------------------
C                                                                               
C  Low-level line power coefficients  - unfiltered                              
C                                                                               
C                                                                               
C                                                                               
C  CODE     : ADAS810                                                           
C  PRODUCER : Adam Foster                                                       
C  DATE     : 15/05/09                                                          
C                                                                               
C-------------------------------------------------------------------------------
