   74    7   14   64   64     /TUNGSTEN           /ADAS810-total           ADF11
 -------------------------------------------------------------------------------
  10.00000  11.00000  12.00000  13.00000  14.00000  15.00000  16.00000
   1.84874   2.02490   2.24674   2.54765   2.84874   3.24674   3.54765   3.72378
   3.84874   4.02490   4.24674   4.54765   4.84874   5.02490
 --------------------/ IGRD= 1  / IPRT= 0  /PLT     / Z1=64   / DATE= 24.05.12
 -27.65743 -27.65743 -27.65743 -27.65743 -27.65743 -27.65743 -27.65743
 -26.89428 -26.89428 -26.89428 -26.89428 -26.89428 -26.89428 -26.89428
 -26.31683 -26.31683 -26.31683 -26.31683 -26.31683 -26.31683 -26.31683
 -25.92786 -25.92786 -25.92786 -25.92786 -25.92786 -25.92786 -25.92786
 -25.78072 -25.78072 -25.78072 -25.78072 -25.78072 -25.78072 -25.78072
 -25.72182 -25.72182 -25.72182 -25.72182 -25.72182 -25.72182 -25.72182
 -25.62350 -25.62350 -25.62350 -25.62350 -25.62350 -25.62350 -25.62350
 -25.52899 -25.52899 -25.52899 -25.52899 -25.52899 -25.52899 -25.52899
 -25.46599 -25.46599 -25.46599 -25.46599 -25.46599 -25.46599 -25.46599
 -25.39967 -25.39967 -25.39967 -25.39967 -25.39967 -25.39967 -25.39967
 -25.35559 -25.35559 -25.35559 -25.35559 -25.35559 -25.35559 -25.35559
 -25.34865 -25.34865 -25.34865 -25.34865 -25.34865 -25.34865 -25.34865
 -25.37888 -25.37888 -25.37888 -25.37888 -25.37888 -25.37888 -25.37888
 -25.40771 -25.40771 -25.40771 -25.40771 -25.40771 -25.40771 -25.40771
C-------------------------------------------------------------------------------
C                                                                               
C  Low-level line power coefficients  - unfiltered                              
C                                                                               
C                                                                               
C                                                                               
C  CODE     : ADAS810                                                           
C  PRODUCER : Martin O'Mullane                                                  
C  DATE     : 24/05/12                                                          
C                                                                               
C-------------------------------------------------------------------------------
