   74    7   14   45   45     /TUNGSTEN           /ADAS810-total           ADF11
 -------------------------------------------------------------------------------
  10.00000  11.00000  12.00000  13.00000  14.00000  15.00000  16.00000
   1.54280   1.71888   1.94074   2.24177   2.54280   2.94074   3.24177   3.41785
   3.54280   3.71888   3.94074   4.24177   4.54280   4.71888
 --------------------/ IGRD= 1  / IPRT= 0  /PLT     / Z1=45   / DATE= 18.05.09
 -26.45557 -26.45557 -26.45557 -26.45557 -26.45557 -26.45557 -26.45562
 -25.87979 -25.87979 -25.87979 -25.87979 -25.87980 -25.87980 -25.87985
 -25.44497 -25.44497 -25.44497 -25.44497 -25.44497 -25.44498 -25.44504
 -25.15009 -25.15009 -25.15009 -25.15009 -25.15009 -25.15010 -25.15018
 -25.03202 -25.03202 -25.03202 -25.03202 -25.03202 -25.03203 -25.03212
 -24.89786 -24.89786 -24.89786 -24.89786 -24.89786 -24.89787 -24.89799
 -24.76329 -24.76329 -24.76329 -24.76329 -24.76329 -24.76331 -24.76347
 -24.70942 -24.70942 -24.70942 -24.70942 -24.70942 -24.70944 -24.70962
 -24.68581 -24.68581 -24.68581 -24.68581 -24.68581 -24.68583 -24.68603
 -24.67067 -24.67067 -24.67067 -24.67067 -24.67067 -24.67069 -24.67089
 -24.67363 -24.67363 -24.67363 -24.67363 -24.67363 -24.67365 -24.67384
 -24.70556 -24.70556 -24.70556 -24.70556 -24.70556 -24.70558 -24.70575
 -24.75920 -24.75920 -24.75920 -24.75920 -24.75920 -24.75921 -24.75936
 -24.79735 -24.79735 -24.79735 -24.79735 -24.79735 -24.79736 -24.79749
C-------------------------------------------------------------------------------
C                                                                               
C  Low-level line power coefficients  - unfiltered                              
C                                                                               
C                                                                               
C                                                                               
C  CODE     : ADAS810                                                           
C  PRODUCER : Adam Foster                                                       
C  DATE     : 18/05/09                                                          
C                                                                               
C-------------------------------------------------------------------------------
