   74    7   14    9    9     /TUNGSTEN           /ADAS810-total           ADF11
 -------------------------------------------------------------------------------
  10.00000  11.00000  12.00000  13.00000  14.00000  15.00000  16.00000
   0.14485   0.32096   0.54280   0.84382   1.14485   1.54280   1.84382   2.01991
   2.14485   2.32096   2.54280   2.84382   3.14485   3.32096
 --------------------/ IGRD= 1  / IPRT= 0  /PLT     / Z1= 9   / DATE= 18.05.09
 -39.15576 -39.15576 -39.15576 -39.15576 -39.15580 -39.15610 -39.15914
 -33.98107 -33.98107 -33.98107 -33.98108 -33.98110 -33.98135 -33.98383
 -29.87533 -29.87533 -29.87533 -29.87534 -29.87535 -29.87555 -29.87747
 -26.85048 -26.85048 -26.85048 -26.85048 -26.85049 -26.85063 -26.85201
 -25.39065 -25.39065 -25.39065 -25.39065 -25.39067 -25.39089 -25.39306
 -24.54925 -24.54925 -24.54925 -24.54926 -24.54937 -24.55044 -24.56092
 -24.28318 -24.28318 -24.28319 -24.28321 -24.28341 -24.28540 -24.30463
 -24.20357 -24.20357 -24.20357 -24.20359 -24.20383 -24.20622 -24.22909
 -24.16856 -24.16856 -24.16857 -24.16859 -24.16885 -24.17143 -24.19606
 -24.14282 -24.14282 -24.14282 -24.14285 -24.14312 -24.14583 -24.17166
 -24.13950 -24.13951 -24.13951 -24.13954 -24.13981 -24.14251 -24.16822
 -24.16739 -24.16739 -24.16739 -24.16742 -24.16767 -24.17017 -24.19403
 -24.22309 -24.22309 -24.22310 -24.22312 -24.22334 -24.22550 -24.24634
 -24.26283 -24.26283 -24.26284 -24.26286 -24.26305 -24.26502 -24.28398
C-------------------------------------------------------------------------------
C                                                                               
C  Low-level line power coefficients  - unfiltered                              
C                                                                               
C                                                                               
C                                                                               
C  CODE     : ADAS810                                                           
C  PRODUCER : Adam Foster                                                       
C  DATE     : 18/05/09                                                          
C                                                                               
C-------------------------------------------------------------------------------
