   74    7   14   32   32     /TUNGSTEN           /ADAS810-total           ADF11
 -------------------------------------------------------------------------------
  10.00000  11.00000  12.00000  13.00000  14.00000  15.00000  16.00000
   1.24667   1.42275   1.64461   1.94564   2.24667   2.64461   2.94564   3.12172
   3.24667   3.42275   3.64461   3.94564   4.24667   4.42275
 --------------------/ IGRD= 1  / IPRT= 0  /PLT     / Z1=32   / DATE= 18.05.09
 -29.01518 -29.01518 -29.01518 -29.01518 -29.01518 -29.01519 -29.01520
 -27.38819 -27.38819 -27.38819 -27.38819 -27.38819 -27.38819 -27.38820
 -26.12298 -26.12298 -26.12298 -26.12298 -26.12298 -26.12298 -26.12300
 -25.22062 -25.22062 -25.22062 -25.22062 -25.22062 -25.22062 -25.22065
 -24.78866 -24.78866 -24.78866 -24.78866 -24.78866 -24.78867 -24.78879
 -24.52141 -24.52141 -24.52141 -24.52141 -24.52142 -24.52147 -24.52190
 -24.44686 -24.44686 -24.44686 -24.44687 -24.44687 -24.44695 -24.44760
 -24.43823 -24.43823 -24.43823 -24.43823 -24.43824 -24.43832 -24.43904
 -24.44182 -24.44182 -24.44182 -24.44183 -24.44183 -24.44192 -24.44266
 -24.45847 -24.45847 -24.45847 -24.45847 -24.45848 -24.45856 -24.45929
 -24.49369 -24.49369 -24.49369 -24.49369 -24.49370 -24.49377 -24.49446
 -24.55726 -24.55726 -24.55726 -24.55726 -24.55727 -24.55733 -24.55793
 -24.63581 -24.63581 -24.63581 -24.63581 -24.63581 -24.63586 -24.63636
 -24.68609 -24.68609 -24.68609 -24.68609 -24.68609 -24.68614 -24.68658
C-------------------------------------------------------------------------------
C                                                                               
C  Low-level line power coefficients  - unfiltered                              
C                                                                               
C                                                                               
C                                                                               
C  CODE     : ADAS810                                                           
C  PRODUCER : Adam Foster                                                       
C  DATE     : 18/05/09                                                          
C                                                                               
C-------------------------------------------------------------------------------
