   74    7   14   56   56     /TUNGSTEN           /ADAS810-total           ADF11
 -------------------------------------------------------------------------------
  10.00000  11.00000  12.00000  13.00000  14.00000  15.00000  16.00000
   1.73275   1.90884   2.13069   2.43172   2.73275   3.13069   3.43172   3.60781
   3.73275   3.90884   4.13069   4.43172   4.73275   4.90884
 --------------------/ IGRD= 1  / IPRT= 0  /PLT     / Z1=56   / DATE= 15.05.09
 -27.76861 -27.76861 -27.76861 -27.76861 -27.76861 -27.76864 -27.76896
 -26.88966 -26.88966 -26.88966 -26.88966 -26.88966 -26.88968 -26.88992
 -26.17059 -26.17059 -26.17059 -26.17059 -26.17060 -26.17071 -26.17148
 -25.63498 -25.63498 -25.63498 -25.63501 -25.63520 -25.63652 -25.64273
 -25.38097 -25.38097 -25.38097 -25.38106 -25.38175 -25.38609 -25.40206
 -25.17647 -25.17647 -25.17649 -25.17668 -25.17810 -25.18537 -25.20742
 -25.06206 -25.06206 -25.06209 -25.06235 -25.06417 -25.07200 -25.09441
 -25.02725 -25.02725 -25.02728 -25.02756 -25.02949 -25.03721 -25.05904
 -25.01662 -25.01662 -25.01665 -25.01694 -25.01888 -25.02639 -25.04753
 -25.01697 -25.01698 -25.01701 -25.01729 -25.01918 -25.02623 -25.04607
 -25.03636 -25.03636 -25.03639 -25.03664 -25.03840 -25.04475 -25.06269
 -25.08549 -25.08549 -25.08551 -25.08573 -25.08723 -25.09257 -25.10783
 -25.15192 -25.15192 -25.15194 -25.15211 -25.15332 -25.15773 -25.17046
 -25.19682 -25.19682 -25.19684 -25.19698 -25.19804 -25.20197 -25.21340
C-------------------------------------------------------------------------------
C                                                                               
C  Low-level line power coefficients  - unfiltered                              
C                                                                               
C                                                                               
C                                                                               
C  CODE     : ADAS810                                                           
C  PRODUCER : Adam Foster                                                       
C  DATE     : 15/05/09                                                          
C                                                                               
C-------------------------------------------------------------------------------
