   74    7   14    7    7     /TUNGSTEN           /ADAS810-total           ADF11
 -------------------------------------------------------------------------------
  10.00000  11.00000  12.00000  13.00000  14.00000  15.00000  16.00000
  -0.07344   0.10267   0.32451   0.62554   0.92656   1.32451   1.62554   1.80163
   1.92656   2.10267   2.32451   2.62554   2.92656   3.10267
 --------------------/ IGRD= 1  / IPRT= 0  /PLT     / Z1= 7   / DATE= 15.05.09
 -47.30092 -47.30092 -47.30092 -47.30093 -47.30102 -47.30188 -47.31039
 -40.06236 -40.06236 -40.06236 -40.06236 -40.06241 -40.06289 -40.06761
 -33.85983 -33.85983 -33.85983 -33.85983 -33.85986 -33.86013 -33.86287
 -29.04848 -29.04848 -29.04848 -29.04848 -29.04849 -29.04862 -29.04998
 -26.51257 -26.51251 -26.51241 -26.51236 -26.51235 -26.51232 -26.51235
 -24.95526 -24.95772 -24.96093 -24.96198 -24.96254 -24.96603 -24.98016
 -24.54272 -24.55407 -24.56550 -24.56878 -24.57109 -24.58483 -24.62415
 -24.48448 -24.49979 -24.51301 -24.51667 -24.51946 -24.53554 -24.57730
 -24.48338 -24.50036 -24.51344 -24.51702 -24.51979 -24.53555 -24.57503
 -24.50671 -24.52535 -24.53745 -24.54073 -24.54322 -24.55720 -24.59152
 -24.55112 -24.57196 -24.58276 -24.58565 -24.58769 -24.59905 -24.62708
 -24.61402 -24.63952 -24.64929 -24.65186 -24.65342 -24.66194 -24.68386
 -24.67760 -24.71033 -24.71997 -24.72247 -24.72370 -24.73025 -24.74820
 -24.71565 -24.75400 -24.76390 -24.76643 -24.76754 -24.77320 -24.78942
C-------------------------------------------------------------------------------
C                                                                               
C  Low-level line power coefficients  - unfiltered                              
C                                                                               
C                                                                               
C                                                                               
C  CODE     : ADAS810                                                           
C  PRODUCER : Adam Foster                                                       
C  DATE     : 15/05/09                                                          
C                                                                               
C-------------------------------------------------------------------------------
