   74    7   14   74   74     /TUNGSTEN           /ADAS810-total           ADF11
 -------------------------------------------------------------------------------
  10.00000  11.00000  12.00000  13.00000  14.00000  15.00000  16.00000
   1.97483   2.15091   2.37276   2.67380   2.97483   3.37276   3.67380   3.84989
   3.97483   4.15091   4.37276   4.67380   4.97483   5.15091
 --------------------/ IGRD= 1  / IPRT= 0  /PLT     / Z1=74   / DATE= 15.05.09
 -74.00000 -74.00000 -74.00000 -74.00000 -74.00000 -74.00000 -74.00000
 -74.00000 -74.00000 -74.00000 -74.00000 -74.00000 -74.00000 -74.00000
 -74.00000 -74.00000 -74.00000 -74.00000 -74.00000 -74.00000 -74.00000
 -74.00000 -74.00000 -74.00000 -74.00000 -74.00000 -74.00000 -74.00000
 -57.95730 -53.57863 -53.79207 -53.79207 -53.79161 -53.79154 -53.79158
 -37.30607 -37.30607 -37.30607 -37.30607 -37.30607 -37.30606 -37.30603
 -31.85883 -31.85883 -31.85883 -31.85883 -31.85883 -31.85882 -31.85877
 -30.06367 -30.06367 -30.06367 -30.06367 -30.06367 -30.06366 -30.06360
 -29.17613 -29.17613 -29.17613 -29.17613 -29.17613 -29.17612 -29.17605
 -28.30451 -28.30451 -28.30451 -28.30451 -28.30451 -28.30450 -28.30443
 -27.63417 -27.63417 -27.63417 -27.63417 -27.63417 -27.63416 -27.63408
 -27.17747 -27.17747 -27.17747 -27.17747 -27.17747 -27.17746 -27.17740
 -26.99407 -26.99407 -26.99407 -26.99407 -26.99407 -26.99406 -26.99402
 -26.95066 -26.95066 -26.95066 -26.95066 -26.95066 -26.95066 -26.95062
C-------------------------------------------------------------------------------
C                                                                               
C  Low-level line power coefficients  - unfiltered                              
C                                                                               
C                                                                               
C                                                                               
C  CODE     : ADAS810                                                           
C  PRODUCER : Adam Foster                                                       
C  DATE     : 15/05/09                                                          
C                                                                               
C-------------------------------------------------------------------------------
