   74    7   14   65   65     /TUNGSTEN           /ADAS810-total           ADF11
 -------------------------------------------------------------------------------
  10.00000  11.00000  12.00000  13.00000  14.00000  15.00000  16.00000
   1.86220   2.03830   2.26014   2.56116   2.86220   3.26014   3.56116   3.73726
   3.86220   4.03830   4.26014   4.56116   4.86220   5.03830
 --------------------/ IGRD= 1  / IPRT= 0  /PLT     / Z1=65   / DATE= 15.05.09
 -74.00000 -74.00000 -74.00000 -74.00000 -74.00000 -74.00000 -74.00000
 -74.00000 -74.00000 -74.00000 -74.00000 -62.02054 -60.97247 -60.86637
 -46.74720 -46.74720 -46.74720 -46.74720 -46.74720 -46.74720 -46.74720
 -35.93219 -35.93219 -35.93219 -35.93219 -35.93219 -35.93219 -35.93219
 -30.49837 -30.49837 -30.49837 -30.49837 -30.49837 -30.49837 -30.49837
 -27.26972 -27.26972 -27.26972 -27.26972 -27.26972 -27.26972 -27.26972
 -26.22237 -26.22237 -26.22237 -26.22237 -26.22237 -26.22237 -26.22237
 -25.89144 -25.89144 -25.89144 -25.89144 -25.89144 -25.89144 -25.89144
 -25.73610 -25.73610 -25.73610 -25.73610 -25.73610 -25.73610 -25.73610
 -25.59466 -25.59466 -25.59466 -25.59466 -25.59466 -25.59466 -25.59466
 -25.50141 -25.50141 -25.50141 -25.50141 -25.50141 -25.50141 -25.50141
 -25.46026 -25.46026 -25.46026 -25.46026 -25.46026 -25.46026 -25.46026
 -25.47107 -25.47107 -25.47107 -25.47107 -25.47107 -25.47107 -25.47107
 -25.49205 -25.49205 -25.49205 -25.49205 -25.49205 -25.49205 -25.49205
C-------------------------------------------------------------------------------
C                                                                               
C  Low-level line power coefficients  - unfiltered                              
C                                                                               
C                                                                               
C                                                                               
C  CODE     : ADAS810                                                           
C  PRODUCER : Adam Foster                                                       
C  DATE     : 15/05/09                                                          
C                                                                               
C-------------------------------------------------------------------------------
