   74    7   14   73   73     /TUNGSTEN           /ADAS810-total           ADF11
 -------------------------------------------------------------------------------
  10.00000  11.00000  12.00000  13.00000  14.00000  15.00000  16.00000
   1.96302   2.13909   2.36095   2.66198   2.96302   3.36095   3.66198   3.83807
   3.96302   4.13909   4.36095   4.66198   4.96302   5.13909
 --------------------/ IGRD= 1  / IPRT= 0  /PLT     / Z1=73   / DATE= 15.05.09
 -74.00000 -74.00000 -74.00000 -74.00000 -74.00000 -74.00000 -74.00000
 -74.00000 -74.00000 -74.00000 -74.00000 -74.00000 -74.00000 -74.00000
 -74.00000 -74.00000 -74.00000 -74.00000 -74.00000 -74.00000 -74.00000
 -74.00000 -74.00000 -74.00000 -74.00000 -74.00000 -74.00000 -74.00000
 -61.62624 -53.79784 -53.82524 -53.85778 -53.85422 -53.85375 -53.85374
 -37.14949 -37.14949 -37.14949 -37.14949 -37.14949 -37.14949 -37.14949
 -31.62859 -31.62859 -31.62859 -31.62859 -31.62859 -31.62859 -31.62859
 -29.80956 -29.80956 -29.80956 -29.80956 -29.80956 -29.80956 -29.80956
 -28.90909 -28.90909 -28.90909 -28.90909 -28.90909 -28.90909 -28.90909
 -28.02502 -28.02502 -28.02502 -28.02502 -28.02502 -28.02502 -28.02502
 -27.34498 -27.34498 -27.34498 -27.34498 -27.34498 -27.34498 -27.34498
 -26.88105 -26.88105 -26.88105 -26.88105 -26.88105 -26.88105 -26.88105
 -26.69406 -26.69406 -26.69406 -26.69406 -26.69406 -26.69406 -26.69406
 -26.64994 -26.64994 -26.64994 -26.64994 -26.64994 -26.64994 -26.64994
C-------------------------------------------------------------------------------
C                                                                               
C  Low-level line power coefficients  - unfiltered                              
C                                                                               
C                                                                               
C                                                                               
C  CODE     : ADAS810                                                           
C  PRODUCER : Adam Foster                                                       
C  DATE     : 15/05/09                                                          
C                                                                               
C-------------------------------------------------------------------------------
