   74    7   14   27   27     /TUNGSTEN           /ADAS810-total           ADF11
 -------------------------------------------------------------------------------
  10.00000  11.00000  12.00000  13.00000  14.00000  15.00000  16.00000
   1.09909   1.27520   1.49704   1.79807   2.09909   2.49704   2.79807   2.97416
   3.09909   3.27520   3.49704   3.79807   4.09909   4.27520
 --------------------/ IGRD= 1  / IPRT= 0  /PLT     / Z1=27   / DATE= 15.05.09
 -28.57505 -28.65392 -28.76218 -29.05569 -29.79155 -30.73954 -31.63062
 -28.46056 -28.53154 -28.63315 -28.90211 -29.36940 -29.56847 -29.59717
 -27.39202 -27.39865 -27.40802 -27.42831 -27.44384 -27.44673 -27.44705
 -25.85066 -25.85108 -25.85204 -25.85465 -25.85607 -25.85639 -25.85654
 -25.10395 -25.10238 -25.09649 -25.09513 -25.09722 -25.09930 -25.10128
 -24.72014 -24.71047 -24.68963 -24.69029 -24.69865 -24.70661 -24.71412
 -24.63422 -24.62138 -24.59218 -24.59412 -24.60578 -24.61678 -24.62729
 -24.62084 -24.60872 -24.57590 -24.57761 -24.59012 -24.60190 -24.61333
 -24.62184 -24.61133 -24.57638 -24.57750 -24.59023 -24.60224 -24.61402
 -24.63167 -24.62479 -24.58736 -24.58718 -24.59979 -24.61173 -24.62368
 -24.65510 -24.65451 -24.61484 -24.61249 -24.62449 -24.63599 -24.64780
 -24.70082 -24.71095 -24.66986 -24.66390 -24.67457 -24.68515 -24.69636
 -24.75959 -24.78160 -24.74081 -24.73081 -24.73991 -24.74951 -24.75996
 -24.79838 -24.82734 -24.78758 -24.77508 -24.78323 -24.79228 -24.80225
C-------------------------------------------------------------------------------
C                                                                               
C  Low-level line power coefficients  - unfiltered                              
C                                                                               
C                                                                               
C                                                                               
C  CODE     : ADAS810                                                           
C  PRODUCER : Adam Foster                                                       
C  DATE     : 15/05/09                                                          
C                                                                               
C-------------------------------------------------------------------------------
