   74    7   14    2    2     /TUNGSTEN           /ADAS810-total           ADF11
 -------------------------------------------------------------------------------
  10.00000  11.00000  12.00000  13.00000  14.00000  15.00000  16.00000
  -1.16159  -0.98548  -0.76371  -0.46256  -0.16159   0.23629   0.53744   0.71349
   0.83841   1.01452   1.23629   1.53744   1.83841   2.01452
 --------------------/ IGRD= 1  / IPRT= 0  /PLT     / Z1= 2   / DATE= 27.05.12
 -35.42027 -36.42027 -37.42027 -38.42027 -39.42027 -40.42027 -41.42027
 -33.77162 -34.77161 -35.77161 -36.77161 -37.77161 -38.77161 -39.77161
 -32.45553 -33.45358 -34.43472 -35.28507 -35.78056 -36.35815 -37.26370
 -29.70027 -29.70676 -29.70831 -29.71735 -29.79806 -30.22783 -31.08953
 -26.78003 -26.78011 -26.78075 -26.78708 -26.84567 -27.19901 -28.01532
 -25.13793 -25.13798 -25.13847 -25.14328 -25.18867 -25.48672 -26.25958
 -24.64537 -24.64542 -24.64597 -24.65142 -24.70241 -25.02378 -25.81198
 -24.50136 -24.50142 -24.50202 -24.50801 -24.56369 -24.90346 -25.70351
 -24.43880 -24.43887 -24.43950 -24.44577 -24.50382 -24.85251 -25.65798
 -24.38924 -24.38931 -24.38996 -24.39640 -24.45592 -24.80989 -25.61833
 -24.36765 -24.36771 -24.36835 -24.37470 -24.43340 -24.78429 -25.59094
 -24.38234 -24.38240 -24.38299 -24.38882 -24.44314 -24.77739 -25.57378
 -24.42507 -24.42512 -24.42564 -24.43078 -24.47901 -24.78858 -25.56793
 -24.45985 -24.45990 -24.46037 -24.46506 -24.50932 -24.80162 -25.56757
C-------------------------------------------------------------------------------
C                                                                               
C  Low-level line power coefficients  - unfiltered                              
C                                                                               
C                                                                               
C                                                                               
C  CODE     : ADAS810                                                           
C  PRODUCER : Martin O'Mullane                                                  
C  DATE     : 27/05/12                                                          
C                                                                               
C-------------------------------------------------------------------------------
