   74    7   14   32   32     /TUNGSTEN           /ADAS810-total           ADF11
 -------------------------------------------------------------------------------
  10.00000  11.00000  12.00000  13.00000  14.00000  15.00000  16.00000
   1.24667   1.42275   1.64461   1.94564   2.24667   2.64461   2.94564   3.12172
   3.24667   3.42275   3.64461   3.94564   4.24667   4.42275
 --------------------/ IGRD= 1  / IPRT= 0  /PLT     / Z1=32   / DATE= 03.06.09
 -29.03685 -29.03685 -29.03685 -29.03685 -29.03685 -29.03685 -29.03687
 -27.40999 -27.40999 -27.40999 -27.40999 -27.40999 -27.40999 -27.41001
 -26.14753 -26.14753 -26.14753 -26.14753 -26.14753 -26.14753 -26.14754
 -25.25658 -25.25658 -25.25658 -25.25658 -25.25659 -25.25659 -25.25662
 -24.86024 -24.86024 -24.86024 -24.86024 -24.86024 -24.86025 -24.86030
 -24.66750 -24.66750 -24.66750 -24.66750 -24.66750 -24.66751 -24.66758
 -24.63567 -24.63567 -24.63567 -24.63567 -24.63567 -24.63568 -24.63576
 -24.64252 -24.64252 -24.64252 -24.64252 -24.64252 -24.64253 -24.64261
 -24.65247 -24.65247 -24.65247 -24.65247 -24.65247 -24.65248 -24.65256
 -24.67562 -24.67562 -24.67562 -24.67562 -24.67562 -24.67563 -24.67570
 -24.71289 -24.71289 -24.71289 -24.71289 -24.71289 -24.71290 -24.71296
 -24.77608 -24.77608 -24.77608 -24.77608 -24.77608 -24.77608 -24.77614
 -24.85166 -24.85166 -24.85166 -24.85166 -24.85166 -24.85167 -24.85171
 -24.90060 -24.90060 -24.90060 -24.90060 -24.90060 -24.90061 -24.90065
C-------------------------------------------------------------------------------
C                                                                               
C  Low-level line power coefficients  - unfiltered                              
C                                                                               
C                                                                               
C                                                                               
C  CODE     : ADAS810                                                           
C  PRODUCER : Adam Foster                                                       
C  DATE     : 03/06/09                                                          
C                                                                               
C-------------------------------------------------------------------------------
