   74    7   14    6    6     /TUNGSTEN           /ADAS810-total           ADF11
 -------------------------------------------------------------------------------
  10.00000  11.00000  12.00000  13.00000  14.00000  15.00000  16.00000
  -0.20733  -0.03124   0.19061   0.49164   0.79267   1.19061   1.49164   1.66773
   1.79267   1.96876   2.19061   2.49164   2.79267   2.96876
 --------------------/ IGRD= 1  / IPRT= 0  /PLT     / Z1= 6   / DATE= 15.05.09
 -28.69860 -29.61351 -30.60401 -31.60304 -32.60295 -33.60293 -34.60285
 -28.51439 -29.43049 -30.42100 -31.41874 -32.40574 -33.29548 -33.82106
 -28.38226 -29.27347 -30.05281 -30.36546 -30.41434 -30.42342 -30.46124
 -27.70252 -27.81489 -27.83085 -27.83254 -27.83295 -27.83547 -27.85959
 -26.42806 -26.43351 -26.43418 -26.43425 -26.43433 -26.43500 -26.44179
 -25.13568 -25.13573 -25.13573 -25.13575 -25.13582 -25.13607 -25.13771
 -24.61680 -24.61589 -24.61582 -24.61639 -24.61821 -24.62344 -24.64034
 -24.50077 -24.50082 -24.50086 -24.50192 -24.50508 -24.51322 -24.53495
 -24.47190 -24.47348 -24.47369 -24.47498 -24.47874 -24.48767 -24.50882
 -24.47152 -24.47609 -24.47661 -24.47806 -24.48210 -24.49077 -24.50806
 -24.49947 -24.50862 -24.50963 -24.51107 -24.51497 -24.52244 -24.53399
 -24.54941 -24.56606 -24.56788 -24.56922 -24.57266 -24.57864 -24.58465
 -24.60198 -24.62798 -24.63088 -24.63212 -24.63510 -24.64015 -24.64323
 -24.63355 -24.66610 -24.66981 -24.67102 -24.67376 -24.67846 -24.68064
C-------------------------------------------------------------------------------
C                                                                               
C  Low-level line power coefficients  - unfiltered                              
C                                                                               
C                                                                               
C                                                                               
C  CODE     : ADAS810                                                           
C  PRODUCER : Adam Foster                                                       
C  DATE     : 15/05/09                                                          
C                                                                               
C-------------------------------------------------------------------------------
