   74    7   14   26   26     /TUNGSTEN           /ADAS810-total           ADF11
 -------------------------------------------------------------------------------
  10.00000  11.00000  12.00000  13.00000  14.00000  15.00000  16.00000
   1.06633   1.24242   1.46425   1.76529   2.06633   2.46425   2.76529   2.94138
   3.06633   3.24242   3.46425   3.76529   4.06633   4.24242
 --------------------/ IGRD= 1  / IPRT= 0  /PLT     / Z1=26   / DATE= 18.05.09
 -31.69404 -31.69404 -31.69404 -31.69407 -31.69432 -31.69681 -31.71717
 -29.20881 -29.20881 -29.20881 -29.20881 -29.20885 -29.20923 -29.21220
 -27.20341 -27.20341 -27.20341 -27.20340 -27.20337 -27.20304 -27.20108
 -25.73889 -25.73889 -25.73889 -25.73889 -25.73884 -25.73846 -25.73703
 -25.02860 -25.02860 -25.02860 -25.02860 -25.02867 -25.02919 -25.03066
 -24.59426 -24.59426 -24.59427 -24.59431 -24.59468 -24.59750 -24.60436
 -24.45834 -24.45834 -24.45835 -24.45841 -24.45895 -24.46310 -24.47336
 -24.42415 -24.42415 -24.42416 -24.42422 -24.42481 -24.42937 -24.44106
 -24.41509 -24.41509 -24.41509 -24.41516 -24.41576 -24.42044 -24.43285
 -24.41540 -24.41540 -24.41541 -24.41547 -24.41606 -24.42076 -24.43387
 -24.43222 -24.43222 -24.43223 -24.43229 -24.43285 -24.43738 -24.45112
 -24.47677 -24.47677 -24.47677 -24.47682 -24.47732 -24.48143 -24.49555
 -24.54041 -24.54041 -24.54041 -24.54046 -24.54087 -24.54445 -24.55841
 -24.58367 -24.58367 -24.58368 -24.58372 -24.58409 -24.58735 -24.60108
C-------------------------------------------------------------------------------
C                                                                               
C  Low-level line power coefficients  - unfiltered                              
C                                                                               
C                                                                               
C                                                                               
C  CODE     : ADAS810                                                           
C  PRODUCER : Adam Foster                                                       
C  DATE     : 18/05/09                                                          
C                                                                               
C-------------------------------------------------------------------------------
