   74    7   14   51   51     /TUNGSTEN           /ADAS810-total           ADF11
 -------------------------------------------------------------------------------
  10.00000  11.00000  12.00000  13.00000  14.00000  15.00000  16.00000
   1.65151   1.82760   2.04945   2.35048   2.65151   3.04945   3.35048   3.52657
   3.65151   3.82760   4.04945   4.35048   4.65151   4.82760
 --------------------/ IGRD= 1  / IPRT= 0  /PLT     / Z1=51   / DATE= 15.05.09
 -28.44837 -28.44837 -28.44837 -28.44839 -28.44854 -28.44961 -28.45953
 -27.83441 -27.83441 -27.83438 -27.83412 -27.83248 -27.83069 -27.83741
 -26.93593 -26.93590 -26.93562 -26.93308 -26.92195 -26.91351 -26.91642
 -26.14920 -26.14916 -26.14881 -26.14607 -26.13891 -26.13697 -26.14104
 -25.75068 -25.75072 -25.75113 -25.75404 -25.75996 -25.76232 -25.76583
 -25.40277 -25.40285 -25.40366 -25.40905 -25.41833 -25.42074 -25.42496
 -25.23695 -25.23703 -25.23776 -25.24260 -25.25062 -25.25296 -25.25769
 -25.18597 -25.18604 -25.18672 -25.19116 -25.19862 -25.20120 -25.20639
 -25.16571 -25.16578 -25.16640 -25.17057 -25.17771 -25.18037 -25.18572
 -25.15336 -25.15342 -25.15398 -25.15775 -25.16450 -25.16726 -25.17267
 -25.15699 -25.15704 -25.15752 -25.16086 -25.16725 -25.17002 -25.17521
 -25.18495 -25.18499 -25.18537 -25.18807 -25.19385 -25.19664 -25.20170
 -25.23250 -25.23253 -25.23282 -25.23501 -25.24032 -25.24312 -25.24781
 -25.26755 -25.26758 -25.26783 -25.26975 -25.27479 -25.27762 -25.28217
C-------------------------------------------------------------------------------
C                                                                               
C  Low-level line power coefficients  - unfiltered                              
C                                                                               
C                                                                               
C                                                                               
C  CODE     : ADAS810                                                           
C  PRODUCER : Adam Foster                                                       
C  DATE     : 15/05/09                                                          
C                                                                               
C-------------------------------------------------------------------------------
