   74    7   14    9    9     /TUNGSTEN           /ADAS810-total           ADF11
 -------------------------------------------------------------------------------
  10.00000  11.00000  12.00000  13.00000  14.00000  15.00000  16.00000
   0.14485   0.32096   0.54280   0.84382   1.14485   1.54280   1.84382   2.01991
   2.14485   2.32096   2.54280   2.84382   3.14485   3.32096
 --------------------/ IGRD= 1  / IPRT= 0  /PLT     / Z1= 9   / DATE= 15.05.09
 -39.22844 -39.22844 -39.22844 -39.22845 -39.22847 -39.22873 -39.23132
 -34.05762 -34.05762 -34.05762 -34.05762 -34.05764 -34.05785 -34.05997
 -29.96079 -29.96079 -29.96079 -29.96079 -29.96081 -29.96098 -29.96262
 -26.95147 -26.95147 -26.95147 -26.95148 -26.95149 -26.95161 -26.95279
 -25.50686 -25.50686 -25.50686 -25.50686 -25.50687 -25.50701 -25.50837
 -24.70599 -24.70599 -24.70599 -24.70600 -24.70604 -24.70645 -24.71098
 -24.47768 -24.47768 -24.47768 -24.47769 -24.47775 -24.47842 -24.48674
 -24.41548 -24.41548 -24.41548 -24.41548 -24.41556 -24.41632 -24.42644
 -24.38936 -24.38936 -24.38936 -24.38936 -24.38944 -24.39025 -24.40127
 -24.37132 -24.37132 -24.37132 -24.37132 -24.37140 -24.37224 -24.38395
 -24.36837 -24.36837 -24.36837 -24.36838 -24.36846 -24.36930 -24.38107
 -24.39356 -24.39356 -24.39356 -24.39357 -24.39364 -24.39442 -24.40517
 -24.44059 -24.44059 -24.44059 -24.44060 -24.44067 -24.44135 -24.45051
 -24.47454 -24.47454 -24.47454 -24.47455 -24.47461 -24.47523 -24.48342
C-------------------------------------------------------------------------------
C                                                                               
C  Low-level line power coefficients  - unfiltered                              
C                                                                               
C                                                                               
C                                                                               
C  CODE     : ADAS810                                                           
C  PRODUCER : Adam Foster                                                       
C  DATE     : 15/05/09                                                          
C                                                                               
C-------------------------------------------------------------------------------
