   74    7   14   60   60     /TUNGSTEN           /ADAS810-total           ADF11
 -------------------------------------------------------------------------------
  10.00000  11.00000  12.00000  13.00000  14.00000  15.00000  16.00000
   1.79267   1.96876   2.19061   2.49164   2.79267   3.19061   3.49164   3.66773
   3.79267   3.96876   4.19061   4.49164   4.79267   4.96876
 --------------------/ IGRD= 1  / IPRT= 0  /PLT     / Z1=60   / DATE= 15.05.09
 -27.62750 -27.62750 -27.62750 -27.62750 -27.62750 -27.62751 -27.62756
 -26.91180 -26.91180 -26.91180 -26.91180 -26.91180 -26.91180 -26.91179
 -26.23422 -26.23422 -26.23422 -26.23422 -26.23422 -26.23421 -26.23413
 -25.67386 -25.67386 -25.67386 -25.67386 -25.67386 -25.67386 -25.67381
 -25.41444 -25.41444 -25.41444 -25.41444 -25.41444 -25.41444 -25.41448
 -25.26194 -25.26194 -25.26194 -25.26194 -25.26195 -25.26197 -25.26219
 -25.19905 -25.19905 -25.19905 -25.19905 -25.19906 -25.19910 -25.19947
 -25.18489 -25.18489 -25.18489 -25.18489 -25.18489 -25.18493 -25.18537
 -25.18459 -25.18459 -25.18459 -25.18459 -25.18460 -25.18464 -25.18510
 -25.19530 -25.19530 -25.19530 -25.19530 -25.19531 -25.19536 -25.19582
 -25.22342 -25.22342 -25.22342 -25.22342 -25.22343 -25.22347 -25.22391
 -25.27942 -25.27942 -25.27942 -25.27942 -25.27943 -25.27946 -25.27983
 -25.34966 -25.34966 -25.34966 -25.34966 -25.34966 -25.34969 -25.34999
 -25.39610 -25.39610 -25.39610 -25.39610 -25.39611 -25.39613 -25.39639
C-------------------------------------------------------------------------------
C                                                                               
C  Low-level line power coefficients  - unfiltered                              
C                                                                               
C                                                                               
C                                                                               
C  CODE     : ADAS810                                                           
C  PRODUCER : Adam Foster                                                       
C  DATE     : 15/05/09                                                          
C                                                                               
C-------------------------------------------------------------------------------
