   74    7   14   24   24     /TUNGSTEN           /ADAS810-total           ADF11
 -------------------------------------------------------------------------------
  10.00000  11.00000  12.00000  13.00000  14.00000  15.00000  16.00000
   0.99679   1.17289   1.39473   1.69576   1.99679   2.39473   2.69576   2.87185
   2.99679   3.17289   3.39473   3.69576   3.99679   4.17289
 --------------------/ IGRD= 1  / IPRT= 0  /PLT     / Z1=24   / DATE= 18.05.09
 -31.70922 -31.70922 -31.70925 -31.70951 -31.71211 -31.73721 -31.92430
 -29.68630 -29.68630 -29.68631 -29.68643 -29.68761 -29.69875 -29.77049
 -27.72480 -27.72480 -27.72479 -27.72473 -27.72412 -27.71877 -27.69660
 -26.03933 -26.03933 -26.03932 -26.03925 -26.03851 -26.03312 -26.02144
 -25.17341 -25.17341 -25.17341 -25.17342 -25.17349 -25.17398 -25.17469
 -24.63362 -24.63362 -24.63365 -24.63387 -24.63593 -24.64743 -24.66112
 -24.46209 -24.46209 -24.46213 -24.46247 -24.46568 -24.48342 -24.50440
 -24.41643 -24.41643 -24.41647 -24.41685 -24.42038 -24.44026 -24.46448
 -24.39987 -24.39987 -24.39991 -24.40030 -24.40393 -24.42473 -24.45095
 -24.39300 -24.39300 -24.39304 -24.39343 -24.39705 -24.41849 -24.44718
 -24.40348 -24.40348 -24.40352 -24.40389 -24.40735 -24.42876 -24.46008
 -24.44170 -24.44170 -24.44173 -24.44206 -24.44515 -24.46557 -24.50007
 -24.49881 -24.49881 -24.49884 -24.49912 -24.50177 -24.52044 -24.55734
 -24.53928 -24.53928 -24.53931 -24.53956 -24.54195 -24.55941 -24.59747
C-------------------------------------------------------------------------------
C                                                                               
C  Low-level line power coefficients  - unfiltered                              
C                                                                               
C                                                                               
C                                                                               
C  CODE     : ADAS810                                                           
C  PRODUCER : Adam Foster                                                       
C  DATE     : 18/05/09                                                          
C                                                                               
C-------------------------------------------------------------------------------
