   74    7   14    9    9     /TUNGSTEN           /ADAS810-total           ADF11
 -------------------------------------------------------------------------------
  10.00000  11.00000  12.00000  13.00000  14.00000  15.00000  16.00000
   0.14485   0.32096   0.54280   0.84382   1.14485   1.54280   1.84382   2.01991
   2.14485   2.32096   2.54280   2.84382   3.14485   3.32096
 --------------------/ IGRD= 1  / IPRT= 0  /PLT     / Z1= 9   / DATE= 15.05.09
 -28.27545 -28.24618 -28.41565 -29.10491 -30.05701 -31.05191 -32.05140
 -27.76285 -27.73741 -27.90261 -28.56417 -29.50911 -30.50307 -31.50134
 -27.24962 -27.27324 -27.48378 -28.14530 -29.06400 -29.85938 -30.19101
 -26.72865 -26.78665 -26.92514 -27.14413 -27.22355 -27.23389 -27.23593
 -25.66507 -25.65118 -25.64535 -25.64919 -25.65054 -25.65082 -25.65201
 -24.73754 -24.73343 -24.73142 -24.73099 -24.73099 -24.73148 -24.73665
 -24.46288 -24.46389 -24.46407 -24.46412 -24.46422 -24.46513 -24.47513
 -24.38698 -24.38947 -24.39033 -24.39058 -24.39073 -24.39181 -24.40403
 -24.35475 -24.35796 -24.35908 -24.35939 -24.35956 -24.36072 -24.37400
 -24.33043 -24.33448 -24.33597 -24.33640 -24.33659 -24.33780 -24.35178
 -24.32378 -24.32836 -24.33009 -24.33059 -24.33080 -24.33198 -24.34579
 -24.34266 -24.34785 -24.34993 -24.35054 -24.35076 -24.35184 -24.36422
 -24.38463 -24.39026 -24.39259 -24.39328 -24.39350 -24.39443 -24.40483
 -24.41711 -24.42307 -24.42566 -24.42644 -24.42667 -24.42751 -24.43671
C-------------------------------------------------------------------------------
C                                                                               
C  Low-level line power coefficients  - unfiltered                              
C                                                                               
C                                                                               
C                                                                               
C  CODE     : ADAS810                                                           
C  PRODUCER : Adam Foster                                                       
C  DATE     : 15/05/09                                                          
C                                                                               
C-------------------------------------------------------------------------------
