   74    7   14   22   22     /TUNGSTEN           /ADAS810-total           ADF11
 -------------------------------------------------------------------------------
  10.00000  11.00000  12.00000  13.00000  14.00000  15.00000  16.00000
   0.92121   1.09729   1.31915   1.62019   1.92121   2.31915   2.62019   2.79628
   2.92121   3.09729   3.31915   3.62019   3.92121   4.09729
 --------------------/ IGRD= 1  / IPRT= 0  /PLT     / Z1=22   / DATE= 15.05.09
 -36.04747 -36.04747 -36.04747 -36.04747 -36.04747 -36.04747 -36.04748
 -32.30100 -32.30100 -32.30100 -32.30100 -32.30100 -32.30100 -32.30100
 -29.34182 -29.34182 -29.34182 -29.34182 -29.34182 -29.34182 -29.34183
 -27.17991 -27.17991 -27.17991 -27.17991 -27.17991 -27.17991 -27.17991
 -26.15213 -26.15213 -26.15213 -26.15213 -26.15213 -26.15213 -26.15214
 -25.57554 -25.57554 -25.57554 -25.57554 -25.57554 -25.57554 -25.57555
 -25.38265 -25.38265 -25.38265 -25.38265 -25.38265 -25.38265 -25.38266
 -25.31238 -25.31238 -25.31238 -25.31238 -25.31238 -25.31238 -25.31239
 -25.27493 -25.27493 -25.27493 -25.27493 -25.27493 -25.27493 -25.27494
 -25.23541 -25.23541 -25.23541 -25.23541 -25.23541 -25.23541 -25.23542
 -25.20781 -25.20781 -25.20781 -25.20781 -25.20781 -25.20781 -25.20782
 -25.20192 -25.20192 -25.20192 -25.20192 -25.20192 -25.20192 -25.20193
 -25.22468 -25.22468 -25.22468 -25.22468 -25.22468 -25.22468 -25.22469
 -25.24774 -25.24774 -25.24774 -25.24774 -25.24774 -25.24774 -25.24775
C-------------------------------------------------------------------------------
C                                                                               
C  Low-level line power coefficients  - unfiltered                              
C                                                                               
C                                                                               
C                                                                               
C  CODE     : ADAS810                                                           
C  PRODUCER : Adam Foster                                                       
C  DATE     : 15/05/09                                                          
C                                                                               
C-------------------------------------------------------------------------------
