   74    7   14   54   54     /TUNGSTEN           /ADAS810-total           ADF11
 -------------------------------------------------------------------------------
  10.00000  11.00000  12.00000  13.00000  14.00000  15.00000  16.00000
   1.70115   1.87725   2.09909   2.40012   2.70115   3.09909   3.40012   3.57621
   3.70115   3.87725   4.09909   4.40012   4.70115   4.87725
 --------------------/ IGRD= 1  / IPRT= 0  /PLT     / Z1=54   / DATE= 15.05.09
 -28.34885 -28.34885 -28.34885 -28.34886 -28.34890 -28.34932 -28.35333
 -27.46307 -27.46307 -27.46307 -27.46307 -27.46301 -27.46240 -27.45686
 -26.53480 -26.53480 -26.53480 -26.53478 -26.53465 -26.53333 -26.52320
 -25.83126 -25.83126 -25.83125 -25.83124 -25.83110 -25.82986 -25.82368
 -25.51485 -25.51485 -25.51485 -25.51486 -25.51491 -25.51535 -25.51731
 -25.30814 -25.30814 -25.30815 -25.30817 -25.30840 -25.31024 -25.31673
 -25.21327 -25.21327 -25.21327 -25.21329 -25.21353 -25.21542 -25.22186
 -25.18575 -25.18575 -25.18575 -25.18577 -25.18599 -25.18772 -25.19371
 -25.17731 -25.17731 -25.17731 -25.17733 -25.17754 -25.17921 -25.18503
 -25.17888 -25.17888 -25.17888 -25.17890 -25.17909 -25.18059 -25.18600
 -25.19689 -25.19689 -25.19689 -25.19691 -25.19707 -25.19838 -25.20330
 -25.24171 -25.24171 -25.24171 -25.24172 -25.24185 -25.24293 -25.24732
 -25.30310 -25.30310 -25.30310 -25.30311 -25.30322 -25.30411 -25.30800
 -25.34555 -25.34555 -25.34555 -25.34556 -25.34564 -25.34641 -25.34996
C-------------------------------------------------------------------------------
C                                                                               
C  Low-level line power coefficients  - unfiltered                              
C                                                                               
C                                                                               
C                                                                               
C  CODE     : ADAS810                                                           
C  PRODUCER : Adam Foster                                                       
C  DATE     : 15/05/09                                                          
C                                                                               
C-------------------------------------------------------------------------------
