   74    7   14   15   15     /TUNGSTEN           /ADAS810-total           ADF11
 -------------------------------------------------------------------------------
  10.00000  11.00000  12.00000  13.00000  14.00000  15.00000  16.00000
   0.58855   0.76465   0.98649   1.28753   1.58855   1.98649   2.28753   2.46361
   2.58855   2.76465   2.98649   3.28753   3.58855   3.76465
 --------------------/ IGRD= 1  / IPRT= 0  /PLT     / Z1=15   / DATE= 18.05.09
 -28.58894 -28.58894 -28.58894 -28.58895 -28.58900 -28.58948 -28.59431
 -27.11086 -27.11086 -27.11086 -27.11086 -27.11090 -27.11131 -27.11535
 -25.96612 -25.96612 -25.96612 -25.96613 -25.96616 -25.96653 -25.97022
 -25.15982 -25.15982 -25.15982 -25.15983 -25.15988 -25.16040 -25.16550
 -24.78889 -24.78889 -24.78889 -24.78890 -24.78898 -24.78973 -24.79716
 -24.56304 -24.56304 -24.56304 -24.56306 -24.56323 -24.56492 -24.58130
 -24.47596 -24.47596 -24.47596 -24.47599 -24.47632 -24.47952 -24.50965
 -24.45108 -24.45108 -24.45109 -24.45113 -24.45153 -24.45554 -24.49268
 -24.44463 -24.44463 -24.44464 -24.44468 -24.44513 -24.44955 -24.49020
 -24.44893 -24.44893 -24.44894 -24.44899 -24.44946 -24.45419 -24.49738
 -24.47337 -24.47337 -24.47337 -24.47342 -24.47390 -24.47865 -24.52202
 -24.53060 -24.53060 -24.53060 -24.53064 -24.53108 -24.53534 -24.57464
 -24.60413 -24.60413 -24.60413 -24.60417 -24.60453 -24.60809 -24.64127
 -24.65393 -24.65393 -24.65394 -24.65397 -24.65428 -24.65741 -24.68678
C-------------------------------------------------------------------------------
C                                                                               
C  Low-level line power coefficients  - unfiltered                              
C                                                                               
C                                                                               
C                                                                               
C  CODE     : ADAS810                                                           
C  PRODUCER : Adam Foster                                                       
C  DATE     : 18/05/09                                                          
C                                                                               
C-------------------------------------------------------------------------------
