   74    7   14   53   53     /TUNGSTEN           /ADAS810-total           ADF11
 -------------------------------------------------------------------------------
  10.00000  11.00000  12.00000  13.00000  14.00000  15.00000  16.00000
   1.68492   1.86101   2.08286   2.38389   2.68492   3.08286   3.38389   3.55998
   3.68492   3.86101   4.08286   4.38389   4.68492   4.86101
 --------------------/ IGRD= 1  / IPRT= 0  /PLT     / Z1=53   / DATE= 15.05.09
 -27.98903 -27.98911 -27.98990 -27.99537 -28.00658 -28.01865 -28.08867
 -27.32043 -27.32043 -27.32045 -27.32060 -27.32126 -27.32731 -27.37036
 -26.55506 -26.55487 -26.55338 -26.54856 -26.54601 -26.54887 -26.56343
 -25.90159 -25.90123 -25.89915 -25.89637 -25.89552 -25.89544 -25.89458
 -25.58565 -25.58566 -25.58572 -25.58584 -25.58582 -25.58556 -25.58706
 -25.34625 -25.34674 -25.34862 -25.35009 -25.35058 -25.35140 -25.35513
 -25.22991 -25.23044 -25.23247 -25.23402 -25.23461 -25.23578 -25.23944
 -25.19484 -25.19535 -25.19730 -25.19882 -25.19944 -25.20074 -25.20426
 -25.18282 -25.18331 -25.18524 -25.18676 -25.18739 -25.18872 -25.19211
 -25.17938 -25.17983 -25.18165 -25.18315 -25.18377 -25.18510 -25.18832
 -25.19163 -25.19202 -25.19371 -25.19520 -25.19580 -25.19704 -25.19998
 -25.22990 -25.23022 -25.23175 -25.23327 -25.23386 -25.23498 -25.23759
 -25.28523 -25.28547 -25.28676 -25.28823 -25.28882 -25.28982 -25.29219
 -25.32416 -25.32437 -25.32555 -25.32701 -25.32759 -25.32851 -25.33072
C-------------------------------------------------------------------------------
C                                                                               
C  Low-level line power coefficients  - unfiltered                              
C                                                                               
C                                                                               
C                                                                               
C  CODE     : ADAS810                                                           
C  PRODUCER : Adam Foster                                                       
C  DATE     : 15/05/09                                                          
C                                                                               
C-------------------------------------------------------------------------------
