   74    7   14   15   15     /TUNGSTEN           /ADAS810-total           ADF11
 -------------------------------------------------------------------------------
  10.00000  11.00000  12.00000  13.00000  14.00000  15.00000  16.00000
   0.58855   0.76465   0.98649   1.28753   1.58855   1.98649   2.28753   2.46361
   2.58855   2.76465   2.98649   3.28753   3.58855   3.76465
 --------------------/ IGRD= 1  / IPRT= 0  /PLT     / Z1=15   / DATE= 15.05.09
 -28.22950 -28.24571 -28.30530 -28.37122 -28.39114 -28.39480 -28.40720
 -27.19625 -27.19904 -27.20879 -27.21748 -27.21955 -27.22069 -27.22948
 -26.16466 -26.16555 -26.16764 -26.16862 -26.16886 -26.16953 -26.17577
 -25.29690 -25.29716 -25.29743 -25.29775 -25.29850 -25.29962 -25.30767
 -24.85520 -24.85515 -24.85556 -24.85788 -24.86174 -24.86410 -24.87600
 -24.60494 -24.59930 -24.59912 -24.60534 -24.61251 -24.61580 -24.63124
 -24.55452 -24.53797 -24.53537 -24.54266 -24.55046 -24.55384 -24.56952
 -24.55872 -24.53568 -24.53121 -24.53838 -24.54616 -24.54945 -24.56440
 -24.57148 -24.54450 -24.53865 -24.54549 -24.55314 -24.55631 -24.57052
 -24.59923 -24.56800 -24.56019 -24.56634 -24.57369 -24.57668 -24.58965
 -24.64524 -24.61102 -24.60080 -24.60590 -24.61277 -24.61551 -24.62683
 -24.71825 -24.68382 -24.67049 -24.67402 -24.68020 -24.68264 -24.69182
 -24.79992 -24.76928 -24.75291 -24.75488 -24.76041 -24.76260 -24.76993
 -24.85030 -24.82358 -24.80547 -24.80657 -24.81174 -24.81382 -24.82021
C-------------------------------------------------------------------------------
C                                                                               
C  Low-level line power coefficients  - unfiltered                              
C                                                                               
C                                                                               
C                                                                               
C  CODE     : ADAS810                                                           
C  PRODUCER : Adam Foster                                                       
C  DATE     : 15/05/09                                                          
C                                                                               
C-------------------------------------------------------------------------------
