   74    7   14   16   16     /TUNGSTEN           /ADAS810-total           ADF11
 -------------------------------------------------------------------------------
  10.00000  11.00000  12.00000  13.00000  14.00000  15.00000  16.00000
   0.64461   0.82070   1.04254   1.34359   1.64461   2.04254   2.34359   2.51967
   2.64461   2.82070   3.04254   3.34359   3.64461   3.82070
 --------------------/ IGRD= 1  / IPRT= 0  /PLT     / Z1=16   / DATE= 15.05.09
 -28.20193 -28.20193 -28.20193 -28.20194 -28.20198 -28.20245 -28.20710
 -26.86413 -26.86413 -26.86413 -26.86413 -26.86417 -26.86459 -26.86870
 -25.83124 -25.83124 -25.83124 -25.83125 -25.83129 -25.83169 -25.83570
 -25.11458 -25.11458 -25.11458 -25.11459 -25.11465 -25.11523 -25.12103
 -24.80781 -24.80781 -24.80781 -24.80782 -24.80790 -24.80874 -24.81705
 -24.64615 -24.64615 -24.64615 -24.64616 -24.64626 -24.64723 -24.65679
 -24.60282 -24.60282 -24.60282 -24.60283 -24.60292 -24.60385 -24.61302
 -24.60103 -24.60103 -24.60103 -24.60104 -24.60113 -24.60201 -24.61068
 -24.60765 -24.60765 -24.60765 -24.60766 -24.60774 -24.60858 -24.61684
 -24.62569 -24.62569 -24.62569 -24.62570 -24.62578 -24.62655 -24.63419
 -24.65914 -24.65914 -24.65914 -24.65915 -24.65922 -24.65991 -24.66674
 -24.72061 -24.72061 -24.72061 -24.72062 -24.72068 -24.72125 -24.72698
 -24.79512 -24.79512 -24.79512 -24.79513 -24.79517 -24.79565 -24.80034
 -24.84340 -24.84340 -24.84340 -24.84341 -24.84345 -24.84387 -24.84801
C-------------------------------------------------------------------------------
C                                                                               
C  Low-level line power coefficients  - unfiltered                              
C                                                                               
C                                                                               
C                                                                               
C  CODE     : ADAS810                                                           
C  PRODUCER : Adam Foster                                                       
C  DATE     : 15/05/09                                                          
C                                                                               
C-------------------------------------------------------------------------------
