   74    7   14   61   61     /TUNGSTEN           /ADAS810-total           ADF11
 -------------------------------------------------------------------------------
  10.00000  11.00000  12.00000  13.00000  14.00000  15.00000  16.00000
   1.80703   1.98312   2.20496   2.50600   2.80703   3.20496   3.50600   3.68209
   3.80703   3.98312   4.20496   4.50600   4.80703   4.98312
 --------------------/ IGRD= 1  / IPRT= 0  /PLT     / Z1=61   / DATE= 15.05.09
 -28.32548 -28.32548 -28.32548 -28.32547 -28.32545 -28.32524 -28.32328
 -27.25326 -27.25326 -27.25326 -27.25325 -27.25318 -27.25244 -27.24570
 -26.35476 -26.35476 -26.35476 -26.35475 -26.35468 -26.35395 -26.34761
 -25.71034 -25.71034 -25.71034 -25.71034 -25.71031 -25.70999 -25.70739
 -25.43796 -25.43796 -25.43796 -25.43796 -25.43797 -25.43806 -25.43884
 -25.29777 -25.29777 -25.29777 -25.29778 -25.29781 -25.29812 -25.30065
 -25.25140 -25.25140 -25.25140 -25.25140 -25.25143 -25.25174 -25.25432
 -25.24471 -25.24471 -25.24471 -25.24471 -25.24474 -25.24504 -25.24749
 -25.24819 -25.24819 -25.24819 -25.24820 -25.24822 -25.24850 -25.25087
 -25.26416 -25.26416 -25.26416 -25.26416 -25.26419 -25.26444 -25.26660
 -25.29570 -25.29570 -25.29570 -25.29571 -25.29573 -25.29595 -25.29787
 -25.35507 -25.35507 -25.35507 -25.35507 -25.35509 -25.35527 -25.35687
 -25.42830 -25.42830 -25.42830 -25.42830 -25.42831 -25.42845 -25.42974
 -25.47599 -25.47599 -25.47599 -25.47599 -25.47600 -25.47612 -25.47726
C-------------------------------------------------------------------------------
C                                                                               
C  Low-level line power coefficients  - unfiltered                              
C                                                                               
C                                                                               
C                                                                               
C  CODE     : ADAS810                                                           
C  PRODUCER : Adam Foster                                                       
C  DATE     : 15/05/09                                                          
C                                                                               
C-------------------------------------------------------------------------------
