   74    7   14   10   10     /TUNGSTEN           /ADAS810-total           ADF11
 -------------------------------------------------------------------------------
  10.00000  11.00000  12.00000  13.00000  14.00000  15.00000  16.00000
   0.23636   0.41246   0.63431   0.93534   1.23636   1.63431   1.93534   2.11143
   2.23636   2.41246   2.63431   2.93534   3.23636   3.41246
 --------------------/ IGRD= 1  / IPRT= 0  /PLT     / Z1=10   / DATE= 15.05.09
 -27.62176 -27.63827 -27.78032 -28.36854 -29.29467 -30.28655 -31.28573
 -27.21003 -27.22938 -27.39917 -28.04811 -28.99259 -29.98568 -30.97527
 -26.82807 -26.85463 -27.06277 -27.73969 -28.61243 -29.18742 -29.33125
 -26.36951 -26.39049 -26.50765 -26.68803 -26.75046 -26.75877 -26.76044
 -25.46749 -25.46476 -25.46032 -25.46138 -25.46215 -25.46235 -25.46323
 -24.73388 -24.73151 -24.72873 -24.72782 -24.72769 -24.72790 -24.73004
 -24.51557 -24.51623 -24.51700 -24.51743 -24.51755 -24.51790 -24.52113
 -24.45719 -24.45921 -24.46122 -24.46211 -24.46232 -24.46271 -24.46632
 -24.43488 -24.43760 -24.44024 -24.44137 -24.44163 -24.44204 -24.44577
 -24.42173 -24.42518 -24.42855 -24.42998 -24.43029 -24.43071 -24.43447
 -24.42699 -24.43104 -24.43507 -24.43679 -24.43715 -24.43756 -24.44117
 -24.46020 -24.46476 -24.46948 -24.47156 -24.47201 -24.47238 -24.47559
 -24.51427 -24.51919 -24.52461 -24.52707 -24.52761 -24.52795 -24.53068
 -24.55349 -24.55835 -24.56405 -24.56672 -24.56733 -24.56765 -24.57010
C-------------------------------------------------------------------------------
C                                                                               
C  Low-level line power coefficients  - unfiltered                              
C                                                                               
C                                                                               
C                                                                               
C  CODE     : ADAS810                                                           
C  PRODUCER : Adam Foster                                                       
C  DATE     : 15/05/09                                                          
C                                                                               
C-------------------------------------------------------------------------------
