   74    7   14   71   71     /TUNGSTEN           /ADAS810-total           ADF11
 -------------------------------------------------------------------------------
  10.00000  11.00000  12.00000  13.00000  14.00000  15.00000  16.00000
   1.93888   2.11498   2.33682   2.63786   2.93888   3.33682   3.63786   3.81395
   3.93888   4.11498   4.33682   4.63786   4.93888   5.11498
 --------------------/ IGRD= 1  / IPRT= 0  /PLT     / Z1=71   / DATE= 18.05.09
 -31.17317 -31.17317 -31.17317 -31.17317 -31.17317 -31.17317 -31.17317
 -29.26056 -29.26056 -29.26056 -29.26056 -29.26056 -29.26056 -29.26056
 -27.76974 -27.76974 -27.76974 -27.76974 -27.76974 -27.76974 -27.76974
 -26.71414 -26.71414 -26.71414 -26.71414 -26.71414 -26.71414 -26.71414
 -26.25040 -26.25040 -26.25040 -26.25040 -26.25040 -26.25040 -26.25040
 -26.04963 -26.04963 -26.04963 -26.04963 -26.04963 -26.04963 -26.04963
 -25.99019 -25.99019 -25.99019 -25.99019 -25.99019 -25.99019 -25.99019
 -25.95143 -25.95143 -25.95143 -25.95143 -25.95143 -25.95143 -25.95143
 -25.92667 -25.92667 -25.92667 -25.92667 -25.92667 -25.92667 -25.92667
 -25.90288 -25.90288 -25.90288 -25.90288 -25.90288 -25.90288 -25.90288
 -25.89729 -25.89729 -25.89729 -25.89729 -25.89729 -25.89729 -25.89729
 -25.92623 -25.92623 -25.92623 -25.92623 -25.92623 -25.92623 -25.92623
 -25.98375 -25.98375 -25.98375 -25.98375 -25.98375 -25.98375 -25.98376
 -26.02529 -26.02529 -26.02529 -26.02529 -26.02529 -26.02529 -26.02529
C-------------------------------------------------------------------------------
C                                                                               
C  Low-level line power coefficients  - unfiltered                              
C                                                                               
C                                                                               
C                                                                               
C  CODE     : ADAS810                                                           
C  PRODUCER : Adam Foster                                                       
C  DATE     : 18/05/09                                                          
C                                                                               
C-------------------------------------------------------------------------------
