   74    7   14   16   16     /TUNGSTEN           /ADAS810-total           ADF11
 -------------------------------------------------------------------------------
  10.00000  11.00000  12.00000  13.00000  14.00000  15.00000  16.00000
   0.64461   0.82070   1.04254   1.34359   1.64461   2.04254   2.34359   2.51967
   2.64461   2.82070   3.04254   3.34359   3.64461   3.82070
 --------------------/ IGRD= 1  / IPRT= 0  /PLT     / Z1=16   / DATE= 18.05.09
 -28.19654 -28.19654 -28.19654 -28.19654 -28.19659 -28.19704 -28.20155
 -26.86143 -26.86143 -26.86143 -26.86143 -26.86147 -26.86186 -26.86572
 -25.82819 -25.82819 -25.82820 -25.82820 -25.82824 -25.82860 -25.83227
 -25.10511 -25.10511 -25.10511 -25.10512 -25.10517 -25.10568 -25.11079
 -24.77029 -24.77029 -24.77029 -24.77030 -24.77037 -24.77105 -24.77777
 -24.55097 -24.55097 -24.55097 -24.55098 -24.55105 -24.55177 -24.55887
 -24.45999 -24.45999 -24.45999 -24.46000 -24.46007 -24.46078 -24.46774
 -24.43399 -24.43399 -24.43399 -24.43400 -24.43406 -24.43475 -24.44149
 -24.42795 -24.42795 -24.42795 -24.42796 -24.42803 -24.42869 -24.43517
 -24.43288 -24.43288 -24.43288 -24.43288 -24.43295 -24.43356 -24.43961
 -24.45789 -24.45789 -24.45789 -24.45790 -24.45795 -24.45850 -24.46391
 -24.51441 -24.51441 -24.51441 -24.51442 -24.51447 -24.51492 -24.51944
 -24.58843 -24.58843 -24.58843 -24.58843 -24.58847 -24.58884 -24.59252
 -24.63733 -24.63733 -24.63733 -24.63733 -24.63736 -24.63769 -24.64093
C-------------------------------------------------------------------------------
C                                                                               
C  Low-level line power coefficients  - unfiltered                              
C                                                                               
C                                                                               
C                                                                               
C  CODE     : ADAS810                                                           
C  PRODUCER : Adam Foster                                                       
C  DATE     : 18/05/09                                                          
C                                                                               
C-------------------------------------------------------------------------------
