   74    7   14   57   57     /TUNGSTEN           /ADAS810-total           ADF11
 -------------------------------------------------------------------------------
  10.00000  11.00000  12.00000  13.00000  14.00000  15.00000  16.00000
   1.74812   1.92421   2.14607   2.44710   2.74812   3.14607   3.44710   3.62318
   3.74812   3.92421   4.14607   4.44710   4.74812   4.92421
 --------------------/ IGRD= 1  / IPRT= 0  /PLT     / Z1=57   / DATE= 15.05.09
 -27.46217 -27.46217 -27.46217 -27.46217 -27.46217 -27.46217 -27.46218
 -26.61016 -26.61016 -26.61016 -26.61016 -26.61016 -26.61017 -26.61021
 -25.96829 -25.96829 -25.96829 -25.96829 -25.96830 -25.96833 -25.96863
 -25.55307 -25.55307 -25.55307 -25.55307 -25.55309 -25.55324 -25.55436
 -25.41042 -25.41042 -25.41042 -25.41043 -25.41049 -25.41104 -25.41502
 -25.37052 -25.37052 -25.37052 -25.37056 -25.37094 -25.37450 -25.39675
 -25.31574 -25.31574 -25.31575 -25.31581 -25.31646 -25.32242 -25.35512
 -25.29290 -25.29290 -25.29291 -25.29298 -25.29371 -25.30043 -25.33574
 -25.28492 -25.28492 -25.28493 -25.28500 -25.28577 -25.29276 -25.32894
 -25.28470 -25.28470 -25.28471 -25.28478 -25.28556 -25.29263 -25.32912
 -25.29861 -25.29861 -25.29862 -25.29869 -25.29944 -25.30624 -25.34203
 -25.33563 -25.33563 -25.33564 -25.33570 -25.33636 -25.34246 -25.37620
 -25.38872 -25.38872 -25.38873 -25.38878 -25.38934 -25.39457 -25.42542
 -25.42641 -25.42641 -25.42641 -25.42646 -25.42696 -25.43165 -25.46044
C-------------------------------------------------------------------------------
C                                                                               
C  Low-level line power coefficients  - unfiltered                              
C                                                                               
C                                                                               
C                                                                               
C  CODE     : ADAS810                                                           
C  PRODUCER : Adam Foster                                                       
C  DATE     : 15/05/09                                                          
C                                                                               
C-------------------------------------------------------------------------------
