   74    7   14   61   61     /TUNGSTEN           /ADAS810-total           ADF11
 -------------------------------------------------------------------------------
  10.00000  11.00000  12.00000  13.00000  14.00000  15.00000  16.00000
   1.80703   1.98312   2.20496   2.50600   2.80703   3.20496   3.50600   3.68209
   3.80703   3.98312   4.20496   4.50600   4.80703   4.98312
 --------------------/ IGRD= 1  / IPRT= 0  /PLT     / Z1=61   / DATE= 18.05.09
 -27.49066 -27.49066 -27.49066 -27.49066 -27.49066 -27.49066 -27.49066
 -26.65502 -26.65502 -26.65502 -26.65502 -26.65502 -26.65502 -26.65502
 -26.02002 -26.02002 -26.02002 -26.02002 -26.02002 -26.02002 -26.02003
 -25.58891 -25.58891 -25.58891 -25.58891 -25.58891 -25.58891 -25.58891
 -25.41757 -25.41757 -25.41757 -25.41757 -25.41757 -25.41757 -25.41758
 -25.32716 -25.32716 -25.32716 -25.32716 -25.32716 -25.32716 -25.32716
 -25.29133 -25.29133 -25.29133 -25.29133 -25.29133 -25.29133 -25.29133
 -25.28762 -25.28762 -25.28762 -25.28762 -25.28762 -25.28762 -25.28762
 -25.29314 -25.29314 -25.29314 -25.29314 -25.29314 -25.29314 -25.29314
 -25.30958 -25.30958 -25.30958 -25.30958 -25.30958 -25.30958 -25.30959
 -25.34302 -25.34302 -25.34302 -25.34302 -25.34302 -25.34302 -25.34302
 -25.40441 -25.40441 -25.40441 -25.40441 -25.40441 -25.40441 -25.40441
 -25.47904 -25.47904 -25.47904 -25.47904 -25.47904 -25.47904 -25.47905
 -25.52730 -25.52730 -25.52730 -25.52730 -25.52730 -25.52730 -25.52730
C-------------------------------------------------------------------------------
C                                                                               
C  Low-level line power coefficients  - unfiltered                              
C                                                                               
C                                                                               
C                                                                               
C  CODE     : ADAS810                                                           
C  PRODUCER : Adam Foster                                                       
C  DATE     : 18/05/09                                                          
C                                                                               
C-------------------------------------------------------------------------------
