   74    7   14   17   17     /TUNGSTEN           /ADAS810-total           ADF11
 -------------------------------------------------------------------------------
  10.00000  11.00000  12.00000  13.00000  14.00000  15.00000  16.00000
   0.69726   0.87336   1.09520   1.39623   1.69726   2.09520   2.39623   2.57233
   2.69726   2.87336   3.09520   3.39623   3.69726   3.87336
 --------------------/ IGRD= 1  / IPRT= 0  /PLT     / Z1=17   / DATE= 15.05.09
 -27.98894 -27.99868 -28.07924 -28.18735 -28.22285 -28.23476 -28.24203
 -27.03173 -27.02316 -27.01489 -27.01700 -27.01425 -27.01388 -27.01689
 -26.07538 -26.06780 -26.06745 -26.06429 -26.05917 -26.05841 -26.06070
 -25.37950 -25.38118 -25.38745 -25.38158 -25.37950 -25.37949 -25.38157
 -25.06125 -25.06866 -25.07437 -25.07101 -25.07059 -25.07080 -25.07278
 -24.91483 -24.92447 -24.92935 -24.92803 -24.92813 -24.92836 -24.93010
 -24.90762 -24.91698 -24.92149 -24.92050 -24.92062 -24.92082 -24.92232
 -24.92600 -24.93487 -24.93922 -24.93823 -24.93832 -24.93850 -24.93984
 -24.94540 -24.95391 -24.95816 -24.95714 -24.95719 -24.95735 -24.95859
 -24.98012 -24.98801 -24.99214 -24.99106 -24.99106 -24.99120 -24.99228
 -25.03325 -25.04037 -25.04442 -25.04326 -25.04318 -25.04329 -25.04420
 -25.11630 -25.12245 -25.12647 -25.12524 -25.12507 -25.12514 -25.12585
 -25.20913 -25.21444 -25.21853 -25.21731 -25.21705 -25.21710 -25.21763
 -25.26689 -25.27177 -25.27593 -25.27476 -25.27445 -25.27448 -25.27493
C-------------------------------------------------------------------------------
C                                                                               
C  Low-level line power coefficients  - unfiltered                              
C                                                                               
C                                                                               
C                                                                               
C  CODE     : ADAS810                                                           
C  PRODUCER : Adam Foster                                                       
C  DATE     : 15/05/09                                                          
C                                                                               
C-------------------------------------------------------------------------------
