   74    7   14   14   14     /TUNGSTEN           /ADAS810-total           ADF11
 -------------------------------------------------------------------------------
  10.00000  11.00000  12.00000  13.00000  14.00000  15.00000  16.00000
   0.52862   0.70472   0.92656   1.22760   1.52862   1.92656   2.22760   2.40369
   2.52862   2.70472   2.92656   3.22760   3.52862   3.70472
 --------------------/ IGRD= 1  / IPRT= 0  /PLT     / Z1=14   / DATE= 15.05.09
 -28.73040 -28.73334 -28.75488 -28.80255 -28.81997 -28.82356 -28.83761
 -27.50689 -27.50740 -27.51061 -27.51564 -27.51708 -27.51826 -27.52832
 -26.35874 -26.35914 -26.36028 -26.36082 -26.36095 -26.36162 -26.36811
 -25.39036 -25.39039 -25.39042 -25.39045 -25.39053 -25.39131 -25.39895
 -24.89542 -24.89538 -24.89545 -24.89564 -24.89582 -24.89701 -24.90832
 -24.60532 -24.60548 -24.60581 -24.60637 -24.60670 -24.60833 -24.62311
 -24.51391 -24.51412 -24.51458 -24.51533 -24.51573 -24.51752 -24.53333
 -24.49212 -24.49217 -24.49264 -24.49346 -24.49388 -24.49568 -24.51141
 -24.48804 -24.48815 -24.48862 -24.48947 -24.48990 -24.49166 -24.50704
 -24.49526 -24.49540 -24.49586 -24.49673 -24.49717 -24.49884 -24.51340
 -24.52044 -24.52054 -24.52097 -24.52183 -24.52227 -24.52378 -24.53698
 -24.57598 -24.57601 -24.57636 -24.57717 -24.57761 -24.57888 -24.58997
 -24.64740 -24.64735 -24.64763 -24.64838 -24.64882 -24.64985 -24.65892
 -24.69482 -24.69468 -24.69490 -24.69561 -24.69605 -24.69696 -24.70494
C-------------------------------------------------------------------------------
C                                                                               
C  Low-level line power coefficients  - unfiltered                              
C                                                                               
C                                                                               
C                                                                               
C  CODE     : ADAS810                                                           
C  PRODUCER : Adam Foster                                                       
C  DATE     : 15/05/09                                                          
C                                                                               
C-------------------------------------------------------------------------------
