   74    7   14   36   36     /TUNGSTEN           /ADAS810-total           ADF11
 -------------------------------------------------------------------------------
  10.00000  11.00000  12.00000  13.00000  14.00000  15.00000  16.00000
   1.34897   1.52507   1.74691   2.04794   2.34897   2.74691   3.04794   3.22404
   3.34897   3.52507   3.74691   4.04794   4.34897   4.52507
 --------------------/ IGRD= 1  / IPRT= 0  /PLT     / Z1=36   / DATE= 15.05.09
 -27.57232 -27.57306 -27.57921 -27.61329 -27.72807 -27.96582 -28.18686
 -26.89418 -26.89467 -26.89614 -26.90390 -26.92728 -26.96270 -26.98295
 -26.02192 -26.02587 -26.02111 -26.00771 -25.98267 -25.96650 -25.96562
 -25.62780 -25.64242 -25.61205 -25.52547 -25.33940 -25.26677 -25.25900
 -25.60630 -25.62986 -25.57842 -25.40453 -25.08631 -24.99455 -24.98494
 -25.64125 -25.68351 -25.61989 -25.38418 -24.99335 -24.89073 -24.88020
 -25.66715 -25.73203 -25.66811 -25.42033 -25.00251 -24.89002 -24.87847
 -25.68116 -25.76291 -25.70152 -25.45516 -25.02562 -24.90565 -24.89324
 -25.69140 -25.78680 -25.72822 -25.48564 -25.04886 -24.92254 -24.90935
 -25.70508 -25.82202 -25.76863 -25.53425 -25.08890 -24.95220 -24.93769
 -25.72188 -25.86966 -25.82444 -25.60344 -25.14981 -24.99766 -24.98110
 -25.74370 -25.93950 -25.90836 -25.70922 -25.24983 -25.07190 -25.05167
 -25.76279 -26.01253 -25.99905 -25.82357 -25.36619 -25.15726 -25.13217
 -25.77334 -26.05657 -26.05531 -25.89390 -25.44185 -25.21234 -25.18372
C-------------------------------------------------------------------------------
C                                                                               
C  Low-level line power coefficients  - unfiltered                              
C                                                                               
C                                                                               
C                                                                               
C  CODE     : ADAS810                                                           
C  PRODUCER : Adam Foster                                                       
C  DATE     : 15/05/09                                                          
C                                                                               
C-------------------------------------------------------------------------------
