   74    7   14   29   29     /TUNGSTEN           /ADAS810-total           ADF11
 -------------------------------------------------------------------------------
  10.00000  11.00000  12.00000  13.00000  14.00000  15.00000  16.00000
   1.16116   1.33726   1.55910   1.86013   2.16116   2.55910   2.86013   3.03623
   3.16116   3.33726   3.55910   3.86013   4.16116   4.33726
 --------------------/ IGRD= 1  / IPRT= 0  /PLT     / Z1=29   / DATE= 15.05.09
 -31.28151 -31.28151 -31.28151 -31.28151 -31.28151 -31.28151 -31.28152
 -28.90970 -28.90970 -28.90970 -28.90970 -28.90970 -28.90970 -28.90971
 -26.99757 -26.99757 -26.99757 -26.99757 -26.99758 -26.99759 -26.99758
 -25.60842 -25.60843 -25.60847 -25.60879 -25.61061 -25.61437 -25.61704
 -24.95355 -24.95373 -24.95492 -24.96470 -25.00693 -25.05800 -25.08103
 -24.58927 -24.59033 -24.59925 -24.66146 -24.81545 -24.90101 -24.92783
 -24.48128 -24.48308 -24.49866 -24.59697 -24.78648 -24.86784 -24.89151
 -24.45576 -24.45782 -24.47570 -24.58541 -24.78343 -24.86314 -24.88546
 -24.44981 -24.45196 -24.47069 -24.58474 -24.78634 -24.86571 -24.88726
 -24.45267 -24.45485 -24.47385 -24.58984 -24.79435 -24.87421 -24.89496
 -24.47100 -24.47308 -24.49131 -24.60465 -24.81065 -24.89257 -24.91270
 -24.51562 -24.51747 -24.53356 -24.63801 -24.84338 -24.93001 -24.94990
 -24.57642 -24.57799 -24.59145 -24.68356 -24.88565 -24.97903 -24.99943
 -24.61856 -24.61997 -24.63189 -24.71616 -24.91510 -25.01324 -25.03430
C-------------------------------------------------------------------------------
C                                                                               
C  Low-level line power coefficients  - unfiltered                              
C                                                                               
C                                                                               
C                                                                               
C  CODE     : ADAS810                                                           
C  PRODUCER : Adam Foster                                                       
C  DATE     : 15/05/09                                                          
C                                                                               
C-------------------------------------------------------------------------------
