   74    7   14   59   59     /TUNGSTEN           /ADAS810-total           ADF11
 -------------------------------------------------------------------------------
  10.00000  11.00000  12.00000  13.00000  14.00000  15.00000  16.00000
   1.77807   1.95417   2.17600   2.47705   2.77807   3.17600   3.47705   3.65314
   3.77807   3.95417   4.17600   4.47705   4.77807   4.95417
 --------------------/ IGRD= 1  / IPRT= 0  /PLT     / Z1=59   / DATE= 15.05.09
 -27.54300 -27.51072 -27.46276 -27.45033 -27.44889 -27.44875 -27.44883
 -26.82141 -26.76174 -26.72058 -26.71388 -26.71317 -26.71310 -26.71312
 -26.20486 -26.13798 -26.11737 -26.11487 -26.11461 -26.11458 -26.11454
 -25.67161 -25.64286 -25.63778 -25.63723 -25.63718 -25.63716 -25.63710
 -25.40319 -25.40355 -25.40361 -25.40361 -25.40361 -25.40362 -25.40365
 -25.22943 -25.24295 -25.24478 -25.24497 -25.24499 -25.24500 -25.24511
 -25.14956 -25.16540 -25.16753 -25.16776 -25.16778 -25.16779 -25.16789
 -25.12781 -25.14447 -25.14673 -25.14697 -25.14699 -25.14700 -25.14710
 -25.12312 -25.14038 -25.14275 -25.14299 -25.14302 -25.14303 -25.14312
 -25.12865 -25.14683 -25.14938 -25.14964 -25.14967 -25.14968 -25.14976
 -25.15193 -25.17136 -25.17418 -25.17447 -25.17450 -25.17451 -25.17458
 -25.20209 -25.22349 -25.22679 -25.22714 -25.22718 -25.22719 -25.22724
 -25.26765 -25.29126 -25.29520 -25.29562 -25.29567 -25.29568 -25.29572
 -25.31106 -25.33588 -25.34027 -25.34074 -25.34079 -25.34080 -25.34084
C-------------------------------------------------------------------------------
C                                                                               
C  Low-level line power coefficients  - unfiltered                              
C                                                                               
C                                                                               
C                                                                               
C  CODE     : ADAS810                                                           
C  PRODUCER : Adam Foster                                                       
C  DATE     : 15/05/09                                                          
C                                                                               
C-------------------------------------------------------------------------------
