   74    7   14   54   54     /TUNGSTEN           /ADAS810-total           ADF11
 -------------------------------------------------------------------------------
  10.00000  11.00000  12.00000  13.00000  14.00000  15.00000  16.00000
   1.70115   1.87725   2.09909   2.40012   2.70115   3.09909   3.40012   3.57621
   3.70115   3.87725   4.09909   4.40012   4.70115   4.87725
 --------------------/ IGRD= 1  / IPRT= 0  /PLT     / Z1=54   / DATE= 15.05.09
 -28.03328 -28.03329 -28.03331 -28.03352 -28.03540 -28.04460 -28.06139
 -27.12088 -27.12088 -27.12089 -27.12105 -27.12237 -27.12731 -27.13442
 -26.32406 -26.32407 -26.32409 -26.32434 -26.32601 -26.32958 -26.33494
 -25.75506 -25.75506 -25.75509 -25.75536 -25.75650 -25.75811 -25.76217
 -25.50667 -25.50667 -25.50669 -25.50682 -25.50724 -25.50786 -25.50987
 -25.33441 -25.33441 -25.33441 -25.33436 -25.33422 -25.33399 -25.33323
 -25.24148 -25.24147 -25.24146 -25.24138 -25.24115 -25.24074 -25.23931
 -25.21250 -25.21250 -25.21249 -25.21241 -25.21218 -25.21174 -25.21026
 -25.20342 -25.20342 -25.20341 -25.20333 -25.20308 -25.20264 -25.20113
 -25.20342 -25.20342 -25.20341 -25.20333 -25.20310 -25.20267 -25.20119
 -25.21972 -25.21972 -25.21972 -25.21965 -25.21944 -25.21905 -25.21774
 -25.26279 -25.26279 -25.26279 -25.26273 -25.26254 -25.26220 -25.26105
 -25.32281 -25.32281 -25.32281 -25.32277 -25.32260 -25.32230 -25.32132
 -25.36434 -25.36434 -25.36433 -25.36430 -25.36414 -25.36387 -25.36298
C-------------------------------------------------------------------------------
C                                                                               
C  Low-level line power coefficients  - unfiltered                              
C                                                                               
C                                                                               
C                                                                               
C  CODE     : ADAS810                                                           
C  PRODUCER : Adam Foster                                                       
C  DATE     : 15/05/09                                                          
C                                                                               
C-------------------------------------------------------------------------------
