   74    7   14   36   36     /TUNGSTEN           /ADAS810-total           ADF11
 -------------------------------------------------------------------------------
  10.00000  11.00000  12.00000  13.00000  14.00000  15.00000  16.00000
   1.34897   1.52507   1.74691   2.04794   2.34897   2.74691   3.04794   3.22404
   3.34897   3.52507   3.74691   4.04794   4.34897   4.52507
 --------------------/ IGRD= 1  / IPRT= 0  /PLT     / Z1=36   / DATE= 15.05.09
 -27.52768 -27.52812 -27.53240 -27.56695 -27.70283 -27.94670 -28.07532
 -26.77328 -26.77350 -26.77560 -26.79056 -26.82372 -26.84367 -26.84879
 -25.86172 -25.86185 -25.86299 -25.86811 -25.86815 -25.86436 -25.86359
 -25.16857 -25.16865 -25.16919 -25.16933 -25.16717 -25.16653 -25.16649
 -24.85555 -24.85556 -24.85563 -24.85599 -24.85669 -24.85699 -24.85707
 -24.69756 -24.69757 -24.69788 -24.70007 -24.70238 -24.70292 -24.70305
 -24.67192 -24.67197 -24.67251 -24.67543 -24.67826 -24.67887 -24.67901
 -24.67848 -24.67852 -24.67903 -24.68195 -24.68489 -24.68554 -24.68568
 -24.69028 -24.69032 -24.69077 -24.69370 -24.69676 -24.69744 -24.69759
 -24.71435 -24.71438 -24.71484 -24.71777 -24.72096 -24.72170 -24.72184
 -24.75447 -24.75450 -24.75491 -24.75774 -24.76107 -24.76187 -24.76201
 -24.82216 -24.82220 -24.82266 -24.82541 -24.82893 -24.82984 -24.83000
 -24.90151 -24.90154 -24.90185 -24.90423 -24.90784 -24.90888 -24.90904
 -24.95237 -24.95240 -24.95270 -24.95492 -24.95861 -24.95975 -24.95992
C-------------------------------------------------------------------------------
C                                                                               
C  Low-level line power coefficients  - unfiltered                              
C                                                                               
C                                                                               
C                                                                               
C  CODE     : ADAS810                                                           
C  PRODUCER : Adam Foster                                                       
C  DATE     : 15/05/09                                                          
C                                                                               
C-------------------------------------------------------------------------------
