   74    7   14   43   43     /TUNGSTEN           /ADAS810-total           ADF11
 -------------------------------------------------------------------------------
  10.00000  11.00000  12.00000  13.00000  14.00000  15.00000  16.00000
   1.50330   1.67940   1.90125   2.20227   2.50330   2.90125   3.20227   3.37836
   3.50330   3.67940   3.90125   4.20227   4.50330   4.67940
 --------------------/ IGRD= 1  / IPRT= 0  /PLT     / Z1=43   / DATE= 15.05.09
 -26.77153 -26.77153 -26.77153 -26.77153 -26.77153 -26.77153 -26.77156
 -26.05098 -26.05098 -26.05098 -26.05098 -26.05098 -26.05099 -26.05101
 -25.49006 -25.49006 -25.49006 -25.49006 -25.49006 -25.49006 -25.49008
 -25.09461 -25.09461 -25.09461 -25.09461 -25.09461 -25.09462 -25.09464
 -24.92097 -24.92097 -24.92097 -24.92097 -24.92097 -24.92097 -24.92100
 -24.80897 -24.80897 -24.80897 -24.80897 -24.80897 -24.80897 -24.80900
 -24.75034 -24.75034 -24.75034 -24.75034 -24.75034 -24.75035 -24.75038
 -24.73316 -24.73316 -24.73316 -24.73316 -24.73316 -24.73317 -24.73319
 -24.72936 -24.72936 -24.72936 -24.72936 -24.72936 -24.72936 -24.72939
 -24.73493 -24.73493 -24.73493 -24.73493 -24.73494 -24.73494 -24.73496
 -24.75461 -24.75461 -24.75461 -24.75461 -24.75461 -24.75461 -24.75463
 -24.79766 -24.79766 -24.79766 -24.79766 -24.79766 -24.79766 -24.79768
 -24.85675 -24.85675 -24.85675 -24.85675 -24.85675 -24.85676 -24.85677
 -24.89645 -24.89645 -24.89645 -24.89645 -24.89645 -24.89645 -24.89646
C-------------------------------------------------------------------------------
C                                                                               
C  Low-level line power coefficients  - unfiltered                              
C                                                                               
C                                                                               
C                                                                               
C  CODE     : ADAS810                                                           
C  PRODUCER : Adam Foster                                                       
C  DATE     : 15/05/09                                                          
C                                                                               
C-------------------------------------------------------------------------------
