   74    7   14   42   42     /TUNGSTEN           /ADAS810-total           ADF11
 -------------------------------------------------------------------------------
  10.00000  11.00000  12.00000  13.00000  14.00000  15.00000  16.00000
   1.48287   1.65896   1.88081   2.18184   2.48287   2.88081   3.18184   3.35793
   3.48287   3.65896   3.88081   4.18184   4.48287   4.65896
 --------------------/ IGRD= 1  / IPRT= 0  /PLT     / Z1=42   / DATE= 18.05.09
 -26.91587 -26.91587 -26.91587 -26.91587 -26.91587 -26.91587 -26.91589
 -26.11802 -26.11802 -26.11802 -26.11802 -26.11802 -26.11802 -26.11804
 -25.49715 -25.49715 -25.49715 -25.49715 -25.49716 -25.49716 -25.49718
 -25.05848 -25.05848 -25.05848 -25.05848 -25.05848 -25.05849 -25.05851
 -24.86450 -24.86450 -24.86450 -24.86450 -24.86450 -24.86450 -24.86454
 -24.73698 -24.73698 -24.73698 -24.73698 -24.73698 -24.73699 -24.73703
 -24.66280 -24.66280 -24.66280 -24.66280 -24.66280 -24.66281 -24.66285
 -24.63817 -24.63817 -24.63817 -24.63817 -24.63817 -24.63817 -24.63821
 -24.63035 -24.63035 -24.63035 -24.63035 -24.63035 -24.63036 -24.63039
 -24.63070 -24.63070 -24.63070 -24.63070 -24.63070 -24.63071 -24.63074
 -24.64684 -24.64684 -24.64684 -24.64684 -24.64684 -24.64685 -24.64687
 -24.68844 -24.68844 -24.68844 -24.68844 -24.68844 -24.68844 -24.68847
 -24.74751 -24.74751 -24.74751 -24.74751 -24.74751 -24.74751 -24.74753
 -24.78787 -24.78787 -24.78787 -24.78787 -24.78787 -24.78787 -24.78789
C-------------------------------------------------------------------------------
C                                                                               
C  Low-level line power coefficients  - unfiltered                              
C                                                                               
C                                                                               
C                                                                               
C  CODE     : ADAS810                                                           
C  PRODUCER : Adam Foster                                                       
C  DATE     : 18/05/09                                                          
C                                                                               
C-------------------------------------------------------------------------------
