   74    7   14   30   30     /TUNGSTEN           /ADAS810-total           ADF11
 -------------------------------------------------------------------------------
  10.00000  11.00000  12.00000  13.00000  14.00000  15.00000  16.00000
   1.19061   1.36661   1.58850   1.88958   2.19061   2.58850   2.88958   3.06558
   3.19061   3.36661   3.58850   3.88958   4.19061   4.36661
 --------------------/ IGRD= 1  / IPRT= 0  /PLT     / Z1=30   / DATE= 24.05.12
 -29.67196 -29.67196 -29.67196 -29.67196 -29.67196 -29.67197 -29.67198
 -27.80752 -27.80752 -27.80752 -27.80752 -27.80752 -27.80752 -27.80753
 -26.35172 -26.35172 -26.35172 -26.35172 -26.35172 -26.35172 -26.35173
 -25.31240 -25.31240 -25.31240 -25.31240 -25.31240 -25.31240 -25.31242
 -24.81470 -24.81470 -24.81470 -24.81470 -24.81470 -24.81473 -24.81498
 -24.50267 -24.50267 -24.50267 -24.50268 -24.50269 -24.50283 -24.50385
 -24.40826 -24.40826 -24.40826 -24.40826 -24.40828 -24.40849 -24.41003
 -24.39071 -24.39071 -24.39071 -24.39071 -24.39073 -24.39096 -24.39268
 -24.38940 -24.38940 -24.38940 -24.38941 -24.38943 -24.38966 -24.39145
 -24.40141 -24.40141 -24.40141 -24.40141 -24.40144 -24.40167 -24.40349
 -24.43196 -24.43196 -24.43196 -24.43196 -24.43198 -24.43220 -24.43399
 -24.49219 -24.49219 -24.49219 -24.49219 -24.49221 -24.49241 -24.49405
 -24.56726 -24.56726 -24.56726 -24.56726 -24.56728 -24.56744 -24.56890
 -24.61667 -24.61667 -24.61667 -24.61667 -24.61669 -24.61684 -24.61817
C-------------------------------------------------------------------------------
C                                                                               
C  Low-level line power coefficients  - unfiltered                              
C                                                                               
C                                                                               
C                                                                               
C  CODE     : ADAS810                                                           
C  PRODUCER : Martin O'Mullane                                                  
C  DATE     : 24/05/12                                                          
C                                                                               
C-------------------------------------------------------------------------------
