   74    7   14   72   72     /TUNGSTEN           /ADAS810-total           ADF11
 -------------------------------------------------------------------------------
  10.00000  11.00000  12.00000  13.00000  14.00000  15.00000  16.00000
   1.95104   2.12714   2.34897   2.65001   2.95104   3.34897   3.65001   3.82609
   3.95104   4.12714   4.34897   4.65001   4.95104   5.12714
 --------------------/ IGRD= 1  / IPRT= 0  /PLT     / Z1=72   / DATE= 15.05.09
 -27.62774 -27.62774 -27.62774 -27.62774 -27.62774 -27.62774 -27.62776
 -27.37482 -27.37482 -27.37482 -27.37482 -27.37482 -27.37482 -27.37484
 -27.19561 -27.19561 -27.19561 -27.19561 -27.19561 -27.19562 -27.19563
 -26.98317 -26.98317 -26.98317 -26.98317 -26.98317 -26.98317 -26.98319
 -26.67050 -26.67050 -26.67050 -26.67050 -26.67050 -26.67050 -26.67051
 -26.43730 -26.43730 -26.43730 -26.43730 -26.43730 -26.43731 -26.43731
 -26.34705 -26.34705 -26.34705 -26.34705 -26.34705 -26.34705 -26.34705
 -26.29387 -26.29387 -26.29387 -26.29387 -26.29387 -26.29387 -26.29388
 -26.26051 -26.26051 -26.26051 -26.26051 -26.26051 -26.26051 -26.26051
 -26.22465 -26.22465 -26.22465 -26.22465 -26.22465 -26.22465 -26.22465
 -26.19137 -26.19137 -26.19137 -26.19137 -26.19137 -26.19137 -26.19137
 -26.16205 -26.16205 -26.16205 -26.16205 -26.16205 -26.16205 -26.16205
 -26.16190 -26.16190 -26.16190 -26.16190 -26.16190 -26.16190 -26.16190
 -26.17693 -26.17693 -26.17693 -26.17693 -26.17693 -26.17693 -26.17693
C-------------------------------------------------------------------------------
C                                                                               
C  Low-level line power coefficients  - unfiltered                              
C                                                                               
C                                                                               
C                                                                               
C  CODE     : ADAS810                                                           
C  PRODUCER : Adam Foster                                                       
C  DATE     : 15/05/09                                                          
C                                                                               
C-------------------------------------------------------------------------------
