   74    7   14   32   32     /TUNGSTEN           /ADAS810-total           ADF11
 -------------------------------------------------------------------------------
  10.00000  11.00000  12.00000  13.00000  14.00000  15.00000  16.00000
   1.24667   1.42275   1.64461   1.94564   2.24667   2.64461   2.94564   3.12172
   3.24667   3.42275   3.64461   3.94564   4.24667   4.42275
 --------------------/ IGRD= 1  / IPRT= 0  /PLT     / Z1=32   / DATE= 03.06.09
 -27.89141 -27.89151 -27.89263 -27.90496 -28.04298 -28.59451 -29.18370
 -27.50286 -27.50287 -27.50290 -27.50426 -27.54061 -27.64906 -27.69017
 -26.36030 -26.36026 -26.35986 -26.35639 -26.34283 -26.33415 -26.33268
 -25.35863 -25.35858 -25.35808 -25.35465 -25.34804 -25.34549 -25.34516
 -24.89610 -24.89608 -24.89593 -24.89528 -24.89496 -24.89547 -24.89616
 -24.66610 -24.66616 -24.66668 -24.66908 -24.67195 -24.67496 -24.67760
 -24.62246 -24.62255 -24.62339 -24.62690 -24.63079 -24.63513 -24.63901
 -24.62388 -24.62399 -24.62489 -24.62870 -24.63296 -24.63783 -24.64230
 -24.63173 -24.63183 -24.63272 -24.63653 -24.64089 -24.64602 -24.65088
 -24.65129 -24.65138 -24.65220 -24.65586 -24.66027 -24.66564 -24.67099
 -24.68543 -24.68552 -24.68632 -24.69001 -24.69459 -24.70016 -24.70609
 -24.74522 -24.74529 -24.74599 -24.74948 -24.75412 -24.75971 -24.76635
 -24.81878 -24.81884 -24.81940 -24.82250 -24.82713 -24.83259 -24.83982
 -24.86573 -24.86578 -24.86630 -24.86927 -24.87391 -24.87924 -24.88675
C-------------------------------------------------------------------------------
C                                                                               
C  Low-level line power coefficients  - unfiltered                              
C                                                                               
C                                                                               
C                                                                               
C  CODE     : ADAS810                                                           
C  PRODUCER : Adam Foster                                                       
C  DATE     : 03/06/09                                                          
C                                                                               
C-------------------------------------------------------------------------------
