   74    7   14    5    5     /TUNGSTEN           /ADAS810-total           ADF11
 -------------------------------------------------------------------------------
  10.00000  11.00000  12.00000  13.00000  14.00000  15.00000  16.00000
  -0.36569  -0.18960   0.03226   0.33329   0.63431   1.03226   1.33329   1.50938
   1.63431   1.81040   2.03226   2.33329   2.63431   2.81040
 --------------------/ IGRD= 1  / IPRT= 0  /PLT     / Z1= 5   / DATE= 15.05.09
 -28.98349 -29.81857 -30.79805 -31.79595 -32.79574 -33.79572 -34.79571
 -28.62408 -29.50901 -30.49573 -31.49423 -32.49264 -33.47872 -34.38752
 -28.30104 -29.20809 -30.12037 -30.69656 -30.83874 -30.86604 -30.95906
 -27.64549 -27.82874 -27.85711 -27.86019 -27.86119 -27.86820 -27.93229
 -26.36383 -26.37143 -26.37230 -26.37242 -26.37273 -26.37575 -26.40473
 -25.25802 -25.25728 -25.25719 -25.25718 -25.25712 -25.25659 -25.25624
 -24.70753 -24.70625 -24.70612 -24.70613 -24.70627 -24.70742 -24.72199
 -24.52516 -24.52430 -24.52421 -24.52424 -24.52454 -24.52669 -24.54879
 -24.45013 -24.45030 -24.45033 -24.45038 -24.45077 -24.45333 -24.47775
 -24.39826 -24.40100 -24.40130 -24.40139 -24.40185 -24.40464 -24.42888
 -24.38480 -24.39224 -24.39307 -24.39321 -24.39368 -24.39642 -24.41781
 -24.40409 -24.41969 -24.42148 -24.42170 -24.42213 -24.42466 -24.44202
 -24.43821 -24.46381 -24.46684 -24.46719 -24.46756 -24.46983 -24.48430
 -24.46174 -24.49409 -24.49804 -24.49848 -24.49882 -24.50093 -24.51414
C-------------------------------------------------------------------------------
C                                                                               
C  Low-level line power coefficients  - unfiltered                              
C                                                                               
C                                                                               
C                                                                               
C  CODE     : ADAS810                                                           
C  PRODUCER : Adam Foster                                                       
C  DATE     : 15/05/09                                                          
C                                                                               
C-------------------------------------------------------------------------------
