   74    7   14   70   70     /TUNGSTEN           /ADAS810-total           ADF11
 -------------------------------------------------------------------------------
  10.00000  11.00000  12.00000  13.00000  14.00000  15.00000  16.00000
   1.92656   2.10267   2.32451   2.62554   2.92656   3.32451   3.62554   3.80163
   3.92656   4.10267   4.32451   4.62554   4.92656   5.10267
 --------------------/ IGRD= 1  / IPRT= 0  /PLT     / Z1=70   / DATE= 15.05.09
 -29.78821 -29.78821 -29.78821 -29.78821 -29.78821 -29.78821 -29.78821
 -28.55170 -28.55170 -28.55170 -28.55170 -28.55170 -28.55170 -28.55170
 -27.57130 -27.57130 -27.57130 -27.57130 -27.57130 -27.57130 -27.57130
 -26.79515 -26.79515 -26.79515 -26.79515 -26.79515 -26.79515 -26.79515
 -26.35756 -26.35756 -26.35756 -26.35756 -26.35756 -26.35756 -26.35756
 -26.10470 -26.10470 -26.10470 -26.10470 -26.10470 -26.10470 -26.10470
 -25.99469 -25.99469 -25.99469 -25.99469 -25.99469 -25.99469 -25.99469
 -25.92637 -25.92637 -25.92637 -25.92637 -25.92637 -25.92637 -25.92637
 -25.88344 -25.88344 -25.88344 -25.88344 -25.88344 -25.88344 -25.88344
 -25.84024 -25.84024 -25.84024 -25.84024 -25.84024 -25.84024 -25.84024
 -25.81278 -25.81278 -25.81278 -25.81278 -25.81278 -25.81278 -25.81278
 -25.80971 -25.80971 -25.80971 -25.80971 -25.80971 -25.80971 -25.80971
 -25.83530 -25.83530 -25.83530 -25.83530 -25.83530 -25.83530 -25.83530
 -25.86074 -25.86074 -25.86074 -25.86074 -25.86074 -25.86074 -25.86074
C-------------------------------------------------------------------------------
C                                                                               
C  Low-level line power coefficients  - unfiltered                              
C                                                                               
C                                                                               
C                                                                               
C  CODE     : ADAS810                                                           
C  PRODUCER : Adam Foster                                                       
C  DATE     : 15/05/09                                                          
C                                                                               
C-------------------------------------------------------------------------------
