   74    7   14   26   26     /TUNGSTEN           /ADAS810-total           ADF11
 -------------------------------------------------------------------------------
  10.00000  11.00000  12.00000  13.00000  14.00000  15.00000  16.00000
   1.06633   1.24242   1.46425   1.76529   2.06633   2.46425   2.76529   2.94138
   3.06633   3.24242   3.46425   3.76529   4.06633   4.24242
 --------------------/ IGRD= 1  / IPRT= 0  /PLT     / Z1=26   / DATE= 03.06.09
 -32.39282 -32.39282 -32.39282 -32.39282 -32.39282 -32.39282 -32.39282
 -29.80462 -29.80462 -29.80462 -29.80462 -29.80462 -29.80462 -29.80463
 -27.76972 -27.76972 -27.76972 -27.76972 -27.76972 -27.76972 -27.76972
 -26.30045 -26.30045 -26.30045 -26.30045 -26.30045 -26.30045 -26.30045
 -25.61156 -25.61156 -25.61156 -25.61156 -25.61156 -25.61156 -25.61157
 -25.22927 -25.22927 -25.22927 -25.22927 -25.22927 -25.22927 -25.22929
 -25.10191 -25.10191 -25.10191 -25.10191 -25.10191 -25.10192 -25.10194
 -25.05712 -25.05712 -25.05712 -25.05712 -25.05712 -25.05713 -25.05716
 -25.03722 -25.03722 -25.03722 -25.03722 -25.03722 -25.03722 -25.03726
 -25.01982 -25.01982 -25.01982 -25.01982 -25.01982 -25.01983 -25.01986
 -25.01431 -25.01431 -25.01431 -25.01431 -25.01431 -25.01431 -25.01434
 -25.03244 -25.03244 -25.03244 -25.03244 -25.03245 -25.03245 -25.03248
 -25.07336 -25.07336 -25.07336 -25.07336 -25.07336 -25.07336 -25.07339
 -25.10554 -25.10554 -25.10554 -25.10554 -25.10554 -25.10554 -25.10557
C-------------------------------------------------------------------------------
C                                                                               
C  Low-level line power coefficients  - unfiltered                              
C                                                                               
C                                                                               
C                                                                               
C  CODE     : ADAS810                                                           
C  PRODUCER : Adam Foster                                                       
C  DATE     : 03/06/09                                                          
C                                                                               
C-------------------------------------------------------------------------------
