   74    7   14   46   46     /TUNGSTEN           /ADAS810-total           ADF11
 -------------------------------------------------------------------------------
  10.00000  11.00000  12.00000  13.00000  14.00000  15.00000  16.00000
   1.56194   1.73799   1.95980   2.26079   2.56194   2.95980   3.26079   3.43696
   3.56194   3.73799   3.95980   4.26079   4.56194   4.73799
 --------------------/ IGRD= 1  / IPRT= 0  /PLT     / Z1=46   / DATE= 24.05.12
 -26.76159 -26.76159 -26.76159 -26.76159 -26.76159 -26.76159 -26.76162
 -26.18366 -26.18366 -26.18366 -26.18366 -26.18366 -26.18366 -26.18369
 -25.74691 -25.74691 -25.74691 -25.74691 -25.74691 -25.74691 -25.74693
 -25.45208 -25.45208 -25.45208 -25.45208 -25.45208 -25.45208 -25.45211
 -25.32573 -25.32573 -25.32573 -25.32573 -25.32573 -25.32573 -25.32575
 -25.09165 -25.09165 -25.09165 -25.09165 -25.09165 -25.09165 -25.09167
 -24.88395 -24.88395 -24.88395 -24.88395 -24.88395 -24.88395 -24.88397
 -24.80876 -24.80876 -24.80876 -24.80876 -24.80876 -24.80876 -24.80878
 -24.77543 -24.77543 -24.77543 -24.77543 -24.77543 -24.77543 -24.77545
 -24.75058 -24.75058 -24.75058 -24.75058 -24.75058 -24.75058 -24.75059
 -24.74574 -24.74574 -24.74574 -24.74574 -24.74574 -24.74574 -24.74576
 -24.76925 -24.76925 -24.76925 -24.76925 -24.76925 -24.76925 -24.76926
 -24.81584 -24.81584 -24.81584 -24.81584 -24.81584 -24.81585 -24.81585
 -24.85087 -24.85087 -24.85087 -24.85087 -24.85087 -24.85087 -24.85088
C-------------------------------------------------------------------------------
C                                                                               
C  Low-level line power coefficients  - unfiltered                              
C                                                                               
C                                                                               
C                                                                               
C  CODE     : ADAS810                                                           
C  PRODUCER : Martin O'Mullane                                                  
C  DATE     : 24/05/12                                                          
C                                                                               
C-------------------------------------------------------------------------------
