   74    7   14    8    8     /TUNGSTEN           /ADAS810-total           ADF11
 -------------------------------------------------------------------------------
  10.00000  11.00000  12.00000  13.00000  14.00000  15.00000  16.00000
   0.04254   0.21864   0.44048   0.74152   1.04254   1.44048   1.74152   1.91761
   2.04254   2.21864   2.44048   2.74152   3.04254   3.21864
 --------------------/ IGRD= 1  / IPRT= 0  /PLT     / Z1= 8   / DATE= 15.05.09
 -42.53509 -42.53509 -42.53509 -42.53509 -42.53513 -42.53553 -42.53952
 -36.70136 -36.70136 -36.70136 -36.70136 -36.70139 -36.70168 -36.70459
 -31.87613 -31.87613 -31.87613 -31.87613 -31.87615 -31.87634 -31.87832
 -28.04219 -28.04219 -28.04219 -28.04219 -28.04220 -28.04229 -28.04323
 -26.01250 -26.01250 -26.01250 -26.01251 -26.01251 -26.01258 -26.01326
 -24.78177 -24.78181 -24.78210 -24.78293 -24.78447 -24.78973 -24.81064
 -24.39194 -24.39214 -24.39333 -24.39628 -24.40151 -24.41913 -24.47579
 -24.27593 -24.27624 -24.27800 -24.28221 -24.28960 -24.31423 -24.38802
 -24.22485 -24.22522 -24.22731 -24.23221 -24.24078 -24.26913 -24.35152
 -24.18296 -24.18338 -24.18578 -24.19133 -24.20099 -24.23263 -24.32258
 -24.16388 -24.16433 -24.16687 -24.17279 -24.18296 -24.21591 -24.30949
 -24.17647 -24.17689 -24.17935 -24.18518 -24.19509 -24.22662 -24.31851
 -24.21690 -24.21726 -24.21947 -24.22489 -24.23400 -24.26225 -24.34828
 -24.25022 -24.25054 -24.25256 -24.25769 -24.26625 -24.29225 -24.37382
C-------------------------------------------------------------------------------
C                                                                               
C  Low-level line power coefficients  - unfiltered                              
C                                                                               
C                                                                               
C                                                                               
C  CODE     : ADAS810                                                           
C  PRODUCER : Adam Foster                                                       
C  DATE     : 15/05/09                                                          
C                                                                               
C-------------------------------------------------------------------------------
