   74    7   14   70   70     /TUNGSTEN           /ADAS810-total           ADF11
 -------------------------------------------------------------------------------
  10.00000  11.00000  12.00000  13.00000  14.00000  15.00000  16.00000
   1.92656   2.10267   2.32451   2.62554   2.92656   3.32451   3.62554   3.80163
   3.92656   4.10267   4.32451   4.62554   4.92656   5.10267
 --------------------/ IGRD= 1  / IPRT= 0  /PLT     / Z1=70   / DATE= 15.05.09
 -27.95206 -27.95206 -27.95206 -27.95206 -27.95206 -27.95206 -27.95207
 -27.56552 -27.56552 -27.56552 -27.56552 -27.56552 -27.56552 -27.56553
 -27.27982 -27.27982 -27.27982 -27.27982 -27.27982 -27.27982 -27.27983
 -26.92875 -26.92875 -26.92875 -26.92875 -26.92875 -26.92875 -26.92876
 -26.47396 -26.47396 -26.47396 -26.47396 -26.47396 -26.47396 -26.47397
 -26.15893 -26.15893 -26.15893 -26.15893 -26.15893 -26.15893 -26.15893
 -26.02872 -26.02872 -26.02872 -26.02872 -26.02872 -26.02872 -26.02872
 -25.95158 -25.95158 -25.95158 -25.95158 -25.95158 -25.95158 -25.95158
 -25.90381 -25.90381 -25.90381 -25.90381 -25.90381 -25.90381 -25.90381
 -25.85481 -25.85481 -25.85481 -25.85481 -25.85481 -25.85481 -25.85482
 -25.82147 -25.82147 -25.82147 -25.82147 -25.82147 -25.82147 -25.82147
 -25.81236 -25.81236 -25.81236 -25.81236 -25.81236 -25.81236 -25.81237
 -25.83453 -25.83453 -25.83453 -25.83453 -25.83453 -25.83453 -25.83453
 -25.85863 -25.85863 -25.85863 -25.85863 -25.85863 -25.85863 -25.85863
C-------------------------------------------------------------------------------
C                                                                               
C  Low-level line power coefficients  - unfiltered                              
C                                                                               
C                                                                               
C                                                                               
C  CODE     : ADAS810                                                           
C  PRODUCER : Adam Foster                                                       
C  DATE     : 15/05/09                                                          
C                                                                               
C-------------------------------------------------------------------------------
