   74    7   14   40   40     /TUNGSTEN           /ADAS810-total           ADF11
 -------------------------------------------------------------------------------
  10.00000  11.00000  12.00000  13.00000  14.00000  15.00000  16.00000
   1.44048   1.61658   1.83843   2.13947   2.44048   2.83843   3.13947   3.31555
   3.44048   3.61658   3.83843   4.13947   4.44048   4.61658
 --------------------/ IGRD= 1  / IPRT= 0  /PLT     / Z1=40   / DATE= 18.05.09
 -27.22365 -27.22365 -27.22365 -27.22365 -27.22365 -27.22365 -27.22367
 -26.27659 -26.27659 -26.27659 -26.27659 -26.27659 -26.27659 -26.27661
 -25.54449 -25.54449 -25.54449 -25.54449 -25.54449 -25.54450 -25.54452
 -25.02580 -25.02580 -25.02580 -25.02580 -25.02580 -25.02581 -25.02586
 -24.78771 -24.78771 -24.78771 -24.78772 -24.78772 -24.78772 -24.78781
 -24.64374 -24.64374 -24.64374 -24.64374 -24.64375 -24.64376 -24.64386
 -24.57876 -24.57876 -24.57876 -24.57876 -24.57876 -24.57877 -24.57887
 -24.55826 -24.55826 -24.55826 -24.55826 -24.55827 -24.55828 -24.55837
 -24.55310 -24.55310 -24.55310 -24.55310 -24.55310 -24.55311 -24.55321
 -24.55770 -24.55770 -24.55770 -24.55770 -24.55770 -24.55771 -24.55780
 -24.57748 -24.57748 -24.57748 -24.57748 -24.57748 -24.57749 -24.57757
 -24.62304 -24.62304 -24.62304 -24.62304 -24.62304 -24.62304 -24.62310
 -24.68434 -24.68434 -24.68434 -24.68434 -24.68434 -24.68434 -24.68439
 -24.72575 -24.72575 -24.72575 -24.72575 -24.72575 -24.72576 -24.72580
C-------------------------------------------------------------------------------
C                                                                               
C  Low-level line power coefficients  - unfiltered                              
C                                                                               
C                                                                               
C                                                                               
C  CODE     : ADAS810                                                           
C  PRODUCER : Adam Foster                                                       
C  DATE     : 18/05/09                                                          
C                                                                               
C-------------------------------------------------------------------------------
