   74    7   14   39   39     /TUNGSTEN           /ADAS810-total           ADF11
 -------------------------------------------------------------------------------
  10.00000  11.00000  12.00000  13.00000  14.00000  15.00000  16.00000
   1.41850   1.59459   1.81644   2.11747   2.41850   2.81644   3.11747   3.29356
   3.41850   3.59459   3.81644   4.11747   4.41850   4.59459
 --------------------/ IGRD= 1  / IPRT= 0  /PLT     / Z1=39   / DATE= 03.06.09
 -27.64358 -27.64358 -27.64358 -27.64358 -27.64358 -27.64359 -27.64361
 -26.59473 -26.59473 -26.59478 -26.59500 -26.59531 -26.59574 -26.59601
 -25.74077 -25.74097 -25.74263 -25.74858 -25.75581 -25.76840 -25.77495
 -25.11094 -25.11350 -25.13122 -25.16939 -25.21973 -25.29865 -25.32768
 -24.83352 -24.84127 -24.88654 -24.95757 -25.05529 -25.17531 -25.21058
 -24.69447 -24.70731 -24.77536 -24.86662 -24.98719 -25.11949 -25.15545
 -24.63451 -24.64840 -24.72236 -24.82093 -24.94520 -25.08557 -25.12496
 -24.61243 -24.62614 -24.70065 -24.80241 -24.92660 -25.07257 -25.11515
 -24.60611 -24.61941 -24.69310 -24.79637 -24.91931 -25.06873 -25.11381
 -24.60528 -24.61774 -24.68914 -24.79416 -24.91449 -25.06845 -25.11753
 -24.61987 -24.63107 -24.69814 -24.80433 -24.92011 -25.07877 -25.13357
 -24.65773 -24.66707 -24.72663 -24.83305 -24.94156 -25.10441 -25.16815
 -24.71193 -24.71952 -24.77087 -24.87642 -24.97779 -25.14207 -25.21611
 -24.74967 -24.75633 -24.80282 -24.90719 -25.00468 -25.16828 -25.24889
C-------------------------------------------------------------------------------
C                                                                               
C  Low-level line power coefficients  - unfiltered                              
C                                                                               
C                                                                               
C                                                                               
C  CODE     : ADAS810                                                           
C  PRODUCER : Adam Foster                                                       
C  DATE     : 03/06/09                                                          
C                                                                               
C-------------------------------------------------------------------------------
