   74    7   14   24   24     /TUNGSTEN           /ADAS810-total           ADF11
 -------------------------------------------------------------------------------
  10.00000  11.00000  12.00000  13.00000  14.00000  15.00000  16.00000
   0.99679   1.17289   1.39473   1.69576   1.99679   2.39473   2.69576   2.87185
   2.99679   3.17289   3.39473   3.69576   3.99679   4.17289
 --------------------/ IGRD= 1  / IPRT= 0  /PLT     / Z1=24   / DATE= 15.05.09
 -28.50175 -28.43858 -28.37373 -28.62948 -29.45087 -30.43078 -31.42855
 -28.39241 -28.32172 -28.24518 -28.51502 -29.35583 -30.32035 -31.16760
 -28.26123 -28.19035 -28.11032 -28.36559 -28.96677 -29.21316 -29.24907
 -27.46903 -27.45231 -27.42694 -27.46394 -27.50689 -27.51344 -27.51413
 -26.70499 -26.70080 -26.69282 -26.69545 -26.70062 -26.70137 -26.70146
 -26.26580 -26.26426 -26.26164 -26.26339 -26.26508 -26.26531 -26.26534
 -26.13413 -26.13339 -26.13261 -26.13481 -26.13611 -26.13628 -26.13631
 -26.09324 -26.09286 -26.09278 -26.09517 -26.09638 -26.09655 -26.09657
 -26.07449 -26.07427 -26.07451 -26.07695 -26.07812 -26.07828 -26.07831
 -26.06060 -26.06051 -26.06105 -26.06357 -26.06473 -26.06488 -26.06491
 -26.05786 -26.05800 -26.05899 -26.06169 -26.06287 -26.06303 -26.06306
 -26.07834 -26.07866 -26.07999 -26.08288 -26.08415 -26.08432 -26.08435
 -26.12065 -26.12104 -26.12251 -26.12557 -26.12698 -26.12718 -26.12721
 -26.15378 -26.15428 -26.15594 -26.15913 -26.16065 -26.16088 -26.16091
C-------------------------------------------------------------------------------
C                                                                               
C  Low-level line power coefficients  - unfiltered                              
C                                                                               
C                                                                               
C                                                                               
C  CODE     : ADAS810                                                           
C  PRODUCER : Adam Foster                                                       
C  DATE     : 15/05/09                                                          
C                                                                               
C-------------------------------------------------------------------------------
