   74    7   14   64   64     /TUNGSTEN           /ADAS810-total           ADF11
 -------------------------------------------------------------------------------
  10.00000  11.00000  12.00000  13.00000  14.00000  15.00000  16.00000
   1.84873   2.02481   2.24667   2.54770   2.84873   3.24667   3.54770   3.72379
   3.84873   4.02481   4.24667   4.54770   4.84873   5.02481
 --------------------/ IGRD= 1  / IPRT= 0  /PLT     / Z1=64   / DATE= 15.05.09
 -26.89048 -26.89048 -26.89048 -26.89048 -26.89048 -26.89049 -26.89053
 -26.58858 -26.58858 -26.58858 -26.58858 -26.58858 -26.58858 -26.58862
 -26.27467 -26.27467 -26.27467 -26.27467 -26.27467 -26.27467 -26.27470
 -25.96466 -25.96466 -25.96466 -25.96466 -25.96466 -25.96466 -25.96467
 -25.81821 -25.81821 -25.81821 -25.81821 -25.81821 -25.81821 -25.81822
 -25.74800 -25.74800 -25.74800 -25.74800 -25.74800 -25.74800 -25.74801
 -25.65146 -25.65146 -25.65146 -25.65146 -25.65146 -25.65147 -25.65147
 -25.56518 -25.56518 -25.56518 -25.56518 -25.56518 -25.56518 -25.56518
 -25.50855 -25.50855 -25.50855 -25.50855 -25.50855 -25.50856 -25.50856
 -25.44804 -25.44804 -25.44804 -25.44804 -25.44804 -25.44804 -25.44805
 -25.40788 -25.40788 -25.40788 -25.40788 -25.40788 -25.40788 -25.40789
 -25.40297 -25.40297 -25.40297 -25.40297 -25.40297 -25.40297 -25.40297
 -25.43356 -25.43356 -25.43356 -25.43356 -25.43356 -25.43356 -25.43357
 -25.46165 -25.46165 -25.46165 -25.46165 -25.46165 -25.46165 -25.46165
C-------------------------------------------------------------------------------
C                                                                               
C  Low-level line power coefficients  - unfiltered                              
C                                                                               
C                                                                               
C                                                                               
C  CODE     : ADAS810                                                           
C  PRODUCER : Adam Foster                                                       
C  DATE     : 15/05/09                                                          
C                                                                               
C-------------------------------------------------------------------------------
