   74    7   14   64   64     /TUNGSTEN           /ADAS810-total           ADF11
 -------------------------------------------------------------------------------
  10.00000  11.00000  12.00000  13.00000  14.00000  15.00000  16.00000
   1.84873   2.02481   2.24667   2.54770   2.84873   3.24667   3.54770   3.72379
   3.84873   4.02481   4.24667   4.54770   4.84873   5.02481
 --------------------/ IGRD= 1  / IPRT= 0  /PLT     / Z1=64   / DATE= 15.05.09
 -27.65750 -27.65750 -27.65750 -27.65750 -27.65750 -27.65750 -27.65750
 -26.89456 -26.89456 -26.89456 -26.89456 -26.89456 -26.89456 -26.89456
 -26.31697 -26.31697 -26.31697 -26.31697 -26.31697 -26.31697 -26.31697
 -25.92782 -25.92782 -25.92782 -25.92782 -25.92782 -25.92782 -25.92782
 -25.78073 -25.78073 -25.78073 -25.78073 -25.78073 -25.78073 -25.78073
 -25.72288 -25.72288 -25.72288 -25.72288 -25.72288 -25.72288 -25.72288
 -25.63701 -25.63701 -25.63701 -25.63701 -25.63701 -25.63701 -25.63701
 -25.55457 -25.55457 -25.55457 -25.55457 -25.55457 -25.55457 -25.55458
 -25.50006 -25.50006 -25.50006 -25.50006 -25.50006 -25.50006 -25.50006
 -25.44217 -25.44217 -25.44217 -25.44217 -25.44217 -25.44217 -25.44217
 -25.40462 -25.40462 -25.40462 -25.40462 -25.40462 -25.40462 -25.40462
 -25.40131 -25.40131 -25.40131 -25.40131 -25.40131 -25.40131 -25.40131
 -25.43307 -25.43307 -25.43307 -25.43307 -25.43307 -25.43307 -25.43307
 -25.46220 -25.46220 -25.46220 -25.46220 -25.46220 -25.46220 -25.46220
C-------------------------------------------------------------------------------
C                                                                               
C  Low-level line power coefficients  - unfiltered                              
C                                                                               
C                                                                               
C                                                                               
C  CODE     : ADAS810                                                           
C  PRODUCER : Adam Foster                                                       
C  DATE     : 15/05/09                                                          
C                                                                               
C-------------------------------------------------------------------------------
