   74    7   14   17   17     /TUNGSTEN           /ADAS810-total           ADF11
 -------------------------------------------------------------------------------
  10.00000  11.00000  12.00000  13.00000  14.00000  15.00000  16.00000
   0.69726   0.87336   1.09520   1.39623   1.69726   2.09520   2.39623   2.57233
   2.69726   2.87336   3.09520   3.39623   3.69726   3.87336
 --------------------/ IGRD= 1  / IPRT= 0  /PLT     / Z1=17   / DATE= 18.05.09
 -28.35647 -28.35647 -28.35647 -28.35647 -28.35650 -28.35682 -28.35993
 -27.07064 -27.07064 -27.07064 -27.07064 -27.07066 -27.07093 -27.07353
 -26.07853 -26.07853 -26.07853 -26.07853 -26.07856 -26.07877 -26.08094
 -25.38439 -25.38439 -25.38439 -25.38439 -25.38441 -25.38461 -25.38658
 -25.05171 -25.05171 -25.05171 -25.05171 -25.05173 -25.05190 -25.05367
 -24.78499 -24.78499 -24.78499 -24.78500 -24.78501 -24.78515 -24.78654
 -24.65231 -24.65231 -24.65231 -24.65231 -24.65232 -24.65246 -24.65380
 -24.60964 -24.60964 -24.60964 -24.60964 -24.60966 -24.60979 -24.61111
 -24.59395 -24.59395 -24.59395 -24.59395 -24.59396 -24.59409 -24.59537
 -24.58843 -24.58843 -24.58843 -24.58843 -24.58844 -24.58857 -24.58979
 -24.60294 -24.60294 -24.60294 -24.60294 -24.60295 -24.60306 -24.60417
 -24.64875 -24.64875 -24.64875 -24.64875 -24.64876 -24.64885 -24.64980
 -24.71435 -24.71435 -24.71435 -24.71435 -24.71436 -24.71443 -24.71521
 -24.75932 -24.75932 -24.75932 -24.75932 -24.75933 -24.75940 -24.76009
C-------------------------------------------------------------------------------
C                                                                               
C  Low-level line power coefficients  - unfiltered                              
C                                                                               
C                                                                               
C                                                                               
C  CODE     : ADAS810                                                           
C  PRODUCER : Adam Foster                                                       
C  DATE     : 18/05/09                                                          
C                                                                               
C-------------------------------------------------------------------------------
