   74    7   14   68   68     /TUNGSTEN           /ADAS810-total           ADF11
 -------------------------------------------------------------------------------
  10.00000  11.00000  12.00000  13.00000  14.00000  15.00000  16.00000
   1.90139   2.07748   2.29933   2.60036   2.90139   3.29933   3.60036   3.77645
   3.90139   4.07748   4.29933   4.60036   4.90139   5.07748
 --------------------/ IGRD= 1  / IPRT= 0  /PLT     / Z1=68   / DATE= 15.05.09
 -31.38009 -31.38009 -31.38009 -31.38009 -31.38009 -31.38009 -31.38009
 -30.16669 -30.16669 -30.16669 -30.16669 -30.16669 -30.16669 -30.16669
 -28.80667 -28.80667 -28.80667 -28.80667 -28.80667 -28.80667 -28.80667
 -27.49590 -27.49590 -27.49590 -27.49590 -27.49590 -27.49590 -27.49589
 -26.75410 -26.75410 -26.75410 -26.75410 -26.75410 -26.75410 -26.75410
 -26.30205 -26.30205 -26.30205 -26.30205 -26.30205 -26.30205 -26.30205
 -26.03434 -26.03434 -26.03434 -26.03434 -26.03434 -26.03434 -26.03434
 -25.87739 -25.87739 -25.87739 -25.87739 -25.87739 -25.87739 -25.87739
 -25.78706 -25.78706 -25.78706 -25.78706 -25.78706 -25.78706 -25.78706
 -25.69694 -25.69694 -25.69694 -25.69694 -25.69694 -25.69694 -25.69694
 -25.63678 -25.63678 -25.63678 -25.63678 -25.63678 -25.63678 -25.63678
 -25.61872 -25.61872 -25.61872 -25.61872 -25.61872 -25.61872 -25.61872
 -25.64270 -25.64270 -25.64270 -25.64270 -25.64270 -25.64270 -25.64270
 -25.66881 -25.66881 -25.66881 -25.66881 -25.66881 -25.66881 -25.66881
C-------------------------------------------------------------------------------
C                                                                               
C  Low-level line power coefficients  - unfiltered                              
C                                                                               
C                                                                               
C                                                                               
C  CODE     : ADAS810                                                           
C  PRODUCER : Adam Foster                                                       
C  DATE     : 15/05/09                                                          
C                                                                               
C-------------------------------------------------------------------------------
