   74    7   14   69   69     /TUNGSTEN           /ADAS810-total           ADF11
 -------------------------------------------------------------------------------
  10.00000  11.00000  12.00000  13.00000  14.00000  15.00000  16.00000
   1.91407   2.09015   2.31201   2.61304   2.91407   3.31201   3.61304   3.78913
   3.91407   4.09015   4.31201   4.61304   4.91407   5.09015
 --------------------/ IGRD= 1  / IPRT= 0  /PLT     / Z1=69   / DATE= 15.05.09
 -34.26010 -34.26010 -34.26010 -34.26010 -34.26010 -34.26011 -34.26014
 -31.50189 -31.50189 -31.50189 -31.50189 -31.50189 -31.50189 -31.50188
 -29.17529 -29.17529 -29.17529 -29.17529 -29.17529 -29.17529 -29.17528
 -27.43612 -27.43612 -27.43612 -27.43612 -27.43612 -27.43612 -27.43611
 -26.62441 -26.62441 -26.62441 -26.62441 -26.62441 -26.62441 -26.62441
 -26.20925 -26.20925 -26.20925 -26.20925 -26.20925 -26.20925 -26.20926
 -26.02067 -26.02067 -26.02067 -26.02067 -26.02067 -26.02067 -26.02068
 -25.90548 -25.90548 -25.90548 -25.90548 -25.90548 -25.90548 -25.90549
 -25.83536 -25.83536 -25.83536 -25.83536 -25.83536 -25.83537 -25.83537
 -25.76279 -25.76279 -25.76279 -25.76279 -25.76279 -25.76279 -25.76280
 -25.71477 -25.71477 -25.71477 -25.71477 -25.71477 -25.71477 -25.71478
 -25.70559 -25.70559 -25.70559 -25.70559 -25.70559 -25.70559 -25.70560
 -25.73333 -25.73333 -25.73333 -25.73333 -25.73333 -25.73333 -25.73333
 -25.76166 -25.76166 -25.76166 -25.76166 -25.76166 -25.76166 -25.76166
C-------------------------------------------------------------------------------
C                                                                               
C  Low-level line power coefficients  - unfiltered                              
C                                                                               
C                                                                               
C                                                                               
C  CODE     : ADAS810                                                           
C  PRODUCER : Adam Foster                                                       
C  DATE     : 15/05/09                                                          
C                                                                               
C-------------------------------------------------------------------------------
