   74    7   14   44   44     /TUNGSTEN           /ADAS810-total           ADF11
 -------------------------------------------------------------------------------
  10.00000  11.00000  12.00000  13.00000  14.00000  15.00000  16.00000
   1.52323   1.69940   1.92122   2.22220   2.52323   2.92122   3.22220   3.39829
   3.52323   3.69940   3.92122   4.22220   4.52323   4.69940
 --------------------/ IGRD= 1  / IPRT= 0  /PLT     / Z1=44   / DATE= 24.05.12
 -26.60526 -26.60526 -26.60526 -26.60526 -26.60526 -26.60527 -26.60530
 -25.95862 -25.95862 -25.95862 -25.95862 -25.95862 -25.95862 -25.95865
 -25.46084 -25.46084 -25.46084 -25.46084 -25.46084 -25.46084 -25.46087
 -25.11422 -25.11422 -25.11422 -25.11422 -25.11422 -25.11422 -25.11426
 -24.96531 -24.96531 -24.96531 -24.96531 -24.96531 -24.96532 -24.96535
 -24.83602 -24.83602 -24.83602 -24.83602 -24.83602 -24.83602 -24.83606
 -24.72964 -24.72964 -24.72964 -24.72964 -24.72964 -24.72964 -24.72968
 -24.68842 -24.68842 -24.68842 -24.68842 -24.68842 -24.68842 -24.68846
 -24.67265 -24.67265 -24.67265 -24.67265 -24.67265 -24.67265 -24.67268
 -24.66395 -24.66395 -24.66395 -24.66395 -24.66395 -24.66395 -24.66398
 -24.67249 -24.67249 -24.67249 -24.67249 -24.67249 -24.67250 -24.67252
 -24.70805 -24.70805 -24.70805 -24.70805 -24.70805 -24.70805 -24.70807
 -24.76220 -24.76220 -24.76220 -24.76220 -24.76220 -24.76220 -24.76222
 -24.80145 -24.80145 -24.80145 -24.80145 -24.80145 -24.80145 -24.80147
C-------------------------------------------------------------------------------
C                                                                               
C  Low-level line power coefficients  - unfiltered                              
C                                                                               
C                                                                               
C                                                                               
C  CODE     : ADAS810                                                           
C  PRODUCER : Martin O'Mullane                                                  
C  DATE     : 24/05/12                                                          
C                                                                               
C-------------------------------------------------------------------------------
