   74    7   14   67   67     /TUNGSTEN           /ADAS810-total           ADF11
 -------------------------------------------------------------------------------
  10.00000  11.00000  12.00000  13.00000  14.00000  15.00000  16.00000
   1.88852   2.06461   2.28646   2.58749   2.88852   3.28646   3.58749   3.76358
   3.88852   4.06461   4.28646   4.58749   4.88852   5.06461
 --------------------/ IGRD= 1  / IPRT= 0  /PLT     / Z1=67   / DATE= 15.05.09
 -30.19063 -30.19230 -30.20868 -30.34543 -30.91374 -31.83239 -32.82007
 -30.10030 -30.10199 -30.11854 -30.25601 -30.81370 -31.60654 -32.04805
 -29.55707 -29.55771 -29.56386 -29.60835 -29.70352 -29.73719 -29.74144
 -27.86893 -27.86896 -27.86924 -27.87085 -27.87291 -27.87338 -27.87344
 -26.98312 -26.98315 -26.98343 -26.98433 -26.98482 -26.98489 -26.98490
 -26.48064 -26.48072 -26.48128 -26.48228 -26.48258 -26.48262 -26.48262
 -26.10746 -26.10750 -26.10777 -26.10816 -26.10826 -26.10827 -26.10827
 -25.89772 -25.89774 -25.89791 -25.89814 -25.89820 -25.89820 -25.89820
 -25.78385 -25.78387 -25.78400 -25.78418 -25.78422 -25.78422 -25.78422
 -25.67331 -25.67333 -25.67343 -25.67356 -25.67359 -25.67359 -25.67359
 -25.59836 -25.59837 -25.59845 -25.59855 -25.59858 -25.59858 -25.59858
 -25.56986 -25.56987 -25.56992 -25.57000 -25.57002 -25.57002 -25.57002
 -25.58727 -25.58727 -25.58730 -25.58735 -25.58737 -25.58737 -25.58737
 -25.61070 -25.61071 -25.61073 -25.61078 -25.61079 -25.61080 -25.61080
C-------------------------------------------------------------------------------
C                                                                               
C  Low-level line power coefficients  - unfiltered                              
C                                                                               
C                                                                               
C                                                                               
C  CODE     : ADAS810                                                           
C  PRODUCER : Adam Foster                                                       
C  DATE     : 15/05/09                                                          
C                                                                               
C-------------------------------------------------------------------------------
