   74    7   14   22   22     /TUNGSTEN           /ADAS810-total           ADF11
 -------------------------------------------------------------------------------
  10.00000  11.00000  12.00000  13.00000  14.00000  15.00000  16.00000
   0.92121   1.09729   1.31915   1.62019   1.92121   2.31915   2.62019   2.79628
   2.92121   3.09729   3.31915   3.62019   3.92121   4.09729
 --------------------/ IGRD= 1  / IPRT= 0  /PLT     / Z1=22   / DATE= 18.05.09
 -34.44226 -34.44226 -34.44226 -34.44226 -34.44226 -34.44227 -34.44228
 -31.23104 -31.23104 -31.23104 -31.23104 -31.23104 -31.23104 -31.23105
 -28.52548 -28.52548 -28.52548 -28.52548 -28.52548 -28.52548 -28.52549
 -26.42668 -26.42668 -26.42668 -26.42668 -26.42668 -26.42668 -26.42669
 -25.35488 -25.35488 -25.35488 -25.35488 -25.35488 -25.35488 -25.35489
 -24.68649 -24.68649 -24.68649 -24.68649 -24.68649 -24.68649 -24.68655
 -24.47079 -24.47079 -24.47079 -24.47079 -24.47079 -24.47080 -24.47091
 -24.41010 -24.41010 -24.41010 -24.41010 -24.41010 -24.41011 -24.41024
 -24.38579 -24.38579 -24.38579 -24.38579 -24.38580 -24.38581 -24.38595
 -24.37032 -24.37032 -24.37032 -24.37032 -24.37032 -24.37034 -24.37048
 -24.37355 -24.37355 -24.37355 -24.37355 -24.37356 -24.37357 -24.37372
 -24.40451 -24.40451 -24.40451 -24.40451 -24.40451 -24.40452 -24.40466
 -24.45641 -24.45641 -24.45641 -24.45642 -24.45642 -24.45643 -24.45655
 -24.49493 -24.49493 -24.49493 -24.49493 -24.49494 -24.49495 -24.49506
C-------------------------------------------------------------------------------
C                                                                               
C  Low-level line power coefficients  - unfiltered                              
C                                                                               
C                                                                               
C                                                                               
C  CODE     : ADAS810                                                           
C  PRODUCER : Adam Foster                                                       
C  DATE     : 18/05/09                                                          
C                                                                               
C-------------------------------------------------------------------------------
