   74    7   14   67   67     /TUNGSTEN           /ADAS810-total           ADF11
 -------------------------------------------------------------------------------
  10.00000  11.00000  12.00000  13.00000  14.00000  15.00000  16.00000
   1.88852   2.06461   2.28646   2.58749   2.88852   3.28646   3.58749   3.76358
   3.88852   4.06461   4.28646   4.58749   4.88852   5.06461
 --------------------/ IGRD= 1  / IPRT= 0  /PLT     / Z1=67   / DATE= 15.05.09
 -32.17760 -32.17910 -32.19382 -32.31836 -32.85155 -33.65203 -34.12955
 -30.77447 -30.77578 -30.78859 -30.89398 -31.26693 -31.54120 -31.59183
 -29.39424 -29.39359 -29.38749 -29.35086 -29.30033 -29.28793 -29.28650
 -27.82510 -27.81648 -27.75799 -27.65137 -27.61853 -27.61454 -27.61413
 -26.96948 -26.95561 -26.90743 -26.87908 -26.87479 -26.87434 -26.87430
 -26.48675 -26.47841 -26.46211 -26.45683 -26.45618 -26.45612 -26.45611
 -26.12233 -26.11560 -26.10482 -26.10188 -26.10153 -26.10149 -26.10149
 -25.90788 -25.90374 -25.89767 -25.89611 -25.89593 -25.89591 -25.89591
 -25.78928 -25.78703 -25.78386 -25.78308 -25.78299 -25.78298 -25.78298
 -25.67263 -25.67308 -25.67368 -25.67383 -25.67385 -25.67385 -25.67385
 -25.59204 -25.59500 -25.59894 -25.59989 -25.60000 -25.60001 -25.60001
 -25.55877 -25.56365 -25.57056 -25.57228 -25.57248 -25.57250 -25.57250
 -25.57343 -25.57903 -25.58784 -25.59022 -25.59050 -25.59053 -25.59053
 -25.59595 -25.60161 -25.61121 -25.61396 -25.61429 -25.61432 -25.61433
C-------------------------------------------------------------------------------
C                                                                               
C  Low-level line power coefficients  - unfiltered                              
C                                                                               
C                                                                               
C                                                                               
C  CODE     : ADAS810                                                           
C  PRODUCER : Adam Foster                                                       
C  DATE     : 15/05/09                                                          
C                                                                               
C-------------------------------------------------------------------------------
