   74    7   14   47   47     /TUNGSTEN           /ADAS810-total           ADF11
 -------------------------------------------------------------------------------
  10.00000  11.00000  12.00000  13.00000  14.00000  15.00000  16.00000
   1.58056   1.75666   1.97850   2.27953   2.58056   2.97850   3.27953   3.45562
   3.58056   3.75666   3.97850   4.27953   4.58056   4.75666
 --------------------/ IGRD= 1  / IPRT= 0  /PLT     / Z1=47   / DATE= 18.05.09
 -44.14721 -44.14721 -44.14721 -44.14721 -44.14721 -44.14721 -44.14720
 -38.12971 -38.12971 -38.12971 -38.12971 -38.12971 -38.12970 -38.12967
 -33.14212 -33.14212 -33.14212 -33.14212 -33.14212 -33.14212 -33.14205
 -28.98749 -28.98749 -28.98749 -28.98749 -28.98749 -28.98749 -28.98745
 -26.77868 -26.77868 -26.77868 -26.77868 -26.77868 -26.77868 -26.77865
 -25.44166 -25.44166 -25.44166 -25.44166 -25.44166 -25.44166 -25.44165
 -25.02497 -25.02497 -25.02497 -25.02497 -25.02497 -25.02497 -25.02499
 -24.90269 -24.90269 -24.90269 -24.90269 -24.90269 -24.90269 -24.90273
 -24.84960 -24.84960 -24.84960 -24.84960 -24.84960 -24.84960 -24.84964
 -24.80669 -24.80669 -24.80669 -24.80669 -24.80669 -24.80670 -24.80674
 -24.78783 -24.78783 -24.78783 -24.78783 -24.78783 -24.78783 -24.78788
 -24.80193 -24.80193 -24.80193 -24.80193 -24.80193 -24.80194 -24.80198
 -24.84317 -24.84317 -24.84317 -24.84317 -24.84317 -24.84317 -24.84321
 -24.87613 -24.87613 -24.87613 -24.87613 -24.87613 -24.87613 -24.87616
C-------------------------------------------------------------------------------
C                                                                               
C  Low-level line power coefficients  - unfiltered                              
C                                                                               
C                                                                               
C                                                                               
C  CODE     : ADAS810                                                           
C  PRODUCER : Adam Foster                                                       
C  DATE     : 18/05/09                                                          
C                                                                               
C-------------------------------------------------------------------------------
