   74    7   14    5    5     /TUNGSTEN           /ADAS810-total           ADF11
 -------------------------------------------------------------------------------
  10.00000  11.00000  12.00000  13.00000  14.00000  15.00000  16.00000
  -0.36569  -0.18960   0.03226   0.33329   0.63431   1.03226   1.33329   1.50938
   1.63431   1.81040   2.03226   2.33329   2.63431   2.81040
 --------------------/ IGRD= 1  / IPRT= 0  /PLT     / Z1= 5   / DATE= 18.05.09
 -39.60042 -39.60042 -39.60044 -39.60062 -39.60240 -39.61980 -39.76373
 -34.59840 -34.59840 -34.59841 -34.59856 -34.60001 -34.61431 -34.73615
 -30.63651 -30.63651 -30.63653 -30.63664 -30.63777 -30.64892 -30.74706
 -27.72336 -27.72336 -27.72337 -27.72345 -27.72423 -27.73200 -27.80259
 -26.25353 -26.25353 -26.25353 -26.25357 -26.25392 -26.25742 -26.28985
 -25.08004 -25.08004 -25.08004 -25.08005 -25.08008 -25.08054 -25.08766
 -24.53359 -24.53359 -24.53359 -24.53362 -24.53385 -24.53627 -24.56102
 -24.34123 -24.34126 -24.34126 -24.34130 -24.34168 -24.34552 -24.38257
 -24.24816 -24.24821 -24.24823 -24.24827 -24.24874 -24.25346 -24.29795
 -24.16133 -24.16144 -24.16147 -24.16152 -24.16209 -24.16775 -24.22028
 -24.10711 -24.10732 -24.10736 -24.10742 -24.10805 -24.11430 -24.17217
 -24.09286 -24.09318 -24.09324 -24.09331 -24.09393 -24.10019 -24.15881
 -24.11949 -24.11990 -24.11997 -24.12004 -24.12060 -24.12630 -24.18082
 -24.14734 -24.14779 -24.14788 -24.14794 -24.14846 -24.15370 -24.20454
C-------------------------------------------------------------------------------
C                                                                               
C  Low-level line power coefficients  - unfiltered                              
C                                                                               
C                                                                               
C                                                                               
C  CODE     : ADAS810                                                           
C  PRODUCER : Adam Foster                                                       
C  DATE     : 18/05/09                                                          
C                                                                               
C-------------------------------------------------------------------------------
