    7   24   30    1    7     /NITROGEN           /GCR PROJECT      
--------------------------------------------------------------------------------
   7.69897   8.00000   8.30103   8.69897   9.00000   9.30103   9.69897  10.00000
  10.30103  10.69897  11.00000  11.30103  11.69897  12.00000  12.30103  12.69897
  13.00000  13.30103  13.69897  14.00000  14.30103  14.69897  15.00000  15.30103
  -0.69877  -0.52268  -0.30083  -0.15470   0.00020   0.17629   0.30123   0.47732
   0.69917   0.84530   1.00020   1.17629   1.30123   1.47732   1.69917   1.84530
   2.00020   2.17629   2.30123   2.47732   2.69917   2.84530   3.00020   3.17629
   3.30123   3.47732   3.69917   3.84530   4.00020   4.17629
---------------------/ IGRD= 1  / IPRT= 1  /--------/ Z1= 1   / DATE= 07/10/18
 -10.60665 -10.60665 -10.60665 -10.60665 -10.60665 -10.60665 -10.60665 -10.60665
 -10.60665 -10.60665 -10.60665 -10.60665 -10.60665 -10.60665 -10.60665 -10.60665
 -10.60665 -10.60665 -10.60665 -10.60665 -10.60665 -10.60665 -10.60665 -10.60665
 -10.51868 -10.51868 -10.51868 -10.51868 -10.51868 -10.51868 -10.51868 -10.51868
 -10.51868 -10.51868 -10.51868 -10.51868 -10.51868 -10.51868 -10.51868 -10.51868
 -10.51868 -10.51868 -10.51868 -10.51868 -10.51868 -10.51868 -10.51868 -10.51868
 -10.40255 -10.40255 -10.40255 -10.40256 -10.40256 -10.40256 -10.40256 -10.40256
 -10.40256 -10.40256 -10.40256 -10.40256 -10.40256 -10.40256 -10.40256 -10.40256
 -10.40256 -10.40256 -10.40256 -10.40256 -10.40256 -10.40256 -10.40256 -10.40256
 -10.32169 -10.32171 -10.32172 -10.32172 -10.32173 -10.32173 -10.32174 -10.32175
 -10.32176 -10.32177 -10.32178 -10.32178 -10.32178 -10.32178 -10.32178 -10.32179
 -10.32179 -10.32179 -10.32179 -10.32179 -10.32179 -10.32179 -10.32179 -10.32179
 -10.22724 -10.22734 -10.22738 -10.22740 -10.22744 -10.22748 -10.22756 -10.22766
 -10.22777 -10.22791 -10.22799 -10.22804 -10.22807 -10.22809 -10.22809 -10.22809
 -10.22809 -10.22810 -10.22810 -10.22810 -10.22810 -10.22810 -10.22810 -10.22810
 -10.10469 -10.10499 -10.10528 -10.10543 -10.10537 -10.10548 -10.10595 -10.10650
 -10.10717 -10.10806 -10.10859 -10.10894 -10.10917 -10.10924 -10.10928 -10.10931
 -10.10932 -10.10932 -10.10933 -10.10935 -10.10935 -10.10935 -10.10936 -10.10935
 -10.01031 -10.01077 -10.01118 -10.01153 -10.01169 -10.01206 -10.01305 -10.01425
 -10.01577 -10.01783 -10.01906 -10.01987 -10.02041 -10.02060 -10.02069 -10.02076
 -10.02079 -10.02079 -10.02080 -10.02082 -10.02084 -10.02087 -10.02093 -10.02096
  -9.87027  -9.87105  -9.87162  -9.87217  -9.87273  -9.87359  -9.87555  -9.87797
  -9.88106  -9.88521  -9.88761  -9.88918  -9.89029  -9.89070  -9.89091  -9.89104
  -9.89110  -9.89113  -9.89115  -9.89119  -9.89124  -9.89136  -9.89156  -9.89200
  -9.67981  -9.68084  -9.68166  -9.68235  -9.68299  -9.68425  -9.68739  -9.69106
  -9.69571  -9.70183  -9.70525  -9.70746  -9.70899  -9.70954  -9.70985  -9.70994
  -9.70983  -9.70985  -9.70989  -9.70978  -9.70986  -9.71023  -9.71060  -9.71127
  -9.54616  -9.54713  -9.54780  -9.54842  -9.54920  -9.55048  -9.55376  -9.55792
  -9.56306  -9.56966  -9.57335  -9.57569  -9.57733  -9.57802  -9.57837  -9.57844
  -9.57828  -9.57807  -9.57789  -9.57776  -9.57741  -9.57684  -9.57665  -9.57679
  -9.39850  -9.39930  -9.39985  -9.40053  -9.40149  -9.40287  -9.40623  -9.41047
  -9.41563  -9.42215  -9.42575  -9.42802  -9.42958  -9.43015  -9.43030  -9.43031
  -9.43036  -9.43008  -9.42931  -9.42860  -9.42753  -9.42551  -9.42371  -9.42202
  -9.22283  -9.22340  -9.22369  -9.22418  -9.22510  -9.22638  -9.22945  -9.23337
  -9.23806  -9.24376  -9.24681  -9.24869  -9.24999  -9.25045  -9.25054  -9.25044
  -9.25032  -9.24985  -9.24868  -9.24735  -9.24540  -9.24171  -9.23812  -9.23391
  -9.09200  -9.09238  -9.09257  -9.09297  -9.09377  -9.09502  -9.09796  -9.10146
  -9.10551  -9.11028  -9.11274  -9.11424  -9.11527  -9.11565  -9.11575  -9.11554
  -9.11523  -9.11483  -9.11376  -9.11220  -9.10987  -9.10543  -9.10100  -9.09589
  -8.90410  -8.90430  -8.90449  -8.90485  -8.90544  -8.90655  -8.90912  -8.91186
  -8.91485  -8.91819  -8.91983  -8.92078  -8.92144  -8.92171  -8.92167  -8.92143
  -8.92129  -8.92096  -8.91989  -8.91847  -8.91644  -8.91211  -8.90740  -8.90220
  -8.67062  -8.67069  -8.67089  -8.67122  -8.67154  -8.67227  -8.67400  -8.67571
  -8.67747  -8.67928  -8.68012  -8.68063  -8.68098  -8.68108  -8.68114  -8.68107
  -8.68089  -8.68081  -8.68038  -8.67937  -8.67786  -8.67472  -8.67120  -8.66682
  -8.52087  -8.52102  -8.52115  -8.52126  -8.52142  -8.52191  -8.52313  -8.52431
  -8.52546  -8.52658  -8.52711  -8.52740  -8.52756  -8.52763  -8.52767  -8.52775
  -8.52781  -8.52774  -8.52742  -8.52691  -8.52592  -8.52354  -8.52075  -8.51709
  -8.36704  -8.36711  -8.36716  -8.36727  -8.36746  -8.36780  -8.36856  -8.36929
  -8.36999  -8.37067  -8.37096  -8.37112  -8.37121  -8.37126  -8.37132  -8.37139
  -8.37139  -8.37138  -8.37133  -8.37115  -8.37058  -8.36890  -8.36677  -8.36383
  -8.19661  -8.19664  -8.19667  -8.19677  -8.19692  -8.19713  -8.19755  -8.19798
  -8.19837  -8.19874  -8.19889  -8.19898  -8.19904  -8.19906  -8.19909  -8.19915
  -8.19919  -8.19922  -8.19928  -8.19927  -8.19901  -8.19792  -8.19633  -8.19401
  -8.07741  -8.07743  -8.07746  -8.07753  -8.07763  -8.07777  -8.07805  -8.07833
  -8.07860  -8.07884  -8.07894  -8.07900  -8.07904  -8.07905  -8.07908  -8.07913
  -8.07918  -8.07924  -8.07936  -8.07941  -8.07927  -8.07850  -8.07721  -8.07521
  -7.91008  -7.91010  -7.91013  -7.91019  -7.91024  -7.91030  -7.91045  -7.91062
  -7.91078  -7.91092  -7.91097  -7.91101  -7.91103  -7.91103  -7.91106  -7.91111
  -7.91115  -7.91122  -7.91138  -7.91150  -7.91151  -7.91101  -7.91003  -7.90841
  -7.70134  -7.70136  -7.70138  -7.70141  -7.70143  -7.70148  -7.70156  -7.70162
  -7.70168  -7.70176  -7.70179  -7.70181  -7.70183  -7.70186  -7.70187  -7.70188
  -7.70192  -7.70200  -7.70219  -7.70235  -7.70244  -7.70220  -7.70150  -7.70019
  -7.56460  -7.56463  -7.56465  -7.56467  -7.56468  -7.56469  -7.56472  -7.56478
  -7.56483  -7.56488  -7.56490  -7.56491  -7.56492  -7.56492  -7.56494  -7.56498
  -7.56502  -7.56510  -7.56527  -7.56542  -7.56554  -7.56543  -7.56489  -7.56379
  -7.41997  -7.42000  -7.42002  -7.42003  -7.42003  -7.42005  -7.42009  -7.42012
  -7.42016  -7.42019  -7.42020  -7.42021  -7.42021  -7.42022  -7.42022  -7.42023
  -7.42026  -7.42035  -7.42051  -7.42065  -7.42080  -7.42082  -7.42042  -7.41951
  -7.25569  -7.25571  -7.25573  -7.25572  -7.25572  -7.25577  -7.25584  -7.25585
  -7.25585  -7.25587  -7.25588  -7.25588  -7.25590  -7.25591  -7.25589  -7.25585
  -7.25588  -7.25597  -7.25612  -7.25625  -7.25644  -7.25659  -7.25635  -7.25561
  -7.13917  -7.13919  -7.13921  -7.13920  -7.13918  -7.13925  -7.13935  -7.13934
  -7.13933  -7.13935  -7.13935  -7.13935  -7.13937  -7.13940  -7.13936  -7.13928
  -7.13932  -7.13941  -7.13956  -7.13967  -7.13988  -7.14012  -7.13998  -7.13935
  -6.97501  -6.97503  -6.97504  -6.97502  -6.97500  -6.97510  -6.97523  -6.97520
  -6.97517  -6.97518  -6.97519  -6.97518  -6.97521  -6.97525  -6.97519  -6.97507
  -6.97510  -6.97520  -6.97534  -6.97544  -6.97568  -6.97602  -6.97601  -6.97554
  -6.76828  -6.76829  -6.76830  -6.76827  -6.76825  -6.76837  -6.76854  -6.76849
  -6.76845  -6.76846  -6.76846  -6.76845  -6.76849  -6.76854  -6.76845  -6.76829
  -6.76833  -6.76843  -6.76856  -6.76865  -6.76891  -6.76937  -6.76950  -6.76920
  -6.63216  -6.63216  -6.63217  -6.63214  -6.63211  -6.63225  -6.63244  -6.63238
  -6.63233  -6.63234  -6.63235  -6.63233  -6.63238  -6.63244  -6.63234  -6.63215
  -6.63218  -6.63229  -6.63241  -6.63250  -6.63277  -6.63329  -6.63350  -6.63331
  -6.48791  -6.48791  -6.48791  -6.48788  -6.48785  -6.48800  -6.48822  -6.48815
  -6.48809  -6.48810  -6.48810  -6.48809  -6.48813  -6.48820  -6.48809  -6.48788
  -6.48791  -6.48802  -6.48814  -6.48822  -6.48850  -6.48908  -6.48937  -6.48929
  -6.32397  -6.32396  -6.32397  -6.32393  -6.32390  -6.32407  -6.32430  -6.32422
  -6.32416  -6.32417  -6.32417  -6.32415  -6.32421  -6.32428  -6.32416  -6.32392
  -6.32396  -6.32407  -6.32418  -6.32425  -6.32455  -6.32519  -6.32555  -6.32558
---------------------/ IGRD= 1  / IPRT= 1  /--------/ Z1= 2   / DATE= 07/10/18
  -9.12856  -9.12856  -9.12856  -9.12856  -9.12856  -9.12856  -9.12856  -9.12856
  -9.12856  -9.12856  -9.12856  -9.12856  -9.12856  -9.12856  -9.12856  -9.12856
  -9.12856  -9.12856  -9.12856  -9.12856  -9.12856  -9.12856  -9.12856  -9.12856
  -9.10934  -9.10934  -9.10934  -9.10934  -9.10934  -9.10934  -9.10934  -9.10934
  -9.10934  -9.10934  -9.10934  -9.10934  -9.10934  -9.10934  -9.10934  -9.10934
  -9.10934  -9.10934  -9.10934  -9.10934  -9.10934  -9.10934  -9.10934  -9.10934
  -9.08703  -9.08703  -9.08703  -9.08703  -9.08703  -9.08703  -9.08703  -9.08703
  -9.08703  -9.08703  -9.08703  -9.08703  -9.08703  -9.08703  -9.08703  -9.08703
  -9.08703  -9.08703  -9.08703  -9.08703  -9.08703  -9.08703  -9.08703  -9.08703
  -9.07300  -9.07300  -9.07300  -9.07300  -9.07300  -9.07300  -9.07301  -9.07301
  -9.07302  -9.07303  -9.07303  -9.07303  -9.07303  -9.07303  -9.07303  -9.07304
  -9.07304  -9.07304  -9.07304  -9.07304  -9.07304  -9.07304  -9.07304  -9.07304
  -9.05834  -9.05834  -9.05835  -9.05835  -9.05837  -9.05840  -9.05847  -9.05856
  -9.05867  -9.05883  -9.05892  -9.05898  -9.05902  -9.05904  -9.05905  -9.05905
  -9.05905  -9.05905  -9.05905  -9.05905  -9.05905  -9.05906  -9.05906  -9.05906
  -9.04248  -9.04250  -9.04253  -9.04261  -9.04274  -9.04300  -9.04366  -9.04452
  -9.04566  -9.04725  -9.04822  -9.04886  -9.04932  -9.04949  -9.04958  -9.04961
  -9.04963  -9.04966  -9.04966  -9.04967  -9.04969  -9.04969  -9.04970  -9.04975
  -9.03293  -9.03297  -9.03305  -9.03329  -9.03368  -9.03442  -9.03634  -9.03882
  -9.04216  -9.04684  -9.04971  -9.05163  -9.05301  -9.05351  -9.05376  -9.05389
  -9.05395  -9.05400  -9.05401  -9.05404  -9.05410  -9.05420  -9.05433  -9.05460
  -9.02090  -9.02101  -9.02123  -9.02188  -9.02293  -9.02490  -9.03002  -9.03654
  -9.04522  -9.05737  -9.06464  -9.06934  -9.07271  -9.07392  -9.07454  -9.07500
  -9.07524  -9.07537  -9.07538  -9.07547  -9.07569  -9.07615  -9.07695  -9.07834
  -9.00120  -9.00141  -9.00184  -9.00311  -9.00515  -9.00897  -9.01877  -9.03108
  -9.04704  -9.06821  -9.08045  -9.08846  -9.09421  -9.09631  -9.09739  -9.09810
  -9.09826  -9.09824  -9.09838  -9.09877  -9.09941  -9.10070  -9.10265  -9.10626
  -8.97680  -8.97707  -8.97759  -8.97915  -8.98166  -8.98635  -8.99826  -9.01300
  -9.03183  -9.05672  -9.07088  -9.07983  -9.08626  -9.08869  -9.08992  -9.09057
  -9.09085  -9.09112  -9.09141  -9.09175  -9.09238  -9.09412  -9.09684  -9.10189
  -8.93562  -8.93591  -8.93648  -8.93816  -8.94087  -8.94590  -8.95867  -8.97437
  -8.99422  -9.02008  -9.03470  -9.04393  -9.05029  -9.05268  -9.05398  -9.05463
  -9.05493  -9.05524  -9.05547  -9.05587  -9.05670  -9.05883  -9.06226  -9.06851
  -8.86969  -8.86996  -8.87051  -8.87211  -8.87467  -8.87944  -8.89145  -8.90612
  -8.92450  -8.94785  -8.96088  -8.96918  -8.97490  -8.97702  -8.97819  -8.97887
  -8.97911  -8.97928  -8.97954  -8.97985  -8.98055  -8.98286  -8.98652  -8.99292
  -8.81239  -8.81263  -8.81312  -8.81457  -8.81689  -8.82119  -8.83196  -8.84501
  -8.86120  -8.88164  -8.89305  -8.90034  -8.90535  -8.90716  -8.90811  -8.90858
  -8.90879  -8.90903  -8.90931  -8.90959  -8.91024  -8.91253  -8.91606  -8.92203
  -8.71908  -8.71927  -8.71966  -8.72082  -8.72266  -8.72608  -8.73464  -8.74484
  -8.75728  -8.77285  -8.78140  -8.78670  -8.79024  -8.79152  -8.79220  -8.79253
  -8.79262  -8.79272  -8.79295  -8.79338  -8.79416  -8.79612  -8.79898  -8.80348
  -8.58351  -8.58364  -8.58392  -8.58471  -8.58599  -8.58831  -8.59402  -8.60069
  -8.60865  -8.61826  -8.62334  -8.62642  -8.62834  -8.62901  -8.62946  -8.62988
  -8.62993  -8.62990  -8.63021  -8.63050  -8.63105  -8.63303  -8.63575  -8.63974
  -8.48326  -8.48336  -8.48357  -8.48417  -8.48513  -8.48689  -8.49116  -8.49605
  -8.50174  -8.50845  -8.51194  -8.51404  -8.51543  -8.51590  -8.51615  -8.51636
  -8.51643  -8.51646  -8.51663  -8.51689  -8.51741  -8.51898  -8.52106  -8.52393
  -8.36581  -8.36589  -8.36604  -8.36649  -8.36721  -8.36849  -8.37159  -8.37510
  -8.37914  -8.38376  -8.38609  -8.38750  -8.38846  -8.38880  -8.38894  -8.38903
  -8.38907  -8.38910  -8.38920  -8.38944  -8.38994  -8.39120  -8.39283  -8.39499
  -8.22941  -8.22947  -8.22958  -8.22990  -8.23042  -8.23134  -8.23355  -8.23601
  -8.23876  -8.24189  -8.24348  -8.24442  -8.24502  -8.24522  -8.24532  -8.24540
  -8.24543  -8.24545  -8.24556  -8.24576  -8.24615  -8.24725  -8.24867  -8.25052
  -8.13776  -8.13781  -8.13789  -8.13816  -8.13857  -8.13931  -8.14109  -8.14305
  -8.14525  -8.14770  -8.14894  -8.14969  -8.15016  -8.15030  -8.15037  -8.15042
  -8.15045  -8.15048  -8.15057  -8.15073  -8.15108  -8.15209  -8.15336  -8.15498
  -8.02374  -8.02378  -8.02385  -8.02404  -8.02436  -8.02492  -8.02626  -8.02776
  -8.02945  -8.03132  -8.03226  -8.03283  -8.03320  -8.03331  -8.03335  -8.03338
  -8.03339  -8.03341  -8.03349  -8.03364  -8.03395  -8.03480  -8.03590  -8.03732
  -7.91340  -7.91343  -7.91348  -7.91363  -7.91386  -7.91428  -7.91529  -7.91643
  -7.91774  -7.91925  -7.91999  -7.92042  -7.92072  -7.92081  -7.92085  -7.92089
  -7.92090  -7.92089  -7.92095  -7.92108  -7.92134  -7.92205  -7.92301  -7.92428
  -7.85364  -7.85366  -7.85370  -7.85383  -7.85402  -7.85438  -7.85525  -7.85624
  -7.85739  -7.85873  -7.85941  -7.85982  -7.86011  -7.86021  -7.86025  -7.86025
  -7.86026  -7.86029  -7.86031  -7.86041  -7.86065  -7.86131  -7.86221  -7.86340
  -7.79193  -7.79195  -7.79199  -7.79209  -7.79226  -7.79257  -7.79332  -7.79419
  -7.79522  -7.79645  -7.79709  -7.79749  -7.79775  -7.79784  -7.79788  -7.79791
  -7.79791  -7.79792  -7.79797  -7.79806  -7.79824  -7.79885  -7.79967  -7.80078
  -7.72187  -7.72188  -7.72192  -7.72200  -7.72215  -7.72241  -7.72306  -7.72383
  -7.72476  -7.72591  -7.72653  -7.72691  -7.72716  -7.72724  -7.72728  -7.72729
  -7.72730  -7.72733  -7.72736  -7.72742  -7.72760  -7.72812  -7.72887  -7.72993
  -7.67216  -7.67217  -7.67220  -7.67228  -7.67241  -7.67264  -7.67323  -7.67394
  -7.67482  -7.67592  -7.67653  -7.67691  -7.67716  -7.67725  -7.67729  -7.67728
  -7.67729  -7.67731  -7.67735  -7.67742  -7.67757  -7.67804  -7.67874  -7.67976
  -7.60209  -7.60210  -7.60213  -7.60220  -7.60231  -7.60251  -7.60303  -7.60367
  -7.60447  -7.60551  -7.60611  -7.60649  -7.60674  -7.60682  -7.60686  -7.60689
  -7.60686  -7.60683  -7.60693  -7.60701  -7.60712  -7.60754  -7.60817  -7.60910
  -7.51382  -7.51383  -7.51385  -7.51390  -7.51400  -7.51417  -7.51462  -7.51518
  -7.51589  -7.51686  -7.51743  -7.51781  -7.51806  -7.51813  -7.51818  -7.51823
  -7.51817  -7.51809  -7.51825  -7.51835  -7.51841  -7.51876  -7.51931  -7.52014
  -7.45568  -7.45568  -7.45570  -7.45575  -7.45583  -7.45598  -7.45639  -7.45690
  -7.45756  -7.45848  -7.45904  -7.45942  -7.45967  -7.45973  -7.45978  -7.45985
  -7.45977  -7.45967  -7.45986  -7.45996  -7.45999  -7.46031  -7.46082  -7.46158
  -7.39404  -7.39405  -7.39406  -7.39410  -7.39417  -7.39431  -7.39467  -7.39514
  -7.39575  -7.39662  -7.39717  -7.39754  -7.39778  -7.39785  -7.39789  -7.39798
  -7.39788  -7.39775  -7.39797  -7.39809  -7.39809  -7.39836  -7.39883  -7.39954
  -7.32397  -7.32398  -7.32399  -7.32403  -7.32409  -7.32420  -7.32453  -7.32495
  -7.32550  -7.32632  -7.32685  -7.32721  -7.32745  -7.32751  -7.32755  -7.32766
  -7.32754  -7.32739  -7.32764  -7.32776  -7.32773  -7.32797  -7.32839  -7.32904
---------------------/ IGRD= 1  / IPRT= 1  /--------/ Z1= 3   / DATE= 07/10/18
 -10.80331 -10.80331 -10.80331 -10.80331 -10.80331 -10.80331 -10.80331 -10.80331
 -10.80331 -10.80331 -10.80331 -10.80331 -10.80331 -10.80331 -10.80331 -10.80331
 -10.80331 -10.80331 -10.80331 -10.80331 -10.80331 -10.80331 -10.80331 -10.80331
 -10.32916 -10.32916 -10.32916 -10.32916 -10.32916 -10.32916 -10.32916 -10.32916
 -10.32916 -10.32916 -10.32916 -10.32916 -10.32916 -10.32916 -10.32916 -10.32916
 -10.32916 -10.32916 -10.32916 -10.32916 -10.32916 -10.32916 -10.32916 -10.32916
  -9.73435  -9.73435  -9.73435  -9.73435  -9.73435  -9.73435  -9.73435  -9.73435
  -9.73435  -9.73435  -9.73435  -9.73435  -9.73435  -9.73435  -9.73435  -9.73435
  -9.73435  -9.73435  -9.73435  -9.73435  -9.73435  -9.73435  -9.73435  -9.73435
  -9.36976  -9.36976  -9.36976  -9.36976  -9.36976  -9.36976  -9.36976  -9.36977
  -9.36977  -9.36978  -9.36978  -9.36978  -9.36978  -9.36978  -9.36978  -9.36978
  -9.36978  -9.36978  -9.36978  -9.36978  -9.36978  -9.36978  -9.36978  -9.36978
  -9.04310  -9.04310  -9.04310  -9.04312  -9.04314  -9.04318  -9.04328  -9.04340
  -9.04356  -9.04376  -9.04387  -9.04394  -9.04399  -9.04401  -9.04402  -9.04403
  -9.04403  -9.04403  -9.04403  -9.04403  -9.04403  -9.04403  -9.04403  -9.04403
  -8.74515  -8.74518  -8.74523  -8.74539  -8.74564  -8.74611  -8.74736  -8.74900
  -8.75124  -8.75451  -8.75654  -8.75792  -8.75888  -8.75925  -8.75942  -8.75952
  -8.75958  -8.75960  -8.75960  -8.75965  -8.75969  -8.75968  -8.75968  -8.75969
  -8.56729  -8.56738  -8.56755  -8.56804  -8.56884  -8.57037  -8.57449  -8.58003
  -8.58791  -8.60014  -8.60827  -8.61397  -8.61802  -8.61962  -8.62047  -8.62094
  -8.62118  -8.62128  -8.62127  -8.62147  -8.62165  -8.62161  -8.62157  -8.62165
  -8.35279  -8.35303  -8.35352  -8.35494  -8.35723  -8.36162  -8.37357  -8.38991
  -8.41359  -8.45154  -8.47720  -8.49587  -8.50998  -8.51529  -8.51814  -8.52012
  -8.52065  -8.52093  -8.52126  -8.52118  -8.52120  -8.52159  -8.52182  -8.52239
  -8.13293  -8.13341  -8.13438  -8.13723  -8.14181  -8.15057  -8.17414  -8.20578
  -8.25081  -8.32158  -8.36902  -8.40358  -8.42960  -8.43921  -8.44416  -8.44760
  -8.44886  -8.44934  -8.44962  -8.45031  -8.45070  -8.45083  -8.45237  -8.45547
  -8.01492  -8.01553  -8.01674  -8.02031  -8.02603  -8.03694  -8.06611  -8.10481
  -8.15897  -8.24234  -8.29773  -8.33766  -8.36687  -8.37753  -8.38321  -8.38750
  -8.38898  -8.38927  -8.38929  -8.39046  -8.39118  -8.39119  -8.39342  -8.39847
  -7.91402  -7.91470  -7.91608  -7.92013  -7.92662  -7.93897  -7.97185  -8.01505
  -8.07466  -8.16477  -8.22387  -8.26580  -8.29605  -8.30829  -8.31499  -8.31869
  -8.31996  -8.32040  -8.32048  -8.32127  -8.32232  -8.32399  -8.32682  -8.33311
  -7.81764  -7.81833  -7.81973  -7.82382  -7.83038  -7.84286  -7.87602  -7.91964
  -7.98008  -8.07167  -8.13102  -8.17386  -8.20672  -8.21869  -8.22461  -8.22838
  -8.22937  -8.23038  -8.23199  -8.23172  -8.23212  -8.23541  -8.23905  -8.24655
  -7.75668  -7.75732  -7.75862  -7.76242  -7.76853  -7.78017  -7.81127  -7.85245
  -7.91004  -7.99840  -8.05649  -8.09888  -8.13146  -8.14298  -8.14862  -8.15258
  -8.15365  -8.15462  -8.15616  -8.15596  -8.15645  -8.15974  -8.16334  -8.17124
  -7.67647  -7.67704  -7.67817  -7.68150  -7.68685  -7.69710  -7.72475  -7.76188
  -7.81462  -7.89749  -7.95370  -7.99462  -8.02476  -8.03652  -8.04288  -8.04680
  -8.04798  -8.04832  -8.04809  -8.04778  -8.04783  -8.04917  -8.05186  -8.05792
  -7.58056  -7.58103  -7.58198  -7.58475  -7.58921  -7.59776  -7.62095  -7.65235
  -7.69739  -7.76889  -7.81744  -7.85303  -7.87993  -7.89033  -7.89553  -7.89790
  -7.89794  -7.89769  -7.89730  -7.89614  -7.89496  -7.89434  -7.89489  -7.89818
  -7.52116  -7.52154  -7.52231  -7.52455  -7.52817  -7.53511  -7.55396  -7.57955
  -7.61631  -7.67473  -7.71435  -7.74325  -7.76478  -7.77287  -7.77685  -7.77884
  -7.77921  -7.77892  -7.77785  -7.77693  -7.77589  -7.77451  -7.77421  -7.77605
  -7.45897  -7.45924  -7.45978  -7.46138  -7.46396  -7.46890  -7.48234  -7.50059
  -7.52683  -7.56845  -7.59651  -7.61681  -7.63183  -7.63741  -7.64012  -7.64143
  -7.64153  -7.64127  -7.64053  -7.63960  -7.63869  -7.63781  -7.63748  -7.63879
  -7.39155  -7.39171  -7.39205  -7.39305  -7.39466  -7.39775  -7.40612  -7.41748
  -7.43383  -7.45969  -7.47693  -7.48936  -7.49870  -7.50207  -7.50368  -7.50451
  -7.50445  -7.50414  -7.50365  -7.50317  -7.50258  -7.50185  -7.50180  -7.50301
  -7.34693  -7.34705  -7.34729  -7.34800  -7.34914  -7.35133  -7.35726  -7.36530
  -7.37676  -7.39476  -7.40696  -7.41568  -7.42181  -7.42419  -7.42542  -7.42594
  -7.42599  -7.42589  -7.42555  -7.42510  -7.42470  -7.42436  -7.42427  -7.42516
  -7.28690  -7.28697  -7.28712  -7.28755  -7.28825  -7.28958  -7.29318  -7.29804
  -7.30497  -7.31581  -7.32297  -7.32804  -7.33177  -7.33322  -7.33390  -7.33412
  -7.33416  -7.33407  -7.33376  -7.33354  -7.33343  -7.33343  -7.33351  -7.33407
  -7.21206  -7.21210  -7.21218  -7.21241  -7.21278  -7.21348  -7.21539  -7.21795
  -7.22157  -7.22715  -7.23083  -7.23343  -7.23534  -7.23603  -7.23637  -7.23658
  -7.23660  -7.23656  -7.23647  -7.23639  -7.23629  -7.23617  -7.23625  -7.23666
  -7.16252  -7.16255  -7.16260  -7.16275  -7.16299  -7.16346  -7.16470  -7.16638
  -7.16873  -7.17232  -7.17468  -7.17635  -7.17756  -7.17802  -7.17826  -7.17837
  -7.17838  -7.17836  -7.17833  -7.17829  -7.17823  -7.17817  -7.17824  -7.17853
  -7.11007  -7.11009  -7.11012  -7.11022  -7.11038  -7.11067  -7.11146  -7.11252
  -7.11401  -7.11628  -7.11776  -7.11881  -7.11958  -7.11986  -7.12000  -7.12006
  -7.12006  -7.12006  -7.12006  -7.12004  -7.12000  -7.11998  -7.12002  -7.12022
  -7.04977  -7.04978  -7.04980  -7.04986  -7.04995  -7.05013  -7.05061  -7.05124
  -7.05213  -7.05349  -7.05437  -7.05498  -7.05542  -7.05557  -7.05566  -7.05572
  -7.05572  -7.05572  -7.05572  -7.05570  -7.05568  -7.05568  -7.05573  -7.05585
  -7.00607  -7.00607  -7.00609  -7.00613  -7.00619  -7.00632  -7.00665  -7.00709
  -7.00771  -7.00865  -7.00925  -7.00968  -7.00998  -7.01009  -7.01015  -7.01019
  -7.01019  -7.01019  -7.01018  -7.01018  -7.01017  -7.01017  -7.01020  -7.01030
  -6.94393  -6.94393  -6.94394  -6.94396  -6.94400  -6.94408  -6.94428  -6.94455
  -6.94492  -6.94549  -6.94585  -6.94610  -6.94628  -6.94635  -6.94639  -6.94640
  -6.94641  -6.94641  -6.94641  -6.94640  -6.94640  -6.94641  -6.94643  -6.94649
  -6.86562  -6.86562  -6.86563  -6.86564  -6.86566  -6.86570  -6.86581  -6.86596
  -6.86616  -6.86646  -6.86665  -6.86678  -6.86688  -6.86692  -6.86693  -6.86695
  -6.86695  -6.86695  -6.86694  -6.86694  -6.86694  -6.86695  -6.86696  -6.86700
  -6.81404  -6.81404  -6.81405  -6.81406  -6.81407  -6.81410  -6.81417  -6.81427
  -6.81440  -6.81460  -6.81472  -6.81481  -6.81488  -6.81490  -6.81491  -6.81492
  -6.81492  -6.81492  -6.81492  -6.81492  -6.81492  -6.81492  -6.81493  -6.81496
  -6.75937  -6.75937  -6.75937  -6.75938  -6.75939  -6.75940  -6.75945  -6.75951
  -6.75960  -6.75973  -6.75981  -6.75986  -6.75991  -6.75992  -6.75993  -6.75994
  -6.75994  -6.75993  -6.75993  -6.75993  -6.75993  -6.75994  -6.75994  -6.75996
  -6.69721  -6.69721  -6.69722  -6.69722  -6.69722  -6.69724  -6.69726  -6.69730
  -6.69736  -6.69743  -6.69748  -6.69752  -6.69754  -6.69755  -6.69756  -6.69756
  -6.69756  -6.69756  -6.69756  -6.69756  -6.69756  -6.69756  -6.69756  -6.69758
---------------------/ IGRD= 1  / IPRT= 1  /--------/ Z1= 4   / DATE= 07/10/18
  -9.21315  -9.21315  -9.21315  -9.21315  -9.21315  -9.21315  -9.21315  -9.21315
  -9.21315  -9.21315  -9.21316  -9.21315  -9.21315  -9.21321  -9.21309  -9.21317
  -9.21433  -9.21548  -9.21548  -9.21466  -9.21563  -9.21979  -9.22143  -9.22324
  -9.11322  -9.11322  -9.11322  -9.11322  -9.11322  -9.11322  -9.11322  -9.11322
  -9.11322  -9.11322  -9.11322  -9.11322  -9.11322  -9.11325  -9.11318  -9.11323
  -9.11394  -9.11471  -9.11482  -9.11422  -9.11475  -9.11729  -9.11797  -9.11856
  -8.97928  -8.97928  -8.97928  -8.97928  -8.97928  -8.97928  -8.97928  -8.97928
  -8.97928  -8.97928  -8.97928  -8.97927  -8.97928  -8.97928  -8.97927  -8.97928
  -8.97949  -8.97984  -8.98005  -8.97970  -8.97980  -8.98077  -8.98073  -8.98049
  -8.88558  -8.88558  -8.88558  -8.88558  -8.88558  -8.88558  -8.88558  -8.88558
  -8.88558  -8.88558  -8.88558  -8.88558  -8.88558  -8.88557  -8.88558  -8.88557
  -8.88551  -8.88562  -8.88589  -8.88568  -8.88558  -8.88587  -8.88572  -8.88549
  -8.78100  -8.78100  -8.78100  -8.78100  -8.78100  -8.78100  -8.78100  -8.78100
  -8.78100  -8.78100  -8.78100  -8.78100  -8.78100  -8.78099  -8.78102  -8.78100
  -8.78081  -8.78077  -8.78099  -8.78086  -8.78071  -8.78073  -8.78071  -8.78081
  -8.65492  -8.65492  -8.65492  -8.65492  -8.65492  -8.65492  -8.65492  -8.65492
  -8.65492  -8.65492  -8.65492  -8.65492  -8.65492  -8.65492  -8.65491  -8.65492
  -8.65495  -8.65495  -8.65493  -8.65502  -8.65507  -8.65495  -8.65491  -8.65495
  -8.56193  -8.56193  -8.56193  -8.56193  -8.56193  -8.56193  -8.56193  -8.56193
  -8.56193  -8.56193  -8.56193  -8.56193  -8.56193  -8.56193  -8.56193  -8.56193
  -8.56194  -8.56194  -8.56194  -8.56202  -8.56205  -8.56194  -8.56191  -8.56195
  -8.43294  -8.43294  -8.43294  -8.43294  -8.43294  -8.43294  -8.43294  -8.43294
  -8.43294  -8.43294  -8.43294  -8.43294  -8.43294  -8.43294  -8.43294  -8.43294
  -8.43292  -8.43302  -8.43296  -8.43220  -8.43200  -8.43298  -8.43305  -8.43293
  -8.27928  -8.27928  -8.27928  -8.27928  -8.27928  -8.27928  -8.27928  -8.27928
  -8.27928  -8.27928  -8.27928  -8.27928  -8.27928  -8.27927  -8.27929  -8.27928
  -8.27912  -8.27889  -8.27897  -8.27971  -8.27987  -8.27895  -8.27910  -8.27934
  -8.18762  -8.18762  -8.18762  -8.18762  -8.18762  -8.18762  -8.18762  -8.18762
  -8.18762  -8.18762  -8.18762  -8.18762  -8.18762  -8.18760  -8.18764  -8.18762
  -8.18722  -8.18691  -8.18696  -8.18698  -8.18691  -8.18697  -8.18740  -8.18761
  -8.09752  -8.09752  -8.09752  -8.09752  -8.09752  -8.09752  -8.09752  -8.09752
  -8.09752  -8.09752  -8.09752  -8.09752  -8.09752  -8.09752  -8.09752  -8.09752
  -8.09755  -8.09757  -8.09756  -8.09757  -8.09758  -8.09756  -8.09752  -8.09766
  -8.00420  -8.00420  -8.00420  -8.00420  -8.00420  -8.00420  -8.00420  -8.00420
  -8.00420  -8.00420  -8.00420  -8.00421  -8.00420  -8.00420  -8.00421  -8.00420
  -8.00419  -8.00418  -8.00421  -8.00420  -8.00416  -8.00426  -8.00474  -8.00546
  -7.94087  -7.94087  -7.94087  -7.94087  -7.94087  -7.94087  -7.94087  -7.94087
  -7.94087  -7.94087  -7.94087  -7.94087  -7.94087  -7.94087  -7.94087  -7.94087
  -7.94086  -7.94087  -7.94089  -7.94085  -7.94090  -7.94123  -7.94162  -7.94216
  -7.85167  -7.85167  -7.85167  -7.85167  -7.85167  -7.85167  -7.85167  -7.85167
  -7.85167  -7.85167  -7.85167  -7.85167  -7.85167  -7.85167  -7.85166  -7.85167
  -7.85171  -7.85161  -7.85134  -7.85151  -7.85176  -7.85200  -7.85243  -7.85344
  -7.73168  -7.73168  -7.73168  -7.73168  -7.73168  -7.73168  -7.73168  -7.73168
  -7.73168  -7.73168  -7.73168  -7.73168  -7.73168  -7.73168  -7.73168  -7.73168
  -7.73168  -7.73169  -7.73176  -7.73188  -7.73201  -7.73228  -7.73277  -7.73401
  -7.64703  -7.64703  -7.64703  -7.64703  -7.64703  -7.64703  -7.64703  -7.64703
  -7.64703  -7.64703  -7.64703  -7.64703  -7.64703  -7.64703  -7.64703  -7.64703
  -7.64703  -7.64703  -7.64703  -7.64710  -7.64729  -7.64762  -7.64786  -7.64909
  -7.55292  -7.55292  -7.55292  -7.55292  -7.55292  -7.55292  -7.55292  -7.55292
  -7.55292  -7.55292  -7.55292  -7.55292  -7.55292  -7.55292  -7.55292  -7.55292
  -7.55292  -7.55292  -7.55293  -7.55301  -7.55314  -7.55338  -7.55375  -7.55489
  -7.44553  -7.44553  -7.44553  -7.44553  -7.44553  -7.44553  -7.44553  -7.44553
  -7.44553  -7.44553  -7.44553  -7.44553  -7.44553  -7.44553  -7.44553  -7.44553
  -7.44551  -7.44555  -7.44565  -7.44565  -7.44574  -7.44629  -7.44714  -7.44892
  -7.37201  -7.37201  -7.37201  -7.37201  -7.37201  -7.37201  -7.37201  -7.37201
  -7.37201  -7.37201  -7.37201  -7.37201  -7.37201  -7.37201  -7.37201  -7.37201
  -7.37199  -7.37203  -7.37202  -7.37175  -7.37225  -7.37393  -7.37423  -7.37551
  -7.26235  -7.26235  -7.26235  -7.26235  -7.26235  -7.26235  -7.26235  -7.26235
  -7.26235  -7.26235  -7.26235  -7.26235  -7.26235  -7.26235  -7.26235  -7.26235
  -7.26234  -7.26233  -7.26246  -7.26282  -7.26350  -7.26497  -7.26651  -7.26825
  -7.09954  -7.09954  -7.09954  -7.09954  -7.09954  -7.09954  -7.09954  -7.09954
  -7.09954  -7.09954  -7.09954  -7.09954  -7.09954  -7.09954  -7.09954  -7.09954
  -7.09959  -7.09984  -7.10024  -7.10015  -7.10046  -7.10188  -7.10303  -7.10504
  -6.97512  -6.97512  -6.97512  -6.97512  -6.97512  -6.97512  -6.97512  -6.97512
  -6.97512  -6.97512  -6.97513  -6.97512  -6.97512  -6.97514  -6.97511  -6.97513
  -6.97537  -6.97556  -6.97552  -6.97560  -6.97616  -6.97771  -6.97920  -6.98141
  -6.82755  -6.82755  -6.82755  -6.82755  -6.82755  -6.82755  -6.82755  -6.82755
  -6.82755  -6.82755  -6.82755  -6.82755  -6.82755  -6.82755  -6.82756  -6.82755
  -6.82750  -6.82754  -6.82752  -6.82716  -6.82796  -6.83124  -6.83342  -6.83549
  -6.64135  -6.64135  -6.64135  -6.64135  -6.64135  -6.64135  -6.64135  -6.64135
  -6.64135  -6.64135  -6.64135  -6.64135  -6.64135  -6.64136  -6.64133  -6.64135
  -6.64167  -6.64191  -6.64179  -6.64172  -6.64233  -6.64413  -6.64539  -6.64751
  -6.49790  -6.49790  -6.49790  -6.49790  -6.49790  -6.49790  -6.49790  -6.49790
  -6.49789  -6.49790  -6.49790  -6.49789  -6.49790  -6.49793  -6.49785  -6.49791
  -6.49872  -6.49935  -6.49917  -6.49905  -6.49959  -6.50113  -6.50204  -6.50372
  -6.28217  -6.28217  -6.28217  -6.28217  -6.28217  -6.28217  -6.28217  -6.28217
  -6.28217  -6.28217  -6.28217  -6.28217  -6.28217  -6.28216  -6.28219  -6.28217
  -6.28191  -6.28206  -6.28291  -6.28303  -6.28304  -6.28380  -6.28525  -6.28738
  -5.99206  -5.99206  -5.99206  -5.99206  -5.99206  -5.99206  -5.99206  -5.99206
  -5.99206  -5.99206  -5.99206  -5.99206  -5.99206  -5.99208  -5.99204  -5.99207
  -5.99243  -5.99229  -5.99166  -5.99265  -5.99360  -5.99397  -5.99523  -5.99696
  -5.79976  -5.79976  -5.79976  -5.79976  -5.79976  -5.79976  -5.79976  -5.79976
  -5.79976  -5.79976  -5.79976  -5.79975  -5.79976  -5.79981  -5.79969  -5.79977
  -5.80073  -5.80045  -5.79866  -5.80025  -5.80195  -5.80212  -5.80317  -5.80454
  -5.59586  -5.59586  -5.59586  -5.59585  -5.59585  -5.59586  -5.59586  -5.59586
  -5.59585  -5.59586  -5.59586  -5.59585  -5.59586  -5.59594  -5.59575  -5.59588
  -5.59747  -5.59707  -5.59407  -5.59630  -5.59877  -5.59872  -5.59957  -5.60056
  -5.36400  -5.36400  -5.36400  -5.36400  -5.36400  -5.36400  -5.36400  -5.36400
  -5.36400  -5.36400  -5.36401  -5.36399  -5.36400  -5.36413  -5.36384  -5.36404
  -5.36633  -5.36583  -5.36149  -5.36443  -5.36777  -5.36748  -5.36810  -5.36866
---------------------/ IGRD= 1  / IPRT= 1  /--------/ Z1= 5   / DATE= 07/10/18
  -8.85346  -8.85346  -8.85346  -8.85346  -8.85346  -8.85346  -8.85346  -8.85346
  -8.85346  -8.85346  -8.85346  -8.85346  -8.85346  -8.85346  -8.85346  -8.85346
  -8.85346  -8.85346  -8.85346  -8.85346  -8.85346  -8.85350  -8.85341  -8.85320
  -8.76675  -8.76675  -8.76675  -8.76675  -8.76675  -8.76675  -8.76675  -8.76675
  -8.76675  -8.76675  -8.76675  -8.76675  -8.76675  -8.76675  -8.76675  -8.76675
  -8.76675  -8.76675  -8.76675  -8.76675  -8.76675  -8.76678  -8.76671  -8.76655
  -8.65751  -8.65751  -8.65751  -8.65751  -8.65751  -8.65751  -8.65751  -8.65751
  -8.65751  -8.65751  -8.65751  -8.65751  -8.65751  -8.65751  -8.65751  -8.65751
  -8.65751  -8.65751  -8.65751  -8.65751  -8.65751  -8.65753  -8.65748  -8.65739
  -8.58555  -8.58555  -8.58555  -8.58555  -8.58555  -8.58555  -8.58555  -8.58555
  -8.58555  -8.58555  -8.58555  -8.58555  -8.58555  -8.58555  -8.58555  -8.58555
  -8.58555  -8.58555  -8.58555  -8.58555  -8.58555  -8.58556  -8.58554  -8.58549
  -8.50928  -8.50928  -8.50928  -8.50928  -8.50928  -8.50928  -8.50928  -8.50928
  -8.50928  -8.50928  -8.50928  -8.50928  -8.50928  -8.50928  -8.50928  -8.50928
  -8.50928  -8.50928  -8.50928  -8.50928  -8.50928  -8.50928  -8.50927  -8.50927
  -8.42240  -8.42240  -8.42240  -8.42240  -8.42240  -8.42240  -8.42240  -8.42240
  -8.42240  -8.42240  -8.42240  -8.42240  -8.42240  -8.42240  -8.42240  -8.42240
  -8.42240  -8.42240  -8.42240  -8.42240  -8.42240  -8.42240  -8.42240  -8.42240
  -8.36003  -8.36003  -8.36003  -8.36003  -8.36003  -8.36003  -8.36003  -8.36003
  -8.36003  -8.36003  -8.36003  -8.36003  -8.36003  -8.36003  -8.36003  -8.36003
  -8.36003  -8.36003  -8.36003  -8.36003  -8.36003  -8.36004  -8.36002  -8.35998
  -8.27107  -8.27107  -8.27107  -8.27107  -8.27107  -8.27107  -8.27107  -8.27107
  -8.27107  -8.27107  -8.27107  -8.27107  -8.27107  -8.27107  -8.27107  -8.27107
  -8.27107  -8.27107  -8.27107  -8.27108  -8.27109  -8.27099  -8.27121  -8.27169
  -8.16017  -8.16017  -8.16017  -8.16017  -8.16017  -8.16017  -8.16017  -8.16017
  -8.16017  -8.16017  -8.16017  -8.16017  -8.16017  -8.16017  -8.16017  -8.16017
  -8.16017  -8.16017  -8.16017  -8.16018  -8.16019  -8.16010  -8.16026  -8.16069
  -8.08800  -8.08800  -8.08800  -8.08800  -8.08800  -8.08800  -8.08800  -8.08800
  -8.08800  -8.08800  -8.08800  -8.08800  -8.08800  -8.08800  -8.08800  -8.08800
  -8.08800  -8.08800  -8.08800  -8.08800  -8.08800  -8.08798  -8.08812  -8.08844
  -8.01175  -8.01175  -8.01175  -8.01175  -8.01175  -8.01175  -8.01175  -8.01175
  -8.01175  -8.01175  -8.01175  -8.01175  -8.01175  -8.01175  -8.01175  -8.01175
  -8.01175  -8.01175  -8.01176  -8.01174  -8.01172  -8.01184  -8.01180  -8.01179
  -7.92189  -7.92189  -7.92189  -7.92189  -7.92189  -7.92189  -7.92189  -7.92189
  -7.92189  -7.92189  -7.92189  -7.92189  -7.92189  -7.92189  -7.92189  -7.92189
  -7.92189  -7.92189  -7.92190  -7.92189  -7.92188  -7.92199  -7.92170  -7.92164
  -7.85789  -7.85789  -7.85789  -7.85789  -7.85789  -7.85789  -7.85789  -7.85789
  -7.85789  -7.85789  -7.85789  -7.85789  -7.85789  -7.85789  -7.85789  -7.85790
  -7.85788  -7.85788  -7.85801  -7.85771  -7.85747  -7.85953  -7.86034  -7.85997
  -7.76999  -7.76999  -7.76999  -7.76999  -7.76999  -7.76999  -7.76999  -7.76999
  -7.76999  -7.76999  -7.76999  -7.76999  -7.76999  -7.76999  -7.76999  -7.76997
  -7.77002  -7.77003  -7.76970  -7.77045  -7.77214  -7.77289  -7.77324  -7.77467
  -7.66236  -7.66236  -7.66236  -7.66236  -7.66236  -7.66236  -7.66236  -7.66236
  -7.66236  -7.66236  -7.66236  -7.66236  -7.66236  -7.66236  -7.66236  -7.66236
  -7.66235  -7.66234  -7.66244  -7.66222  -7.66181  -7.66215  -7.66276  -7.66385
  -7.58778  -7.58778  -7.58778  -7.58778  -7.58778  -7.58778  -7.58778  -7.58778
  -7.58778  -7.58778  -7.58778  -7.58778  -7.58778  -7.58778  -7.58778  -7.58778
  -7.58778  -7.58778  -7.58779  -7.58777  -7.58794  -7.58913  -7.59008  -7.59131
  -7.50970  -7.50970  -7.50970  -7.50970  -7.50970  -7.50970  -7.50970  -7.50970
  -7.50970  -7.50970  -7.50970  -7.50970  -7.50970  -7.50970  -7.50970  -7.50969
  -7.50971  -7.50972  -7.50953  -7.50996  -7.51084  -7.51096  -7.51174  -7.51436
  -7.42164  -7.42164  -7.42164  -7.42164  -7.42164  -7.42164  -7.42164  -7.42164
  -7.42164  -7.42164  -7.42164  -7.42164  -7.42164  -7.42165  -7.42165  -7.42163
  -7.42166  -7.42167  -7.42149  -7.42189  -7.42271  -7.42272  -7.42313  -7.42546
  -7.35960  -7.35960  -7.35960  -7.35960  -7.35960  -7.35960  -7.35960  -7.35960
  -7.35960  -7.35960  -7.35960  -7.35960  -7.35960  -7.35960  -7.35960  -7.35960
  -7.35960  -7.35959  -7.35961  -7.35958  -7.35970  -7.36074  -7.36186  -7.36375
  -7.27215  -7.27214  -7.27214  -7.27214  -7.27214  -7.27214  -7.27214  -7.27214
  -7.27214  -7.27214  -7.27214  -7.27214  -7.27215  -7.27214  -7.27214  -7.27215
  -7.27214  -7.27214  -7.27219  -7.27209  -7.27204  -7.27309  -7.27434  -7.27634
  -7.15813  -7.15813  -7.15813  -7.15813  -7.15813  -7.15813  -7.15813  -7.15813
  -7.15813  -7.15813  -7.15813  -7.15813  -7.15813  -7.15813  -7.15813  -7.15813
  -7.15813  -7.15812  -7.15815  -7.15810  -7.15809  -7.15880  -7.15996  -7.16216
  -7.07785  -7.07785  -7.07785  -7.07785  -7.07785  -7.07785  -7.07785  -7.07785
  -7.07785  -7.07785  -7.07785  -7.07785  -7.07785  -7.07785  -7.07785  -7.07785
  -7.07785  -7.07784  -7.07786  -7.07784  -7.07784  -7.07826  -7.07939  -7.08166
  -6.99025  -6.99025  -6.99025  -6.99025  -6.99025  -6.99025  -6.99025  -6.99025
  -6.99025  -6.99025  -6.99025  -6.99025  -6.99025  -6.99025  -6.99025  -6.99024
  -6.99025  -6.99025  -6.99022  -6.99029  -6.99031  -6.98997  -6.99122  -6.99405
  -6.88835  -6.88835  -6.88835  -6.88835  -6.88835  -6.88835  -6.88835  -6.88835
  -6.88835  -6.88835  -6.88835  -6.88835  -6.88835  -6.88835  -6.88835  -6.88834
  -6.88835  -6.88835  -6.88832  -6.88837  -6.88839  -6.88807  -6.88878  -6.89107
  -6.81380  -6.81380  -6.81380  -6.81380  -6.81380  -6.81380  -6.81380  -6.81380
  -6.81380  -6.81380  -6.81380  -6.81380  -6.81380  -6.81380  -6.81379  -6.81380
  -6.81379  -6.81379  -6.81384  -6.81373  -6.81373  -6.81522  -6.81688  -6.81867
  -6.69922  -6.69922  -6.69923  -6.69923  -6.69923  -6.69923  -6.69922  -6.69922
  -6.69923  -6.69923  -6.69923  -6.69923  -6.69923  -6.69923  -6.69923  -6.69923
  -6.69922  -6.69922  -6.69925  -6.69917  -6.69901  -6.69916  -6.69978  -6.70120
  -6.52823  -6.52823  -6.52823  -6.52823  -6.52823  -6.52823  -6.52823  -6.52823
  -6.52823  -6.52823  -6.52823  -6.52823  -6.52823  -6.52823  -6.52823  -6.52822
  -6.52825  -6.52826  -6.52805  -6.52852  -6.52960  -6.53016  -6.53031  -6.53127
  -6.40804  -6.40804  -6.40804  -6.40804  -6.40804  -6.40805  -6.40805  -6.40805
  -6.40805  -6.40805  -6.40805  -6.40805  -6.40805  -6.40804  -6.40804  -6.40805
  -6.40803  -6.40803  -6.40816  -6.40787  -6.40742  -6.40831  -6.40904  -6.40964
  -6.28023  -6.28023  -6.28023  -6.28023  -6.28023  -6.28023  -6.28023  -6.28023
  -6.28023  -6.28023  -6.28023  -6.28023  -6.28023  -6.28023  -6.28023  -6.28027
  -6.28018  -6.28016  -6.28070  -6.27949  -6.27717  -6.27834  -6.27972  -6.27995
  -6.13496  -6.13496  -6.13496  -6.13496  -6.13496  -6.13496  -6.13496  -6.13496
  -6.13497  -6.13497  -6.13496  -6.13496  -6.13497  -6.13496  -6.13495  -6.13503
  -6.13487  -6.13483  -6.13584  -6.13358  -6.12912  -6.13062  -6.13275  -6.13255
---------------------/ IGRD= 1  / IPRT= 1  /--------/ Z1= 6   / DATE= 07/10/18
  -8.71952  -8.73209  -8.72906  -8.72581  -8.72916  -8.73392  -8.73734  -8.73727
  -8.73624  -8.73534  -8.73537  -8.73564  -8.73581  -8.73558  -8.73538  -8.73661
  -8.73469  -8.72913  -8.73109  -8.73683  -8.73825  -8.73196  -8.72682  -8.72688
  -8.63425  -8.64487  -8.64215  -8.63924  -8.64203  -8.64607  -8.64900  -8.64894
  -8.64806  -8.64729  -8.64731  -8.64755  -8.64770  -8.64750  -8.64734  -8.64835
  -8.64677  -8.64220  -8.64381  -8.64853  -8.64970  -8.64456  -8.64037  -8.64043
  -8.52674  -8.53498  -8.53265  -8.53015  -8.53225  -8.53540  -8.53770  -8.53765
  -8.53696  -8.53636  -8.53638  -8.53656  -8.53668  -8.53653  -8.53642  -8.53715
  -8.53600  -8.53267  -8.53384  -8.53729  -8.53812  -8.53440  -8.53140  -8.53145
  -8.45588  -8.46259  -8.46052  -8.45827  -8.45993  -8.46250  -8.46439  -8.46435
  -8.46378  -8.46329  -8.46330  -8.46345  -8.46355  -8.46344  -8.46335  -8.46391
  -8.46303  -8.46052  -8.46141  -8.46401  -8.46462  -8.46183  -8.45959  -8.45962
  -8.38074  -8.38585  -8.38404  -8.38208  -8.38327  -8.38523  -8.38668  -8.38665
  -8.38621  -8.38583  -8.38584  -8.38596  -8.38603  -8.38596  -8.38590  -8.38627
  -8.38569  -8.38403  -8.38463  -8.38633  -8.38669  -8.38488  -8.38344  -8.38344
  -8.29528  -8.29861  -8.29710  -8.29544  -8.29612  -8.29738  -8.29835  -8.29833
  -8.29803  -8.29778  -8.29779  -8.29786  -8.29791  -8.29788  -8.29786  -8.29801
  -8.29776  -8.29707  -8.29734  -8.29802  -8.29810  -8.29738  -8.29685  -8.29679
  -8.23442  -8.23658  -8.23528  -8.23385  -8.23419  -8.23500  -8.23564  -8.23563
  -8.23543  -8.23527  -8.23527  -8.23532  -8.23535  -8.23535  -8.23534  -8.23536
  -8.23533  -8.23524  -8.23529  -8.23535  -8.23530  -8.23523  -8.23522  -8.23517
  -8.14653  -8.14780  -8.14684  -8.14584  -8.14607  -8.14662  -8.14706  -8.14705
  -8.14692  -8.14680  -8.14681  -8.14684  -8.14685  -8.14684  -8.14684  -8.14685
  -8.14686  -8.14686  -8.14676  -8.14694  -8.14739  -8.14709  -8.14686  -8.14725
  -8.03521  -8.03625  -8.03585  -8.03535  -8.03549  -8.03579  -8.03603  -8.03602
  -8.03595  -8.03591  -8.03593  -8.03593  -8.03586  -8.03580  -8.03581  -8.03582
  -8.03599  -8.03630  -8.03610  -8.03576  -8.03576  -8.03614  -8.03636  -8.03630
  -7.96204  -7.96307  -7.96304  -7.96279  -7.96281  -7.96289  -7.96294  -7.96293
  -7.96291  -7.96297  -7.96302  -7.96299  -7.96272  -7.96249  -7.96247  -7.96275
  -7.96295  -7.96292  -7.96258  -7.96254  -7.96286  -7.96292  -7.96285  -7.96300
  -7.88374  -7.88460  -7.88485  -7.88498  -7.88512  -7.88524  -7.88532  -7.88532
  -7.88530  -7.88527  -7.88526  -7.88527  -7.88532  -7.88535  -7.88535  -7.88531
  -7.88528  -7.88531  -7.88540  -7.88539  -7.88528  -7.88518  -7.88534  -7.88568
  -7.79577  -7.79650  -7.79695  -7.79726  -7.79735  -7.79738  -7.79738  -7.79738
  -7.79738  -7.79738  -7.79738  -7.79738  -7.79738  -7.79739  -7.79739  -7.79737
  -7.79739  -7.79750  -7.79794  -7.79777  -7.79689  -7.79685  -7.79709  -7.79676
  -7.73339  -7.73391  -7.73430  -7.73460  -7.73467  -7.73468  -7.73467  -7.73467
  -7.73467  -7.73468  -7.73468  -7.73467  -7.73467  -7.73467  -7.73467  -7.73466
  -7.73468  -7.73479  -7.73520  -7.73496  -7.73397  -7.73405  -7.73461  -7.73468
  -7.64475  -7.64496  -7.64515  -7.64533  -7.64539  -7.64542  -7.64543  -7.64543
  -7.64542  -7.64542  -7.64542  -7.64543  -7.64543  -7.64543  -7.64543  -7.64541
  -7.64545  -7.64557  -7.64564  -7.64602  -7.64675  -7.64641  -7.64574  -7.64614
  -7.53624  -7.53620  -7.53617  -7.53614  -7.53613  -7.53612  -7.53610  -7.53609
  -7.53608  -7.53609  -7.53611  -7.53612  -7.53612  -7.53613  -7.53613  -7.53606
  -7.53618  -7.53638  -7.53544  -7.53491  -7.53550  -7.53540  -7.53527  -7.53639
  -7.46279  -7.46273  -7.46266  -7.46260  -7.46256  -7.46253  -7.46250  -7.46246
  -7.46241  -7.46231  -7.46221  -7.46211  -7.46201  -7.46212  -7.46241  -7.46252
  -7.46253  -7.46260  -7.46204  -7.46187  -7.46242  -7.46206  -7.46181  -7.46299
  -7.38418  -7.38415  -7.38412  -7.38408  -7.38406  -7.38408  -7.38418  -7.38425
  -7.38424  -7.38396  -7.38360  -7.38324  -7.38295  -7.38322  -7.38390  -7.38424
  -7.38413  -7.38413  -7.38406  -7.38410  -7.38422  -7.38354  -7.38317  -7.38400
  -7.29386  -7.29356  -7.29328  -7.29309  -7.29309  -7.29314  -7.29321  -7.29323
  -7.29323  -7.29322  -7.29320  -7.29318  -7.29316  -7.29318  -7.29322  -7.29321
  -7.29325  -7.29330  -7.29266  -7.29231  -7.29281  -7.29373  -7.29390  -7.29403
  -7.22732  -7.22724  -7.22718  -7.22720  -7.22725  -7.22727  -7.22710  -7.22688
  -7.22667  -7.22655  -7.22657  -7.22663  -7.22665  -7.22664  -7.22663  -7.22654
  -7.22668  -7.22708  -7.22722  -7.22706  -7.22706  -7.22761  -7.22818  -7.22898
  -7.13371  -7.13375  -7.13374  -7.13358  -7.13339  -7.13320  -7.13307  -7.13306
  -7.13308  -7.13311  -7.13310  -7.13309  -7.13309  -7.13309  -7.13310  -7.13307
  -7.13313  -7.13324  -7.13276  -7.13268  -7.13341  -7.13366  -7.13384  -7.13531
  -7.01644  -7.01644  -7.01645  -7.01647  -7.01647  -7.01645  -7.01632  -7.01618
  -7.01605  -7.01597  -7.01597  -7.01600  -7.01601  -7.01601  -7.01600  -7.01602
  -7.01599  -7.01597  -7.01629  -7.01663  -7.01680  -7.01703  -7.01763  -7.01913
  -6.94053  -6.94055  -6.94054  -6.94040  -6.94023  -6.94007  -6.93998  -6.93999
  -6.94002  -6.94005  -6.94005  -6.94004  -6.94004  -6.94004  -6.94004  -6.94005
  -6.94003  -6.93999  -6.94024  -6.94037  -6.94026  -6.94068  -6.94163  -6.94328
  -6.86012  -6.86013  -6.86012  -6.86007  -6.85999  -6.85988  -6.85971  -6.85959
  -6.85949  -6.85943  -6.85943  -6.85945  -6.85946  -6.85946  -6.85946  -6.85947
  -6.85945  -6.85941  -6.85963  -6.85978  -6.85977  -6.86035  -6.86126  -6.86273
  -6.76797  -6.76798  -6.76798  -6.76792  -6.76785  -6.76776  -6.76764  -6.76756
  -6.76749  -6.76746  -6.76746  -6.76747  -6.76748  -6.76747  -6.76747  -6.76748
  -6.76747  -6.76746  -6.76750  -6.76784  -6.76837  -6.76813  -6.76813  -6.76994
  -6.70234  -6.70235  -6.70234  -6.70231  -6.70226  -6.70217  -6.70200  -6.70184
  -6.70171  -6.70163  -6.70164  -6.70166  -6.70167  -6.70167  -6.70167  -6.70165
  -6.70169  -6.70180  -6.70192  -6.70222  -6.70271  -6.70239  -6.70261  -6.70475
  -6.60875  -6.60876  -6.60875  -6.60870  -6.60863  -6.60857  -6.60855  -6.60857
  -6.60859  -6.60861  -6.60861  -6.60860  -6.60860  -6.60860  -6.60860  -6.60860
  -6.60861  -6.60863  -6.60860  -6.60882  -6.60933  -6.60941  -6.60987  -6.61194
  -6.48915  -6.48914  -6.48916  -6.48925  -6.48932  -6.48928  -6.48894  -6.48853
  -6.48814  -6.48790  -6.48791  -6.48798  -6.48802  -6.48801  -6.48800  -6.48804
  -6.48798  -6.48789  -6.48860  -6.48932  -6.48952  -6.48917  -6.48961  -6.49166
  -6.41941  -6.41935  -6.41928  -6.41921  -6.41920  -6.41922  -6.41932  -6.41943
  -6.41953  -6.41960  -6.41959  -6.41957  -6.41956  -6.41957  -6.41957  -6.41955
  -6.41959  -6.41963  -6.41929  -6.41935  -6.42013  -6.42076  -6.42095  -6.42185
  -6.35962  -6.35918  -6.35877  -6.35851  -6.35852  -6.35860  -6.35863  -6.35857
  -6.35849  -6.35844  -6.35844  -6.35846  -6.35847  -6.35846  -6.35846  -6.35848
  -6.35845  -6.35841  -6.35866  -6.35852  -6.35807  -6.35942  -6.36106  -6.36212
  -6.29359  -6.29266  -6.29180  -6.29131  -6.29139  -6.29153  -6.29136  -6.29098
  -6.29057  -6.29030  -6.29031  -6.29039  -6.29044  -6.29042  -6.29040  -6.29048
  -6.29035  -6.29018  -6.29146  -6.29123  -6.28903  -6.29109  -6.29466  -6.29608
---------------------/ IGRD= 1  / IPRT= 1  /--------/ Z1= 7   / DATE= 07/10/18
  -8.48730  -8.48716  -8.48691  -8.48688  -8.48745  -8.48839  -8.48851  -8.48636
  -8.48284  -8.48242  -8.49041  -8.50357  -8.50515  -8.47530  -8.42705  -8.41037
  -8.41809  -8.41742  -8.41626  -8.41681  -8.41676  -8.41669  -8.41671  -8.41670
  -8.38982  -8.38970  -8.38949  -8.38946  -8.38994  -8.39074  -8.39084  -8.38903
  -8.38605  -8.38569  -8.39245  -8.40358  -8.40491  -8.37968  -8.33888  -8.32478
  -8.33131  -8.33074  -8.32976  -8.33023  -8.33019  -8.33012  -8.33014  -8.33013
  -8.26700  -8.26691  -8.26675  -8.26673  -8.26710  -8.26772  -8.26779  -8.26640
  -8.26410  -8.26383  -8.26903  -8.27759  -8.27862  -8.25920  -8.22780  -8.21694
  -8.22197  -8.22153  -8.22078  -8.22114  -8.22111  -8.22106  -8.22107  -8.22107
  -8.18611  -8.18604  -8.18591  -8.18589  -8.18619  -8.18668  -8.18674  -8.18562
  -8.18378  -8.18356  -8.18774  -8.19461  -8.19543  -8.17984  -8.15463  -8.14592
  -8.14995  -8.14960  -8.14900  -8.14928  -8.14926  -8.14922  -8.14923  -8.14923
  -8.10036  -8.10031  -8.10021  -8.10020  -8.10042  -8.10078  -8.10082  -8.10000
  -8.09863  -8.09847  -8.10156  -8.10665  -8.10726  -8.09572  -8.07707  -8.07063
  -8.07361  -8.07335  -8.07290  -8.07312  -8.07310  -8.07307  -8.07308  -8.07307
  -8.00288  -8.00285  -8.00279  -8.00278  -8.00291  -8.00313  -8.00316  -8.00266
  -8.00184  -8.00174  -8.00360  -8.00665  -8.00702  -8.00010  -7.98890  -7.98504
  -7.98683  -7.98667  -7.98640  -7.98653  -7.98652  -7.98650  -7.98651  -7.98651
  -7.93371  -7.93370  -7.93366  -7.93366  -7.93373  -7.93385  -7.93386  -7.93360
  -7.93317  -7.93312  -7.93409  -7.93570  -7.93589  -7.93225  -7.92635  -7.92431
  -7.92525  -7.92517  -7.92503  -7.92510  -7.92509  -7.92508  -7.92508  -7.92508
  -7.83818  -7.83818  -7.83818  -7.83818  -7.83818  -7.83818  -7.83818  -7.83818
  -7.83819  -7.83819  -7.83817  -7.83815  -7.83814  -7.83821  -7.83831  -7.83834
  -7.83832  -7.83833  -7.83833  -7.83833  -7.83833  -7.83833  -7.83833  -7.83833
  -7.72768  -7.72768  -7.72768  -7.72768  -7.72768  -7.72768  -7.72768  -7.72767
  -7.72767  -7.72766  -7.72769  -7.72772  -7.72773  -7.72764  -7.72751  -7.72747
  -7.72749  -7.72749  -7.72748  -7.72748  -7.72748  -7.72748  -7.72749  -7.72749
  -7.65353  -7.65353  -7.65353  -7.65353  -7.65353  -7.65353  -7.65353  -7.65353
  -7.65354  -7.65354  -7.65353  -7.65353  -7.65353  -7.65354  -7.65356  -7.65357
  -7.65357  -7.65357  -7.65357  -7.65357  -7.65357  -7.65355  -7.65359  -7.65361
  -7.57618  -7.57618  -7.57618  -7.57618  -7.57618  -7.57618  -7.57618  -7.57618
  -7.57618  -7.57618  -7.57618  -7.57619  -7.57619  -7.57618  -7.57617  -7.57617
  -7.57617  -7.57617  -7.57617  -7.57617  -7.57617  -7.57616  -7.57618  -7.57621
  -7.48915  -7.48915  -7.48915  -7.48915  -7.48915  -7.48915  -7.48915  -7.48915
  -7.48915  -7.48915  -7.48915  -7.48915  -7.48915  -7.48915  -7.48916  -7.48916
  -7.48916  -7.48916  -7.48916  -7.48915  -7.48915  -7.48920  -7.48911  -7.48898
  -7.42629  -7.42629  -7.42629  -7.42629  -7.42629  -7.42629  -7.42629  -7.42629
  -7.42629  -7.42629  -7.42629  -7.42629  -7.42629  -7.42629  -7.42629  -7.42629
  -7.42629  -7.42629  -7.42630  -7.42629  -7.42629  -7.42634  -7.42624  -7.42612
  -7.33770  -7.33770  -7.33770  -7.33770  -7.33770  -7.33770  -7.33770  -7.33770
  -7.33770  -7.33770  -7.33770  -7.33770  -7.33770  -7.33770  -7.33770  -7.33770
  -7.33770  -7.33770  -7.33769  -7.33771  -7.33772  -7.33759  -7.33783  -7.33850
  -7.22812  -7.22812  -7.22812  -7.22812  -7.22812  -7.22812  -7.22812  -7.22812
  -7.22812  -7.22812  -7.22812  -7.22812  -7.22812  -7.22812  -7.22812  -7.22812
  -7.22812  -7.22813  -7.22812  -7.22813  -7.22814  -7.22806  -7.22822  -7.22869
  -7.15789  -7.15789  -7.15789  -7.15789  -7.15789  -7.15789  -7.15789  -7.15789
  -7.15789  -7.15789  -7.15789  -7.15789  -7.15789  -7.15789  -7.15789  -7.15789
  -7.15789  -7.15790  -7.15789  -7.15790  -7.15791  -7.15782  -7.15793  -7.15834
  -7.08684  -7.08684  -7.08684  -7.08684  -7.08684  -7.08684  -7.08684  -7.08684
  -7.08684  -7.08684  -7.08683  -7.08683  -7.08683  -7.08683  -7.08683  -7.08683
  -7.08683  -7.08683  -7.08684  -7.08683  -7.08683  -7.08692  -7.08711  -7.08745
  -7.01006  -7.01006  -7.01006  -7.01006  -7.01006  -7.01006  -7.01006  -7.01006
  -7.01006  -7.01007  -7.01007  -7.01007  -7.01007  -7.01007  -7.01007  -7.01007
  -7.01007  -7.01006  -7.01008  -7.01005  -7.01004  -7.01030  -7.01051  -7.01068
  -6.95972  -6.95972  -6.95972  -6.95972  -6.95972  -6.95972  -6.95972  -6.95972
  -6.95972  -6.95972  -6.95972  -6.95972  -6.95972  -6.95972  -6.95972  -6.95972
  -6.95972  -6.95972  -6.95973  -6.95972  -6.95971  -6.95979  -6.95972  -6.95968
  -6.89365  -6.89365  -6.89365  -6.89365  -6.89365  -6.89365  -6.89365  -6.89365
  -6.89366  -6.89366  -6.89366  -6.89366  -6.89366  -6.89366  -6.89366  -6.89366
  -6.89366  -6.89366  -6.89366  -6.89366  -6.89365  -6.89370  -6.89362  -6.89356
  -6.80660  -6.80659  -6.80659  -6.80659  -6.80660  -6.80662  -6.80663  -6.80657
  -6.80646  -6.80630  -6.80623  -6.80621  -6.80623  -6.80624  -6.80624  -6.80624
  -6.80624  -6.80624  -6.80624  -6.80624  -6.80623  -6.80629  -6.80617  -6.80610
  -6.74537  -6.74537  -6.74539  -6.74539  -6.74536  -6.74530  -6.74529  -6.74542
  -6.74568  -6.74606  -6.74624  -6.74629  -6.74624  -6.74620  -6.74620  -6.74621
  -6.74621  -6.74621  -6.74621  -6.74621  -6.74620  -6.74622  -6.74619  -6.74616
  -6.68050  -6.68052  -6.68055  -6.68055  -6.68048  -6.68036  -6.68035  -6.68062
  -6.68116  -6.68196  -6.68236  -6.68246  -6.68235  -6.68227  -6.68228  -6.68229
  -6.68228  -6.68228  -6.68228  -6.68228  -6.68229  -6.68227  -6.68230  -6.68235
  -6.61419  -6.61418  -6.61417  -6.61417  -6.61419  -6.61422  -6.61423  -6.61415
  -6.61401  -6.61380  -6.61369  -6.61366  -6.61369  -6.61371  -6.61371  -6.61371
  -6.61371  -6.61371  -6.61372  -6.61370  -6.61370  -6.61380  -6.61361  -6.61338
  -6.56422  -6.56422  -6.56422  -6.56422  -6.56422  -6.56422  -6.56422  -6.56421
  -6.56419  -6.56415  -6.56413  -6.56413  -6.56413  -6.56414  -6.56414  -6.56414
  -6.56414  -6.56414  -6.56414  -6.56413  -6.56413  -6.56419  -6.56407  -6.56390
  -6.48488  -6.48488  -6.48488  -6.48488  -6.48488  -6.48488  -6.48488  -6.48488
  -6.48488  -6.48488  -6.48488  -6.48488  -6.48488  -6.48488  -6.48488  -6.48488
  -6.48488  -6.48488  -6.48487  -6.48489  -6.48491  -6.48471  -6.48508  -6.48603
  -6.36504  -6.36504  -6.36504  -6.36504  -6.36504  -6.36504  -6.36504  -6.36504
  -6.36504  -6.36505  -6.36505  -6.36505  -6.36505  -6.36505  -6.36505  -6.36505
  -6.36505  -6.36505  -6.36505  -6.36504  -6.36504  -6.36508  -6.36501  -6.36484
  -6.27057  -6.27057  -6.27057  -6.27057  -6.27057  -6.27057  -6.27057  -6.27057
  -6.27057  -6.27057  -6.27057  -6.27057  -6.27057  -6.27057  -6.27057  -6.27057
  -6.27057  -6.27057  -6.27057  -6.27057  -6.27058  -6.27056  -6.27059  -6.27064
  -6.15409  -6.15409  -6.15409  -6.15409  -6.15409  -6.15409  -6.15409  -6.15409
  -6.15409  -6.15409  -6.15409  -6.15409  -6.15409  -6.15409  -6.15409  -6.15409
  -6.15409  -6.15409  -6.15410  -6.15409  -6.15409  -6.15410  -6.15409  -6.15407
  -6.00816  -6.00816  -6.00816  -6.00816  -6.00816  -6.00816  -6.00816  -6.00816
  -6.00816  -6.00816  -6.00816  -6.00816  -6.00816  -6.00816  -6.00816  -6.00816
  -6.00816  -6.00816  -6.00816  -6.00816  -6.00816  -6.00817  -6.00815  -6.00814
C-------------------------------------------------------------------------------
C
C     RATE COEFFICIENTS IN UNITS OF CM**3 S-1 
C     --------------------------------------- 
C
C     INPUT DATA
C         FOR YEAR: 96 AND WITH PREFIX: pj
C         FOR n  RECOMBINING ION CHARGE(S)  1 TO  7
C
C     CODE     : ADAS404
C     PRODUCER : Martin O'Mullane              
C     DATE     : 07/10/18
C
C-------------------------------------------------------------------------------
