    4   24   25    1    4     /BERYLLIUM             /ECD /GCR-PROJECT     ADF11
--------------------------------------------------------------------------------
   4.00000   4.47712   5.00000   5.47712   6.00000   6.47712   7.00000   7.47712
   8.00000   8.47712   9.00000   9.47712  10.00000  10.47712  11.00000  11.47712
  12.00000  12.47712  13.00000  13.47712  14.00000  14.47712  15.00000  15.47712
  -0.69877  -0.52268  -0.30083  -0.15470   0.07938   0.30123   0.47732   0.65341
   0.84530   1.04159   1.25547   1.44736   1.65341   1.84530   2.00020   2.23065
   2.43157   2.63367   2.82628   3.02139   3.21690   3.39814   3.60766   3.79954
   4.00020
---------------------/ IGRD= 1  / IPRT= 1  /--------/ Z1= 0   / DATE= 08/02/10  
 0.000E+00 0.000E+00 0.000E+00 0.000E+00 0.000E+00 0.000E+00 0.000E+00 0.000E+00
 0.000E+00 0.000E+00 0.000E+00 0.000E+00 0.000E+00 0.000E+00 0.000E+00 0.000E+00
 0.000E+00 0.000E+00 0.000E+00 0.000E+00 0.000E+00 0.000E+00 0.000E+00 0.000E+00
 0.000E+00 0.000E+00 0.000E+00 0.000E+00 0.000E+00 0.000E+00 0.000E+00 0.000E+00
 0.000E+00 0.000E+00 0.000E+00 0.000E+00 0.000E+00 0.000E+00 0.000E+00 0.000E+00
 0.000E+00 0.000E+00 0.000E+00 0.000E+00 0.000E+00 0.000E+00 0.000E+00 0.000E+00
 0.000E+00 0.000E+00 0.000E+00 0.000E+00 0.000E+00 0.000E+00 0.000E+00 0.000E+00
 0.000E+00 0.000E+00 0.000E+00 0.000E+00 0.000E+00 0.000E+00 0.000E+00 0.000E+00
 0.000E+00 0.000E+00 0.000E+00 0.000E+00 0.000E+00 0.000E+00 0.000E+00 0.000E+00
 0.000E+00 0.000E+00 0.000E+00 0.000E+00 0.000E+00 0.000E+00 0.000E+00 0.000E+00
 0.000E+00 0.000E+00 0.000E+00 0.000E+00 0.000E+00 0.000E+00 0.000E+00 0.000E+00
 0.000E+00 0.000E+00 0.000E+00 0.000E+00 0.000E+00 0.000E+00 0.000E+00 0.000E+00
 0.000E+00 0.000E+00 0.000E+00 0.000E+00 0.000E+00 0.000E+00 0.000E+00 0.000E+00
 0.000E+00 0.000E+00 0.000E+00 0.000E+00 0.000E+00 0.000E+00 0.000E+00 0.000E+00
 0.000E+00 0.000E+00 0.000E+00 0.000E+00 0.000E+00 0.000E+00 0.000E+00 0.000E+00
 0.000E+00 0.000E+00 0.000E+00 0.000E+00 0.000E+00 0.000E+00 0.000E+00 0.000E+00
 0.000E+00 0.000E+00 0.000E+00 0.000E+00 0.000E+00 0.000E+00 0.000E+00 0.000E+00
 0.000E+00 0.000E+00 0.000E+00 0.000E+00 0.000E+00 0.000E+00 0.000E+00 0.000E+00
 0.000E+00 0.000E+00 0.000E+00 0.000E+00 0.000E+00 0.000E+00 0.000E+00 0.000E+00
 0.000E+00 0.000E+00 0.000E+00 0.000E+00 0.000E+00 0.000E+00 0.000E+00 0.000E+00
 0.000E+00 0.000E+00 0.000E+00 0.000E+00 0.000E+00 0.000E+00 0.000E+00 0.000E+00
 0.000E+00 0.000E+00 0.000E+00 0.000E+00 0.000E+00 0.000E+00 0.000E+00 0.000E+00
 0.000E+00 0.000E+00 0.000E+00 0.000E+00 0.000E+00 0.000E+00 0.000E+00 0.000E+00
 0.000E+00 0.000E+00 0.000E+00 0.000E+00 0.000E+00 0.000E+00 0.000E+00 0.000E+00
 0.000E+00 0.000E+00 0.000E+00 0.000E+00 0.000E+00 0.000E+00 0.000E+00 0.000E+00
 0.000E+00 0.000E+00 0.000E+00 0.000E+00 0.000E+00 0.000E+00 0.000E+00 0.000E+00
 0.000E+00 0.000E+00 0.000E+00 0.000E+00 0.000E+00 0.000E+00 0.000E+00 0.000E+00
 0.000E+00 0.000E+00 0.000E+00 0.000E+00 0.000E+00 0.000E+00 0.000E+00 0.000E+00
 0.000E+00 0.000E+00 0.000E+00 0.000E+00 0.000E+00 0.000E+00 0.000E+00 0.000E+00
 0.000E+00 0.000E+00 0.000E+00 0.000E+00 0.000E+00 0.000E+00 0.000E+00 0.000E+00
 0.000E+00 0.000E+00 0.000E+00 0.000E+00 0.000E+00 0.000E+00 0.000E+00 0.000E+00
 0.000E+00 0.000E+00 0.000E+00 0.000E+00 0.000E+00 0.000E+00 0.000E+00 0.000E+00
 0.000E+00 0.000E+00 0.000E+00 0.000E+00 0.000E+00 0.000E+00 0.000E+00 0.000E+00
 0.000E+00 0.000E+00 0.000E+00 0.000E+00 0.000E+00 0.000E+00 0.000E+00 0.000E+00
 0.000E+00 0.000E+00 0.000E+00 0.000E+00 0.000E+00 0.000E+00 0.000E+00 0.000E+00
 0.000E+00 0.000E+00 0.000E+00 0.000E+00 0.000E+00 0.000E+00 0.000E+00 0.000E+00
 0.000E+00 0.000E+00 0.000E+00 0.000E+00 0.000E+00 0.000E+00 0.000E+00 0.000E+00
 0.000E+00 0.000E+00 0.000E+00 0.000E+00 0.000E+00 0.000E+00 0.000E+00 0.000E+00
 0.000E+00 0.000E+00 0.000E+00 0.000E+00 0.000E+00 0.000E+00 0.000E+00 0.000E+00
 0.000E+00 0.000E+00 0.000E+00 0.000E+00 0.000E+00 0.000E+00 0.000E+00 0.000E+00
 0.000E+00 0.000E+00 0.000E+00 0.000E+00 0.000E+00 0.000E+00 0.000E+00 0.000E+00
 0.000E+00 0.000E+00 0.000E+00 0.000E+00 0.000E+00 0.000E+00 0.000E+00 0.000E+00
 0.000E+00 0.000E+00 0.000E+00 0.000E+00 0.000E+00 0.000E+00 0.000E+00 0.000E+00
 0.000E+00 0.000E+00 0.000E+00 0.000E+00 0.000E+00 0.000E+00 0.000E+00 0.000E+00
 0.000E+00 0.000E+00 0.000E+00 0.000E+00 0.000E+00 0.000E+00 0.000E+00 0.000E+00
 0.000E+00 0.000E+00 0.000E+00 0.000E+00 0.000E+00 0.000E+00 0.000E+00 0.000E+00
 0.000E+00 0.000E+00 0.000E+00 0.000E+00 0.000E+00 0.000E+00 0.000E+00 0.000E+00
 0.000E+00 0.000E+00 0.000E+00 0.000E+00 0.000E+00 0.000E+00 0.000E+00 0.000E+00
 0.000E+00 0.000E+00 0.000E+00 0.000E+00 0.000E+00 0.000E+00 0.000E+00 0.000E+00
 0.000E+00 0.000E+00 0.000E+00 0.000E+00 0.000E+00 0.000E+00 0.000E+00 0.000E+00
 0.000E+00 0.000E+00 0.000E+00 0.000E+00 0.000E+00 0.000E+00 0.000E+00 0.000E+00
 0.000E+00 0.000E+00 0.000E+00 0.000E+00 0.000E+00 0.000E+00 0.000E+00 0.000E+00
 0.000E+00 0.000E+00 0.000E+00 0.000E+00 0.000E+00 0.000E+00 0.000E+00 0.000E+00
 0.000E+00 0.000E+00 0.000E+00 0.000E+00 0.000E+00 0.000E+00 0.000E+00 0.000E+00
 0.000E+00 0.000E+00 0.000E+00 0.000E+00 0.000E+00 0.000E+00 0.000E+00 0.000E+00
 0.000E+00 0.000E+00 0.000E+00 0.000E+00 0.000E+00 0.000E+00 0.000E+00 0.000E+00
 0.000E+00 0.000E+00 0.000E+00 0.000E+00 0.000E+00 0.000E+00 0.000E+00 0.000E+00
 0.000E+00 0.000E+00 0.000E+00 0.000E+00 0.000E+00 0.000E+00 0.000E+00 0.000E+00
 0.000E+00 0.000E+00 0.000E+00 0.000E+00 0.000E+00 0.000E+00 0.000E+00 0.000E+00
 0.000E+00 0.000E+00 0.000E+00 0.000E+00 0.000E+00 0.000E+00 0.000E+00 0.000E+00
 0.000E+00 0.000E+00 0.000E+00 0.000E+00 0.000E+00 0.000E+00 0.000E+00 0.000E+00
 0.000E+00 0.000E+00 0.000E+00 0.000E+00 0.000E+00 0.000E+00 0.000E+00 0.000E+00
 0.000E+00 0.000E+00 0.000E+00 0.000E+00 0.000E+00 0.000E+00 0.000E+00 0.000E+00
 0.000E+00 0.000E+00 0.000E+00 0.000E+00 0.000E+00 0.000E+00 0.000E+00 0.000E+00
 0.000E+00 0.000E+00 0.000E+00 0.000E+00 0.000E+00 0.000E+00 0.000E+00 0.000E+00
 0.000E+00 0.000E+00 0.000E+00 0.000E+00 0.000E+00 0.000E+00 0.000E+00 0.000E+00
 0.000E+00 0.000E+00 0.000E+00 0.000E+00 0.000E+00 0.000E+00 0.000E+00 0.000E+00
 0.000E+00 0.000E+00 0.000E+00 0.000E+00 0.000E+00 0.000E+00 0.000E+00 0.000E+00
 0.000E+00 0.000E+00 0.000E+00 0.000E+00 0.000E+00 0.000E+00 0.000E+00 0.000E+00
 0.000E+00 0.000E+00 0.000E+00 0.000E+00 0.000E+00 0.000E+00 0.000E+00 0.000E+00
 0.000E+00 0.000E+00 0.000E+00 0.000E+00 0.000E+00 0.000E+00 0.000E+00 0.000E+00
 0.000E+00 0.000E+00 0.000E+00 0.000E+00 0.000E+00 0.000E+00 0.000E+00 0.000E+00
 0.000E+00 0.000E+00 0.000E+00 0.000E+00 0.000E+00 0.000E+00 0.000E+00 0.000E+00
 0.000E+00 0.000E+00 0.000E+00 0.000E+00 0.000E+00 0.000E+00 0.000E+00 0.000E+00
 0.000E+00 0.000E+00 0.000E+00 0.000E+00 0.000E+00 0.000E+00 0.000E+00 0.000E+00
---------------------/ IGRD= 1  / IPRT= 1  /--------/ Z1= 1   / DATE= 08/02/10  
 9.323E+00 9.323E+00 9.323E+00 9.323E+00 9.323E+00 9.323E+00 9.323E+00 9.323E+00
 9.323E+00 9.323E+00 9.323E+00 9.323E+00 9.323E+00 9.323E+00 9.323E+00 9.323E+00
 9.323E+00 9.323E+00 9.323E+00 9.323E+00 9.323E+00 9.323E+00 9.323E+00 9.323E+00
 9.323E+00 9.323E+00 9.323E+00 9.323E+00 9.323E+00 9.323E+00 9.323E+00 9.323E+00
 9.323E+00 9.323E+00 9.323E+00 9.323E+00 9.323E+00 9.323E+00 9.323E+00 9.323E+00
 9.323E+00 9.323E+00 9.323E+00 9.323E+00 9.323E+00 9.323E+00 9.323E+00 9.323E+00
 9.323E+00 9.323E+00 9.323E+00 9.323E+00 9.323E+00 9.323E+00 9.323E+00 9.323E+00
 9.323E+00 9.323E+00 9.323E+00 9.323E+00 9.323E+00 9.323E+00 9.323E+00 9.323E+00
 9.323E+00 9.323E+00 9.323E+00 9.323E+00 9.323E+00 9.323E+00 9.323E+00 9.323E+00
 9.323E+00 9.323E+00 9.323E+00 9.323E+00 9.323E+00 9.323E+00 9.323E+00 9.323E+00
 9.323E+00 9.323E+00 9.323E+00 9.323E+00 9.323E+00 9.323E+00 9.323E+00 9.323E+00
 9.323E+00 9.323E+00 9.323E+00 9.323E+00 9.323E+00 9.323E+00 9.323E+00 9.323E+00
 9.323E+00 9.323E+00 9.323E+00 9.323E+00 9.323E+00 9.323E+00 9.323E+00 9.323E+00
 9.323E+00 9.323E+00 9.323E+00 9.323E+00 9.323E+00 9.323E+00 9.323E+00 9.323E+00
 9.323E+00 9.323E+00 9.323E+00 9.323E+00 9.323E+00 9.323E+00 9.323E+00 9.323E+00
 9.323E+00 9.323E+00 9.323E+00 9.323E+00 9.323E+00 9.323E+00 9.323E+00 9.323E+00
 9.323E+00 9.323E+00 9.323E+00 9.323E+00 9.323E+00 9.323E+00 9.323E+00 9.323E+00
 9.323E+00 9.323E+00 9.323E+00 9.323E+00 9.323E+00 9.323E+00 9.323E+00 9.323E+00
 9.323E+00 9.323E+00 9.323E+00 9.323E+00 9.323E+00 9.323E+00 9.323E+00 9.323E+00
 9.323E+00 9.323E+00 9.323E+00 9.323E+00 9.323E+00 9.323E+00 9.323E+00 9.323E+00
 9.323E+00 9.323E+00 9.323E+00 9.323E+00 9.323E+00 9.323E+00 9.323E+00 9.323E+00
 9.323E+00 9.323E+00 9.323E+00 9.323E+00 9.323E+00 9.323E+00 9.323E+00 9.323E+00
 9.323E+00 9.323E+00 9.323E+00 9.323E+00 9.323E+00 9.323E+00 9.323E+00 9.323E+00
 9.323E+00 9.323E+00 9.323E+00 9.323E+00 9.323E+00 9.323E+00 9.323E+00 9.323E+00
 9.323E+00 9.323E+00 9.323E+00 9.323E+00 9.323E+00 9.323E+00 9.323E+00 9.323E+00
 9.323E+00 9.323E+00 9.323E+00 9.323E+00 9.323E+00 9.323E+00 9.323E+00 9.323E+00
 9.323E+00 9.323E+00 9.323E+00 9.323E+00 9.323E+00 9.323E+00 9.323E+00 9.323E+00
 9.323E+00 9.323E+00 9.323E+00 9.323E+00 9.323E+00 9.323E+00 9.323E+00 9.323E+00
 9.323E+00 9.323E+00 9.323E+00 9.323E+00 9.323E+00 9.323E+00 9.323E+00 9.323E+00
 9.323E+00 9.323E+00 9.323E+00 9.323E+00 9.323E+00 9.323E+00 9.323E+00 9.323E+00
 9.323E+00 9.323E+00 9.323E+00 9.323E+00 9.323E+00 9.323E+00 9.323E+00 9.323E+00
 9.323E+00 9.323E+00 9.323E+00 9.323E+00 9.323E+00 9.323E+00 9.323E+00 9.323E+00
 9.323E+00 9.323E+00 9.323E+00 9.323E+00 9.323E+00 9.323E+00 9.323E+00 9.323E+00
 9.323E+00 9.323E+00 9.323E+00 9.323E+00 9.323E+00 9.323E+00 9.323E+00 9.323E+00
 9.323E+00 9.323E+00 9.323E+00 9.323E+00 9.323E+00 9.323E+00 9.323E+00 9.323E+00
 9.323E+00 9.323E+00 9.323E+00 9.323E+00 9.323E+00 9.323E+00 9.323E+00 9.323E+00
 9.323E+00 9.323E+00 9.323E+00 9.323E+00 9.323E+00 9.323E+00 9.323E+00 9.323E+00
 9.323E+00 9.323E+00 9.323E+00 9.323E+00 9.323E+00 9.323E+00 9.323E+00 9.323E+00
 9.323E+00 9.323E+00 9.323E+00 9.323E+00 9.323E+00 9.323E+00 9.323E+00 9.323E+00
 9.323E+00 9.323E+00 9.323E+00 9.323E+00 9.323E+00 9.323E+00 9.323E+00 9.323E+00
 9.323E+00 9.323E+00 9.323E+00 9.323E+00 9.323E+00 9.323E+00 9.323E+00 9.323E+00
 9.323E+00 9.323E+00 9.323E+00 9.323E+00 9.323E+00 9.323E+00 9.323E+00 9.323E+00
 9.323E+00 9.323E+00 9.323E+00 9.323E+00 9.323E+00 9.323E+00 9.323E+00 9.323E+00
 9.323E+00 9.323E+00 9.323E+00 9.323E+00 9.323E+00 9.323E+00 9.323E+00 9.323E+00
 9.323E+00 9.323E+00 9.323E+00 9.323E+00 9.323E+00 9.323E+00 9.323E+00 9.323E+00
 9.323E+00 9.323E+00 9.323E+00 9.323E+00 9.323E+00 9.323E+00 9.323E+00 9.323E+00
 9.323E+00 9.323E+00 9.323E+00 9.323E+00 9.323E+00 9.323E+00 9.323E+00 9.323E+00
 9.323E+00 9.323E+00 9.323E+00 9.323E+00 9.323E+00 9.323E+00 9.323E+00 9.323E+00
 9.323E+00 9.323E+00 9.323E+00 9.323E+00 9.323E+00 9.323E+00 9.323E+00 9.323E+00
 9.323E+00 9.323E+00 9.323E+00 9.323E+00 9.323E+00 9.323E+00 9.323E+00 9.323E+00
 9.323E+00 9.323E+00 9.323E+00 9.323E+00 9.323E+00 9.323E+00 9.323E+00 9.323E+00
 9.323E+00 9.323E+00 9.323E+00 9.323E+00 9.323E+00 9.323E+00 9.323E+00 9.323E+00
 9.323E+00 9.323E+00 9.323E+00 9.323E+00 9.323E+00 9.323E+00 9.323E+00 9.323E+00
 9.323E+00 9.323E+00 9.323E+00 9.323E+00 9.323E+00 9.323E+00 9.323E+00 9.323E+00
 9.323E+00 9.323E+00 9.323E+00 9.323E+00 9.323E+00 9.323E+00 9.323E+00 9.323E+00
 9.323E+00 9.323E+00 9.323E+00 9.323E+00 9.323E+00 9.323E+00 9.323E+00 9.323E+00
 9.323E+00 9.323E+00 9.323E+00 9.323E+00 9.323E+00 9.323E+00 9.323E+00 9.323E+00
 9.323E+00 9.323E+00 9.323E+00 9.323E+00 9.323E+00 9.323E+00 9.323E+00 9.323E+00
 9.323E+00 9.323E+00 9.323E+00 9.323E+00 9.323E+00 9.323E+00 9.323E+00 9.323E+00
 9.323E+00 9.323E+00 9.323E+00 9.323E+00 9.323E+00 9.323E+00 9.323E+00 9.323E+00
 9.323E+00 9.323E+00 9.323E+00 9.323E+00 9.323E+00 9.323E+00 9.323E+00 9.323E+00
 9.323E+00 9.323E+00 9.323E+00 9.323E+00 9.323E+00 9.323E+00 9.323E+00 9.323E+00
 9.323E+00 9.323E+00 9.323E+00 9.323E+00 9.323E+00 9.323E+00 9.323E+00 9.323E+00
 9.323E+00 9.323E+00 9.323E+00 9.323E+00 9.323E+00 9.323E+00 9.323E+00 9.323E+00
 9.323E+00 9.323E+00 9.323E+00 9.323E+00 9.323E+00 9.323E+00 9.323E+00 9.323E+00
 9.323E+00 9.323E+00 9.323E+00 9.323E+00 9.323E+00 9.323E+00 9.323E+00 9.323E+00
 9.323E+00 9.323E+00 9.323E+00 9.323E+00 9.323E+00 9.323E+00 9.323E+00 9.323E+00
 9.323E+00 9.323E+00 9.323E+00 9.323E+00 9.323E+00 9.323E+00 9.323E+00 9.323E+00
 9.323E+00 9.323E+00 9.323E+00 9.323E+00 9.323E+00 9.323E+00 9.323E+00 9.323E+00
 9.323E+00 9.323E+00 9.323E+00 9.323E+00 9.323E+00 9.323E+00 9.323E+00 9.323E+00
 9.323E+00 9.323E+00 9.323E+00 9.323E+00 9.323E+00 9.323E+00 9.323E+00 9.323E+00
 9.323E+00 9.323E+00 9.323E+00 9.323E+00 9.323E+00 9.323E+00 9.323E+00 9.323E+00
 9.323E+00 9.323E+00 9.323E+00 9.323E+00 9.323E+00 9.323E+00 9.323E+00 9.323E+00
 9.323E+00 9.323E+00 9.323E+00 9.323E+00 9.323E+00 9.323E+00 9.323E+00 9.323E+00
 9.323E+00 9.323E+00 9.323E+00 9.323E+00 9.323E+00 9.323E+00 9.323E+00 9.323E+00
---------------------/ IGRD= 1  / IPRT= 1  /--------/ Z1= 2   / DATE= 08/02/10  
 1.821E+01 1.821E+01 1.821E+01 1.821E+01 1.821E+01 1.821E+01 1.821E+01 1.821E+01
 1.821E+01 1.821E+01 1.821E+01 1.821E+01 1.821E+01 1.821E+01 1.821E+01 1.821E+01
 1.821E+01 1.821E+01 1.821E+01 1.821E+01 1.821E+01 1.821E+01 1.821E+01 1.821E+01
 1.821E+01 1.821E+01 1.821E+01 1.821E+01 1.821E+01 1.821E+01 1.821E+01 1.821E+01
 1.821E+01 1.821E+01 1.821E+01 1.821E+01 1.821E+01 1.821E+01 1.821E+01 1.821E+01
 1.821E+01 1.821E+01 1.821E+01 1.821E+01 1.821E+01 1.821E+01 1.821E+01 1.821E+01
 1.821E+01 1.821E+01 1.821E+01 1.821E+01 1.821E+01 1.821E+01 1.821E+01 1.821E+01
 1.821E+01 1.821E+01 1.821E+01 1.821E+01 1.821E+01 1.821E+01 1.821E+01 1.821E+01
 1.821E+01 1.821E+01 1.821E+01 1.821E+01 1.821E+01 1.821E+01 1.821E+01 1.821E+01
 1.821E+01 1.821E+01 1.821E+01 1.821E+01 1.821E+01 1.821E+01 1.821E+01 1.821E+01
 1.821E+01 1.821E+01 1.821E+01 1.821E+01 1.821E+01 1.821E+01 1.821E+01 1.821E+01
 1.821E+01 1.821E+01 1.821E+01 1.821E+01 1.821E+01 1.821E+01 1.821E+01 1.821E+01
 1.821E+01 1.821E+01 1.821E+01 1.821E+01 1.821E+01 1.821E+01 1.821E+01 1.821E+01
 1.821E+01 1.821E+01 1.821E+01 1.821E+01 1.821E+01 1.821E+01 1.821E+01 1.821E+01
 1.821E+01 1.821E+01 1.821E+01 1.821E+01 1.821E+01 1.821E+01 1.821E+01 1.821E+01
 1.821E+01 1.821E+01 1.821E+01 1.821E+01 1.821E+01 1.821E+01 1.821E+01 1.821E+01
 1.821E+01 1.821E+01 1.821E+01 1.821E+01 1.821E+01 1.821E+01 1.821E+01 1.821E+01
 1.821E+01 1.821E+01 1.821E+01 1.821E+01 1.821E+01 1.821E+01 1.821E+01 1.821E+01
 1.821E+01 1.821E+01 1.821E+01 1.821E+01 1.821E+01 1.821E+01 1.821E+01 1.821E+01
 1.821E+01 1.821E+01 1.821E+01 1.821E+01 1.821E+01 1.821E+01 1.821E+01 1.821E+01
 1.821E+01 1.821E+01 1.821E+01 1.821E+01 1.821E+01 1.821E+01 1.821E+01 1.821E+01
 1.821E+01 1.821E+01 1.821E+01 1.821E+01 1.821E+01 1.821E+01 1.821E+01 1.821E+01
 1.821E+01 1.821E+01 1.821E+01 1.821E+01 1.821E+01 1.821E+01 1.821E+01 1.821E+01
 1.821E+01 1.821E+01 1.821E+01 1.821E+01 1.821E+01 1.821E+01 1.821E+01 1.821E+01
 1.821E+01 1.821E+01 1.821E+01 1.821E+01 1.821E+01 1.821E+01 1.821E+01 1.821E+01
 1.821E+01 1.821E+01 1.821E+01 1.821E+01 1.821E+01 1.821E+01 1.821E+01 1.821E+01
 1.821E+01 1.821E+01 1.821E+01 1.821E+01 1.821E+01 1.821E+01 1.821E+01 1.821E+01
 1.821E+01 1.821E+01 1.821E+01 1.821E+01 1.821E+01 1.821E+01 1.821E+01 1.821E+01
 1.821E+01 1.821E+01 1.821E+01 1.821E+01 1.821E+01 1.821E+01 1.821E+01 1.821E+01
 1.821E+01 1.821E+01 1.821E+01 1.821E+01 1.821E+01 1.821E+01 1.821E+01 1.821E+01
 1.821E+01 1.821E+01 1.821E+01 1.821E+01 1.821E+01 1.821E+01 1.821E+01 1.821E+01
 1.821E+01 1.821E+01 1.821E+01 1.821E+01 1.821E+01 1.821E+01 1.821E+01 1.821E+01
 1.821E+01 1.821E+01 1.821E+01 1.821E+01 1.821E+01 1.821E+01 1.821E+01 1.821E+01
 1.821E+01 1.821E+01 1.821E+01 1.821E+01 1.821E+01 1.821E+01 1.821E+01 1.821E+01
 1.821E+01 1.821E+01 1.821E+01 1.821E+01 1.821E+01 1.821E+01 1.821E+01 1.821E+01
 1.821E+01 1.821E+01 1.821E+01 1.821E+01 1.821E+01 1.821E+01 1.821E+01 1.821E+01
 1.821E+01 1.821E+01 1.821E+01 1.821E+01 1.821E+01 1.821E+01 1.821E+01 1.821E+01
 1.821E+01 1.821E+01 1.821E+01 1.821E+01 1.821E+01 1.821E+01 1.821E+01 1.821E+01
 1.821E+01 1.821E+01 1.821E+01 1.821E+01 1.821E+01 1.821E+01 1.821E+01 1.821E+01
 1.821E+01 1.821E+01 1.821E+01 1.821E+01 1.821E+01 1.821E+01 1.821E+01 1.821E+01
 1.821E+01 1.821E+01 1.821E+01 1.821E+01 1.821E+01 1.821E+01 1.821E+01 1.821E+01
 1.821E+01 1.821E+01 1.821E+01 1.821E+01 1.821E+01 1.821E+01 1.821E+01 1.821E+01
 1.821E+01 1.821E+01 1.821E+01 1.821E+01 1.821E+01 1.821E+01 1.821E+01 1.821E+01
 1.821E+01 1.821E+01 1.821E+01 1.821E+01 1.821E+01 1.821E+01 1.821E+01 1.821E+01
 1.821E+01 1.821E+01 1.821E+01 1.821E+01 1.821E+01 1.821E+01 1.821E+01 1.821E+01
 1.821E+01 1.821E+01 1.821E+01 1.821E+01 1.821E+01 1.821E+01 1.821E+01 1.821E+01
 1.821E+01 1.821E+01 1.821E+01 1.821E+01 1.821E+01 1.821E+01 1.821E+01 1.821E+01
 1.821E+01 1.821E+01 1.821E+01 1.821E+01 1.821E+01 1.821E+01 1.821E+01 1.821E+01
 1.821E+01 1.821E+01 1.821E+01 1.821E+01 1.821E+01 1.821E+01 1.821E+01 1.821E+01
 1.821E+01 1.821E+01 1.821E+01 1.821E+01 1.821E+01 1.821E+01 1.821E+01 1.821E+01
 1.821E+01 1.821E+01 1.821E+01 1.821E+01 1.821E+01 1.821E+01 1.821E+01 1.821E+01
 1.821E+01 1.821E+01 1.821E+01 1.821E+01 1.821E+01 1.821E+01 1.821E+01 1.821E+01
 1.821E+01 1.821E+01 1.821E+01 1.821E+01 1.821E+01 1.821E+01 1.821E+01 1.821E+01
 1.821E+01 1.821E+01 1.821E+01 1.821E+01 1.821E+01 1.821E+01 1.821E+01 1.821E+01
 1.821E+01 1.821E+01 1.821E+01 1.821E+01 1.821E+01 1.821E+01 1.821E+01 1.821E+01
 1.821E+01 1.821E+01 1.821E+01 1.821E+01 1.821E+01 1.821E+01 1.821E+01 1.821E+01
 1.821E+01 1.821E+01 1.821E+01 1.821E+01 1.821E+01 1.821E+01 1.821E+01 1.821E+01
 1.821E+01 1.821E+01 1.821E+01 1.821E+01 1.821E+01 1.821E+01 1.821E+01 1.821E+01
 1.821E+01 1.821E+01 1.821E+01 1.821E+01 1.821E+01 1.821E+01 1.821E+01 1.821E+01
 1.821E+01 1.821E+01 1.821E+01 1.821E+01 1.821E+01 1.821E+01 1.821E+01 1.821E+01
 1.821E+01 1.821E+01 1.821E+01 1.821E+01 1.821E+01 1.821E+01 1.821E+01 1.821E+01
 1.821E+01 1.821E+01 1.821E+01 1.821E+01 1.821E+01 1.821E+01 1.821E+01 1.821E+01
 1.821E+01 1.821E+01 1.821E+01 1.821E+01 1.821E+01 1.821E+01 1.821E+01 1.821E+01
 1.821E+01 1.821E+01 1.821E+01 1.821E+01 1.821E+01 1.821E+01 1.821E+01 1.821E+01
 1.821E+01 1.821E+01 1.821E+01 1.821E+01 1.821E+01 1.821E+01 1.821E+01 1.821E+01
 1.821E+01 1.821E+01 1.821E+01 1.821E+01 1.821E+01 1.821E+01 1.821E+01 1.821E+01
 1.821E+01 1.821E+01 1.821E+01 1.821E+01 1.821E+01 1.821E+01 1.821E+01 1.821E+01
 1.821E+01 1.821E+01 1.821E+01 1.821E+01 1.821E+01 1.821E+01 1.821E+01 1.821E+01
 1.821E+01 1.821E+01 1.821E+01 1.821E+01 1.821E+01 1.821E+01 1.821E+01 1.821E+01
 1.821E+01 1.821E+01 1.821E+01 1.821E+01 1.821E+01 1.821E+01 1.821E+01 1.821E+01
 1.821E+01 1.821E+01 1.821E+01 1.821E+01 1.821E+01 1.821E+01 1.821E+01 1.821E+01
 1.821E+01 1.821E+01 1.821E+01 1.821E+01 1.821E+01 1.821E+01 1.821E+01 1.821E+01
 1.821E+01 1.821E+01 1.821E+01 1.821E+01 1.821E+01 1.821E+01 1.821E+01 1.821E+01
 1.821E+01 1.821E+01 1.821E+01 1.821E+01 1.821E+01 1.821E+01 1.821E+01 1.821E+01
 1.821E+01 1.821E+01 1.821E+01 1.821E+01 1.821E+01 1.821E+01 1.821E+01 1.821E+01
---------------------/ IGRD= 1  / IPRT= 1  /--------/ Z1= 3   / DATE= 08/02/10  
 1.539E+02 1.539E+02 1.539E+02 1.539E+02 1.539E+02 1.539E+02 1.539E+02 1.539E+02
 1.539E+02 1.539E+02 1.539E+02 1.539E+02 1.539E+02 1.539E+02 1.539E+02 1.539E+02
 1.539E+02 1.539E+02 1.539E+02 1.539E+02 1.539E+02 1.539E+02 1.539E+02 1.539E+02
 1.539E+02 1.539E+02 1.539E+02 1.539E+02 1.539E+02 1.539E+02 1.539E+02 1.539E+02
 1.539E+02 1.539E+02 1.539E+02 1.539E+02 1.539E+02 1.539E+02 1.539E+02 1.539E+02
 1.539E+02 1.539E+02 1.539E+02 1.539E+02 1.539E+02 1.539E+02 1.539E+02 1.539E+02
 1.539E+02 1.539E+02 1.539E+02 1.539E+02 1.539E+02 1.539E+02 1.539E+02 1.539E+02
 1.539E+02 1.539E+02 1.539E+02 1.539E+02 1.539E+02 1.539E+02 1.539E+02 1.539E+02
 1.539E+02 1.539E+02 1.539E+02 1.539E+02 1.539E+02 1.539E+02 1.539E+02 1.539E+02
 1.539E+02 1.539E+02 1.539E+02 1.539E+02 1.539E+02 1.539E+02 1.539E+02 1.539E+02
 1.539E+02 1.539E+02 1.539E+02 1.539E+02 1.539E+02 1.539E+02 1.539E+02 1.539E+02
 1.539E+02 1.539E+02 1.539E+02 1.539E+02 1.539E+02 1.539E+02 1.539E+02 1.539E+02
 1.539E+02 1.539E+02 1.539E+02 1.539E+02 1.539E+02 1.539E+02 1.539E+02 1.539E+02
 1.539E+02 1.539E+02 1.539E+02 1.539E+02 1.539E+02 1.539E+02 1.539E+02 1.539E+02
 1.539E+02 1.539E+02 1.539E+02 1.539E+02 1.539E+02 1.539E+02 1.539E+02 1.539E+02
 1.539E+02 1.539E+02 1.539E+02 1.539E+02 1.539E+02 1.539E+02 1.539E+02 1.539E+02
 1.539E+02 1.539E+02 1.539E+02 1.539E+02 1.539E+02 1.539E+02 1.539E+02 1.539E+02
 1.539E+02 1.539E+02 1.539E+02 1.539E+02 1.539E+02 1.539E+02 1.539E+02 1.539E+02
 1.539E+02 1.539E+02 1.539E+02 1.539E+02 1.539E+02 1.539E+02 1.539E+02 1.539E+02
 1.539E+02 1.539E+02 1.539E+02 1.539E+02 1.539E+02 1.539E+02 1.539E+02 1.539E+02
 1.539E+02 1.539E+02 1.539E+02 1.539E+02 1.539E+02 1.539E+02 1.539E+02 1.539E+02
 1.539E+02 1.539E+02 1.539E+02 1.539E+02 1.539E+02 1.539E+02 1.539E+02 1.539E+02
 1.539E+02 1.539E+02 1.539E+02 1.539E+02 1.539E+02 1.539E+02 1.539E+02 1.539E+02
 1.539E+02 1.539E+02 1.539E+02 1.539E+02 1.539E+02 1.539E+02 1.539E+02 1.539E+02
 1.539E+02 1.539E+02 1.539E+02 1.539E+02 1.539E+02 1.539E+02 1.539E+02 1.539E+02
 1.539E+02 1.539E+02 1.539E+02 1.539E+02 1.539E+02 1.539E+02 1.539E+02 1.539E+02
 1.539E+02 1.539E+02 1.539E+02 1.539E+02 1.539E+02 1.539E+02 1.539E+02 1.539E+02
 1.539E+02 1.539E+02 1.539E+02 1.539E+02 1.539E+02 1.539E+02 1.539E+02 1.539E+02
 1.539E+02 1.539E+02 1.539E+02 1.539E+02 1.539E+02 1.539E+02 1.539E+02 1.539E+02
 1.539E+02 1.539E+02 1.539E+02 1.539E+02 1.539E+02 1.539E+02 1.539E+02 1.539E+02
 1.539E+02 1.539E+02 1.539E+02 1.539E+02 1.539E+02 1.539E+02 1.539E+02 1.539E+02
 1.539E+02 1.539E+02 1.539E+02 1.539E+02 1.539E+02 1.539E+02 1.539E+02 1.539E+02
 1.539E+02 1.539E+02 1.539E+02 1.539E+02 1.539E+02 1.539E+02 1.539E+02 1.539E+02
 1.539E+02 1.539E+02 1.539E+02 1.539E+02 1.539E+02 1.539E+02 1.539E+02 1.539E+02
 1.539E+02 1.539E+02 1.539E+02 1.539E+02 1.539E+02 1.539E+02 1.539E+02 1.539E+02
 1.539E+02 1.539E+02 1.539E+02 1.539E+02 1.539E+02 1.539E+02 1.539E+02 1.539E+02
 1.539E+02 1.539E+02 1.539E+02 1.539E+02 1.539E+02 1.539E+02 1.539E+02 1.539E+02
 1.539E+02 1.539E+02 1.539E+02 1.539E+02 1.539E+02 1.539E+02 1.539E+02 1.539E+02
 1.539E+02 1.539E+02 1.539E+02 1.539E+02 1.539E+02 1.539E+02 1.539E+02 1.539E+02
 1.539E+02 1.539E+02 1.539E+02 1.539E+02 1.539E+02 1.539E+02 1.539E+02 1.539E+02
 1.539E+02 1.539E+02 1.539E+02 1.539E+02 1.539E+02 1.539E+02 1.539E+02 1.539E+02
 1.539E+02 1.539E+02 1.539E+02 1.539E+02 1.539E+02 1.539E+02 1.539E+02 1.539E+02
 1.539E+02 1.539E+02 1.539E+02 1.539E+02 1.539E+02 1.539E+02 1.539E+02 1.539E+02
 1.539E+02 1.539E+02 1.539E+02 1.539E+02 1.539E+02 1.539E+02 1.539E+02 1.539E+02
 1.539E+02 1.539E+02 1.539E+02 1.539E+02 1.539E+02 1.539E+02 1.539E+02 1.539E+02
 1.539E+02 1.539E+02 1.539E+02 1.539E+02 1.539E+02 1.539E+02 1.539E+02 1.539E+02
 1.539E+02 1.539E+02 1.539E+02 1.539E+02 1.539E+02 1.539E+02 1.539E+02 1.539E+02
 1.539E+02 1.539E+02 1.539E+02 1.539E+02 1.539E+02 1.539E+02 1.539E+02 1.539E+02
 1.539E+02 1.539E+02 1.539E+02 1.539E+02 1.539E+02 1.539E+02 1.539E+02 1.539E+02
 1.539E+02 1.539E+02 1.539E+02 1.539E+02 1.539E+02 1.539E+02 1.539E+02 1.539E+02
 1.539E+02 1.539E+02 1.539E+02 1.539E+02 1.539E+02 1.539E+02 1.539E+02 1.539E+02
 1.539E+02 1.539E+02 1.539E+02 1.539E+02 1.539E+02 1.539E+02 1.539E+02 1.539E+02
 1.539E+02 1.539E+02 1.539E+02 1.539E+02 1.539E+02 1.539E+02 1.539E+02 1.539E+02
 1.539E+02 1.539E+02 1.539E+02 1.539E+02 1.539E+02 1.539E+02 1.539E+02 1.539E+02
 1.539E+02 1.539E+02 1.539E+02 1.539E+02 1.539E+02 1.539E+02 1.539E+02 1.539E+02
 1.539E+02 1.539E+02 1.539E+02 1.539E+02 1.539E+02 1.539E+02 1.539E+02 1.539E+02
 1.539E+02 1.539E+02 1.539E+02 1.539E+02 1.539E+02 1.539E+02 1.539E+02 1.539E+02
 1.539E+02 1.539E+02 1.539E+02 1.539E+02 1.539E+02 1.539E+02 1.539E+02 1.539E+02
 1.539E+02 1.539E+02 1.539E+02 1.539E+02 1.539E+02 1.539E+02 1.539E+02 1.539E+02
 1.539E+02 1.539E+02 1.539E+02 1.539E+02 1.539E+02 1.539E+02 1.539E+02 1.539E+02
 1.539E+02 1.539E+02 1.539E+02 1.539E+02 1.539E+02 1.539E+02 1.539E+02 1.539E+02
 1.539E+02 1.539E+02 1.539E+02 1.539E+02 1.539E+02 1.539E+02 1.539E+02 1.539E+02
 1.539E+02 1.539E+02 1.539E+02 1.539E+02 1.539E+02 1.539E+02 1.539E+02 1.539E+02
 1.539E+02 1.539E+02 1.539E+02 1.539E+02 1.539E+02 1.539E+02 1.539E+02 1.539E+02
 1.539E+02 1.539E+02 1.539E+02 1.539E+02 1.539E+02 1.539E+02 1.539E+02 1.539E+02
 1.539E+02 1.539E+02 1.539E+02 1.539E+02 1.539E+02 1.539E+02 1.539E+02 1.539E+02
 1.539E+02 1.539E+02 1.539E+02 1.539E+02 1.539E+02 1.539E+02 1.539E+02 1.539E+02
 1.539E+02 1.539E+02 1.539E+02 1.539E+02 1.539E+02 1.539E+02 1.539E+02 1.539E+02
 1.539E+02 1.539E+02 1.539E+02 1.539E+02 1.539E+02 1.539E+02 1.539E+02 1.539E+02
 1.539E+02 1.539E+02 1.539E+02 1.539E+02 1.539E+02 1.539E+02 1.539E+02 1.539E+02
 1.539E+02 1.539E+02 1.539E+02 1.539E+02 1.539E+02 1.539E+02 1.539E+02 1.539E+02
 1.539E+02 1.539E+02 1.539E+02 1.539E+02 1.539E+02 1.539E+02 1.539E+02 1.539E+02
 1.539E+02 1.539E+02 1.539E+02 1.539E+02 1.539E+02 1.539E+02 1.539E+02 1.539E+02
 1.539E+02 1.539E+02 1.539E+02 1.539E+02 1.539E+02 1.539E+02 1.539E+02 1.539E+02
 1.539E+02 1.539E+02 1.539E+02 1.539E+02 1.539E+02 1.539E+02 1.539E+02 1.539E+02
---------------------/ IGRD= 1  / IPRT= 1  /--------/ Z1= 4   / DATE= 08/02/10  
 2.177E+02 2.177E+02 2.177E+02 2.177E+02 2.177E+02 2.177E+02 2.177E+02 2.177E+02
 2.177E+02 2.177E+02 2.177E+02 2.177E+02 2.177E+02 2.177E+02 2.177E+02 2.177E+02
 2.177E+02 2.177E+02 2.177E+02 2.177E+02 2.177E+02 2.177E+02 2.177E+02 2.177E+02
 2.177E+02 2.177E+02 2.177E+02 2.177E+02 2.177E+02 2.177E+02 2.177E+02 2.177E+02
 2.177E+02 2.177E+02 2.177E+02 2.177E+02 2.177E+02 2.177E+02 2.177E+02 2.177E+02
 2.177E+02 2.177E+02 2.177E+02 2.177E+02 2.177E+02 2.177E+02 2.177E+02 2.177E+02
 2.177E+02 2.177E+02 2.177E+02 2.177E+02 2.177E+02 2.177E+02 2.177E+02 2.177E+02
 2.177E+02 2.177E+02 2.177E+02 2.177E+02 2.177E+02 2.177E+02 2.177E+02 2.177E+02
 2.177E+02 2.177E+02 2.177E+02 2.177E+02 2.177E+02 2.177E+02 2.177E+02 2.177E+02
 2.177E+02 2.177E+02 2.177E+02 2.177E+02 2.177E+02 2.177E+02 2.177E+02 2.177E+02
 2.177E+02 2.177E+02 2.177E+02 2.177E+02 2.177E+02 2.177E+02 2.177E+02 2.177E+02
 2.177E+02 2.177E+02 2.177E+02 2.177E+02 2.177E+02 2.177E+02 2.177E+02 2.177E+02
 2.177E+02 2.177E+02 2.177E+02 2.177E+02 2.177E+02 2.177E+02 2.177E+02 2.177E+02
 2.177E+02 2.177E+02 2.177E+02 2.177E+02 2.177E+02 2.177E+02 2.177E+02 2.177E+02
 2.177E+02 2.177E+02 2.177E+02 2.177E+02 2.177E+02 2.177E+02 2.177E+02 2.177E+02
 2.177E+02 2.177E+02 2.177E+02 2.177E+02 2.177E+02 2.177E+02 2.177E+02 2.177E+02
 2.177E+02 2.177E+02 2.177E+02 2.177E+02 2.177E+02 2.177E+02 2.177E+02 2.177E+02
 2.177E+02 2.177E+02 2.177E+02 2.177E+02 2.177E+02 2.177E+02 2.177E+02 2.177E+02
 2.177E+02 2.177E+02 2.177E+02 2.177E+02 2.177E+02 2.177E+02 2.177E+02 2.177E+02
 2.177E+02 2.177E+02 2.177E+02 2.177E+02 2.177E+02 2.177E+02 2.177E+02 2.177E+02
 2.177E+02 2.177E+02 2.177E+02 2.177E+02 2.177E+02 2.177E+02 2.177E+02 2.177E+02
 2.177E+02 2.177E+02 2.177E+02 2.177E+02 2.177E+02 2.177E+02 2.177E+02 2.177E+02
 2.177E+02 2.177E+02 2.177E+02 2.177E+02 2.177E+02 2.177E+02 2.177E+02 2.177E+02
 2.177E+02 2.177E+02 2.177E+02 2.177E+02 2.177E+02 2.177E+02 2.177E+02 2.177E+02
 2.177E+02 2.177E+02 2.177E+02 2.177E+02 2.177E+02 2.177E+02 2.177E+02 2.177E+02
 2.177E+02 2.177E+02 2.177E+02 2.177E+02 2.177E+02 2.177E+02 2.177E+02 2.177E+02
 2.177E+02 2.177E+02 2.177E+02 2.177E+02 2.177E+02 2.177E+02 2.177E+02 2.177E+02
 2.177E+02 2.177E+02 2.177E+02 2.177E+02 2.177E+02 2.177E+02 2.177E+02 2.177E+02
 2.177E+02 2.177E+02 2.177E+02 2.177E+02 2.177E+02 2.177E+02 2.177E+02 2.177E+02
 2.177E+02 2.177E+02 2.177E+02 2.177E+02 2.177E+02 2.177E+02 2.177E+02 2.177E+02
 2.177E+02 2.177E+02 2.177E+02 2.177E+02 2.177E+02 2.177E+02 2.177E+02 2.177E+02
 2.177E+02 2.177E+02 2.177E+02 2.177E+02 2.177E+02 2.177E+02 2.177E+02 2.177E+02
 2.177E+02 2.177E+02 2.177E+02 2.177E+02 2.177E+02 2.177E+02 2.177E+02 2.177E+02
 2.177E+02 2.177E+02 2.177E+02 2.177E+02 2.177E+02 2.177E+02 2.177E+02 2.177E+02
 2.177E+02 2.177E+02 2.177E+02 2.177E+02 2.177E+02 2.177E+02 2.177E+02 2.177E+02
 2.177E+02 2.177E+02 2.177E+02 2.177E+02 2.177E+02 2.177E+02 2.177E+02 2.177E+02
 2.177E+02 2.177E+02 2.177E+02 2.177E+02 2.177E+02 2.177E+02 2.177E+02 2.177E+02
 2.177E+02 2.177E+02 2.177E+02 2.177E+02 2.177E+02 2.177E+02 2.177E+02 2.177E+02
 2.177E+02 2.177E+02 2.177E+02 2.177E+02 2.177E+02 2.177E+02 2.177E+02 2.177E+02
 2.177E+02 2.177E+02 2.177E+02 2.177E+02 2.177E+02 2.177E+02 2.177E+02 2.177E+02
 2.177E+02 2.177E+02 2.177E+02 2.177E+02 2.177E+02 2.177E+02 2.177E+02 2.177E+02
 2.177E+02 2.177E+02 2.177E+02 2.177E+02 2.177E+02 2.177E+02 2.177E+02 2.177E+02
 2.177E+02 2.177E+02 2.177E+02 2.177E+02 2.177E+02 2.177E+02 2.177E+02 2.177E+02
 2.177E+02 2.177E+02 2.177E+02 2.177E+02 2.177E+02 2.177E+02 2.177E+02 2.177E+02
 2.177E+02 2.177E+02 2.177E+02 2.177E+02 2.177E+02 2.177E+02 2.177E+02 2.177E+02
 2.177E+02 2.177E+02 2.177E+02 2.177E+02 2.177E+02 2.177E+02 2.177E+02 2.177E+02
 2.177E+02 2.177E+02 2.177E+02 2.177E+02 2.177E+02 2.177E+02 2.177E+02 2.177E+02
 2.177E+02 2.177E+02 2.177E+02 2.177E+02 2.177E+02 2.177E+02 2.177E+02 2.177E+02
 2.177E+02 2.177E+02 2.177E+02 2.177E+02 2.177E+02 2.177E+02 2.177E+02 2.177E+02
 2.177E+02 2.177E+02 2.177E+02 2.177E+02 2.177E+02 2.177E+02 2.177E+02 2.177E+02
 2.177E+02 2.177E+02 2.177E+02 2.177E+02 2.177E+02 2.177E+02 2.177E+02 2.177E+02
 2.177E+02 2.177E+02 2.177E+02 2.177E+02 2.177E+02 2.177E+02 2.177E+02 2.177E+02
 2.177E+02 2.177E+02 2.177E+02 2.177E+02 2.177E+02 2.177E+02 2.177E+02 2.177E+02
 2.177E+02 2.177E+02 2.177E+02 2.177E+02 2.177E+02 2.177E+02 2.177E+02 2.177E+02
 2.177E+02 2.177E+02 2.177E+02 2.177E+02 2.177E+02 2.177E+02 2.177E+02 2.177E+02
 2.177E+02 2.177E+02 2.177E+02 2.177E+02 2.177E+02 2.177E+02 2.177E+02 2.177E+02
 2.177E+02 2.177E+02 2.177E+02 2.177E+02 2.177E+02 2.177E+02 2.177E+02 2.177E+02
 2.177E+02 2.177E+02 2.177E+02 2.177E+02 2.177E+02 2.177E+02 2.177E+02 2.177E+02
 2.177E+02 2.177E+02 2.177E+02 2.177E+02 2.177E+02 2.177E+02 2.177E+02 2.177E+02
 2.177E+02 2.177E+02 2.177E+02 2.177E+02 2.177E+02 2.177E+02 2.177E+02 2.177E+02
 2.177E+02 2.177E+02 2.177E+02 2.177E+02 2.177E+02 2.177E+02 2.177E+02 2.177E+02
 2.177E+02 2.177E+02 2.177E+02 2.177E+02 2.177E+02 2.177E+02 2.177E+02 2.177E+02
 2.177E+02 2.177E+02 2.177E+02 2.177E+02 2.177E+02 2.177E+02 2.177E+02 2.177E+02
 2.177E+02 2.177E+02 2.177E+02 2.177E+02 2.177E+02 2.177E+02 2.177E+02 2.177E+02
 2.177E+02 2.177E+02 2.177E+02 2.177E+02 2.177E+02 2.177E+02 2.177E+02 2.177E+02
 2.177E+02 2.177E+02 2.177E+02 2.177E+02 2.177E+02 2.177E+02 2.177E+02 2.177E+02
 2.177E+02 2.177E+02 2.177E+02 2.177E+02 2.177E+02 2.177E+02 2.177E+02 2.177E+02
 2.177E+02 2.177E+02 2.177E+02 2.177E+02 2.177E+02 2.177E+02 2.177E+02 2.177E+02
 2.177E+02 2.177E+02 2.177E+02 2.177E+02 2.177E+02 2.177E+02 2.177E+02 2.177E+02
 2.177E+02 2.177E+02 2.177E+02 2.177E+02 2.177E+02 2.177E+02 2.177E+02 2.177E+02
 2.177E+02 2.177E+02 2.177E+02 2.177E+02 2.177E+02 2.177E+02 2.177E+02 2.177E+02
 2.177E+02 2.177E+02 2.177E+02 2.177E+02 2.177E+02 2.177E+02 2.177E+02 2.177E+02
 2.177E+02 2.177E+02 2.177E+02 2.177E+02 2.177E+02 2.177E+02 2.177E+02 2.177E+02
 2.177E+02 2.177E+02 2.177E+02 2.177E+02 2.177E+02 2.177E+02 2.177E+02 2.177E+02
 2.177E+02 2.177E+02 2.177E+02 2.177E+02 2.177E+02 2.177E+02 2.177E+02 2.177E+02
C-------------------------------------------------------------------------------
C
C    Rate coefficients : adf11 class ecd
C    Units             : eV          
C    Status            : special generation
C    Parent dataset    : none
C    Reference dataset : /home/mog/adas_dev/adas/adf00/be.dat
C
C    Code              : adas408   
C    Producer          : Martin O'Mullane
C    Date              : 08/02/10
C

C-------------------------------------------------------------------------------
