   18    7   14   16   16     /ARGON              /ADAS810-total           ADF11
 -------------------------------------------------------------------------------
  10.00000  11.00000  12.00000  13.00000  14.00000  15.00000  16.00000
   0.64461   0.82070   1.04254   1.34359   1.64461   2.04254   2.34359   2.51967
   2.64461   2.82070   3.04254   3.34359   3.64461   3.82070
 --------------------/ IGRD= 1  / IPRT= 0  /PLT     / Z1=16   / DATE= 13.05.09
 -28.35658 -28.35658 -28.35658 -28.35660 -28.35676 -28.35843 -28.37477
 -27.32287 -27.32287 -27.32287 -27.32289 -27.32302 -27.32442 -27.33810
 -26.53370 -26.53370 -26.53370 -26.53371 -26.53383 -26.53505 -26.54705
 -25.99877 -25.99877 -25.99877 -25.99878 -25.99891 -26.00020 -26.01283
 -25.79259 -25.79259 -25.79259 -25.79260 -25.79274 -25.79413 -25.80775
 -25.72976 -25.72976 -25.72976 -25.72977 -25.72990 -25.73118 -25.74377
 -25.69292 -25.69292 -25.69292 -25.69293 -25.69302 -25.69391 -25.70262
 -25.64730 -25.64730 -25.64730 -25.64731 -25.64737 -25.64801 -25.65423
 -25.61796 -25.61796 -25.61796 -25.61796 -25.61801 -25.61850 -25.62326
 -25.58611 -25.58611 -25.58611 -25.58612 -25.58615 -25.58648 -25.58976
 -25.55685 -25.55685 -25.55685 -25.55685 -25.55688 -25.55710 -25.55932
 -25.52987 -25.52987 -25.52987 -25.52987 -25.52988 -25.53004 -25.53159
 -25.52712 -25.52712 -25.52712 -25.52712 -25.52713 -25.52726 -25.52848
 -25.54025 -25.54025 -25.54025 -25.54026 -25.54027 -25.54037 -25.54144
C-------------------------------------------------------------------------------
C                                                                               
C  Low-level line power coefficients  - unfiltered                              
C                                                                               
C                                                                               
C                                                                               
C  CODE     : ADAS810                                                           
C  PRODUCER : Adam Foster                                                       
C  DATE     : 13/05/09                                                          
C                                                                               
C-------------------------------------------------------------------------------
