   18    7   14    5    5     /ARGON              /ADAS810-total           ADF11
 -------------------------------------------------------------------------------
  10.00000  11.00000  12.00000  13.00000  14.00000  15.00000  16.00000
  -0.36569  -0.18960   0.03226   0.33329   0.63431   1.03226   1.33329   1.50938
   1.63431   1.81040   2.03226   2.33329   2.63431   2.81040
 --------------------/ IGRD= 1  / IPRT= 0  /PLT     / Z1= 5   / DATE= 13.05.09
 -40.71576 -40.71576 -40.71579 -40.71604 -40.71860 -40.74334 -40.93476
 -35.12918 -35.12918 -35.12920 -35.12941 -35.13150 -35.15186 -35.31558
 -30.69988 -30.69988 -30.69990 -30.70006 -30.70168 -30.71755 -30.85071
 -27.42918 -27.42919 -27.42920 -27.42931 -27.43043 -27.44152 -27.53866
 -25.80481 -25.80481 -25.80482 -25.80489 -25.80564 -25.81304 -25.87958
 -24.81990 -24.81990 -24.81991 -24.81996 -24.82052 -24.82604 -24.87608
 -24.49827 -24.49827 -24.49828 -24.49833 -24.49892 -24.50471 -24.55827
 -24.40086 -24.40086 -24.40087 -24.40093 -24.40156 -24.40775 -24.46550
 -24.35995 -24.35995 -24.35996 -24.36002 -24.36067 -24.36707 -24.42703
 -24.33002 -24.33002 -24.33002 -24.33009 -24.33075 -24.33729 -24.39873
 -24.32829 -24.32829 -24.32830 -24.32836 -24.32900 -24.33532 -24.39504
 -24.36183 -24.36183 -24.36184 -24.36189 -24.36246 -24.36812 -24.42210
 -24.42155 -24.42155 -24.42155 -24.42160 -24.42209 -24.42689 -24.47321
 -24.46468 -24.46468 -24.46469 -24.46473 -24.46516 -24.46945 -24.51105
C-------------------------------------------------------------------------------
C                                                                               
C  Low-level line power coefficients  - unfiltered                              
C                                                                               
C                                                                               
C                                                                               
C  CODE     : ADAS810                                                           
C  PRODUCER : Adam Foster                                                       
C  DATE     : 13/05/09                                                          
C                                                                               
C-------------------------------------------------------------------------------
