   18    7   14    6    6     /ARGON              /ADAS810-total           ADF11
 -------------------------------------------------------------------------------
  10.00000  11.00000  12.00000  13.00000  14.00000  15.00000  16.00000
  -0.20733  -0.03124   0.19061   0.49164   0.79267   1.19061   1.49164   1.66773
   1.79267   1.96876   2.19061   2.49164   2.79267   2.96876
 --------------------/ IGRD= 1  / IPRT= 0  /PLT     / Z1= 6   / DATE= 13.05.09
 -34.90025 -34.90025 -34.90028 -34.90054 -34.90319 -34.92886 -35.12580
 -31.25498 -31.25498 -31.25500 -31.25522 -31.25739 -31.27853 -31.44732
 -28.37865 -28.37865 -28.37867 -28.37883 -28.38052 -28.39703 -28.53464
 -26.27671 -26.27671 -26.27673 -26.27685 -26.27806 -26.29002 -26.39391
 -25.26152 -25.26152 -25.26153 -25.26164 -25.26269 -25.27304 -25.36268
 -24.67325 -24.67325 -24.67326 -24.67337 -24.67447 -24.68527 -24.77314
 -24.49351 -24.49351 -24.49352 -24.49363 -24.49474 -24.50559 -24.59200
 -24.44728 -24.44728 -24.44729 -24.44740 -24.44848 -24.45903 -24.54320
 -24.43223 -24.43223 -24.43224 -24.43235 -24.43340 -24.44363 -24.52561
 -24.43022 -24.43022 -24.43023 -24.43033 -24.43131 -24.44092 -24.51883
 -24.45050 -24.45050 -24.45051 -24.45060 -24.45148 -24.46012 -24.53145
 -24.50413 -24.50413 -24.50414 -24.50422 -24.50495 -24.51220 -24.57370
 -24.57671 -24.57671 -24.57671 -24.57677 -24.57737 -24.58326 -24.63463
 -24.62497 -24.62497 -24.62498 -24.62503 -24.62556 -24.63073 -24.67660
C-------------------------------------------------------------------------------
C                                                                               
C  Low-level line power coefficients  - unfiltered                              
C                                                                               
C                                                                               
C                                                                               
C  CODE     : ADAS810                                                           
C  PRODUCER : Adam Foster                                                       
C  DATE     : 13/05/09                                                          
C                                                                               
C-------------------------------------------------------------------------------
