   18    7   14    7    7     /ARGON              /ADAS810-total           ADF11
 -------------------------------------------------------------------------------
  10.00000  11.00000  12.00000  13.00000  14.00000  15.00000  16.00000
  -0.07344   0.10267   0.32451   0.62554   0.92656   1.32451   1.62554   1.80163
   1.92656   2.10267   2.32451   2.62554   2.92656   3.10267
 --------------------/ IGRD= 1  / IPRT= 0  /PLT     / Z1= 7   / DATE= 13.05.09
 -33.75770 -33.75771 -33.75773 -33.75798 -33.76050 -33.78431 -33.94769
 -30.62988 -30.62988 -30.62989 -30.62999 -30.63099 -30.64078 -30.72446
 -27.99450 -27.99450 -27.99450 -27.99458 -27.99530 -28.00239 -28.06629
 -26.06741 -26.06741 -26.06743 -26.06754 -26.06868 -26.07964 -26.16297
 -25.16188 -25.16189 -25.16191 -25.16217 -25.16469 -25.18836 -25.33491
 -24.66943 -24.66943 -24.66947 -24.66988 -24.67390 -24.71032 -24.89752
 -24.53505 -24.53505 -24.53510 -24.53555 -24.54005 -24.58035 -24.77513
 -24.50307 -24.50307 -24.50312 -24.50360 -24.50836 -24.55073 -24.74817
 -24.48924 -24.48925 -24.48930 -24.48981 -24.49489 -24.53976 -24.73902
 -24.47581 -24.47582 -24.47588 -24.47646 -24.48226 -24.53242 -24.73411
 -24.46775 -24.46776 -24.46783 -24.46852 -24.47537 -24.53292 -24.73623
 -24.48062 -24.48063 -24.48071 -24.48149 -24.48910 -24.55187 -24.75502
 -24.51853 -24.51854 -24.51861 -24.51937 -24.52676 -24.58807 -24.79060
 -24.54990 -24.54991 -24.54998 -24.55069 -24.55764 -24.61594 -24.81761
C-------------------------------------------------------------------------------
C                                                                               
C  Low-level line power coefficients  - unfiltered                              
C                                                                               
C                                                                               
C                                                                               
C  CODE     : ADAS810                                                           
C  PRODUCER : Adam Foster                                                       
C  DATE     : 13/05/09                                                          
C                                                                               
C-------------------------------------------------------------------------------
