   18    7   14    5    5     /ARGON              /ADAS810-total           ADF11
 -------------------------------------------------------------------------------
  10.00000  11.00000  12.00000  13.00000  14.00000  15.00000  16.00000
  -0.36569  -0.18960   0.03226   0.33329   0.63431   1.03226   1.33329   1.50938
   1.63431   1.81040   2.03226   2.33329   2.63431   2.81040
 --------------------/ IGRD= 1  / IPRT= 0  /PLT     / Z1= 5   / DATE= 13.05.09
 -30.89660 -31.81061 -32.80100 -33.80003 -34.79992 -35.79988 -36.79978
 -30.34270 -31.24509 -32.23373 -33.22966 -34.20140 -35.00385 -35.52385
 -29.79048 -30.59767 -31.14737 -31.28000 -31.29795 -31.32021 -31.48396
 -28.12231 -28.16690 -28.17332 -28.17412 -28.17541 -28.18746 -28.28855
 -26.33670 -26.33895 -26.33922 -26.33930 -26.33983 -26.34498 -26.38800
 -25.03278 -25.03275 -25.03276 -25.03282 -25.03341 -25.03884 -25.07464
 -24.59990 -24.59994 -24.59996 -24.60019 -24.60233 -24.61746 -24.67841
 -24.47466 -24.47488 -24.47494 -24.47533 -24.47895 -24.50134 -24.57555
 -24.42530 -24.42575 -24.42584 -24.42634 -24.43090 -24.45728 -24.53701
 -24.39341 -24.39432 -24.39447 -24.39507 -24.40049 -24.43010 -24.51247
 -24.39340 -24.39510 -24.39534 -24.39598 -24.40168 -24.43207 -24.51203
 -24.43197 -24.43507 -24.43545 -24.43604 -24.44119 -24.46928 -24.54149
 -24.49245 -24.49732 -24.49789 -24.49839 -24.50262 -24.52707 -24.59091
 -24.53440 -24.54050 -24.54120 -24.54166 -24.54534 -24.56751 -24.62676
C-------------------------------------------------------------------------------
C                                                                               
C  Low-level line power coefficients  - unfiltered                              
C                                                                               
C                                                                               
C                                                                               
C  CODE     : ADAS810                                                           
C  PRODUCER : Adam Foster                                                       
C  DATE     : 13/05/09                                                          
C                                                                               
C-------------------------------------------------------------------------------
