   18    7   14   10   10     /ARGON              /ADAS810-total           ADF11
 -------------------------------------------------------------------------------
  10.00000  11.00000  12.00000  13.00000  14.00000  15.00000  16.00000
   0.23636   0.41246   0.63431   0.93534   1.23636   1.63431   1.93534   2.11143
   2.23636   2.41246   2.63431   2.93534   3.23636   3.41246
 --------------------/ IGRD= 1  / IPRT= 0  /PLT     / Z1=10   / DATE= 13.05.09
 -44.10553 -44.10553 -44.10553 -44.10554 -44.10556 -44.10575 -44.10767
 -37.80685 -37.80685 -37.80685 -37.80685 -37.80687 -37.80703 -37.80860
 -32.80827 -32.80827 -32.80827 -32.80827 -32.80828 -32.80840 -32.80962
 -29.12500 -29.12500 -29.12500 -29.12500 -29.12501 -29.12510 -29.12596
 -27.35541 -27.35541 -27.35541 -27.35542 -27.35542 -27.35548 -27.35611
 -26.37141 -26.37141 -26.37141 -26.37142 -26.37142 -26.37146 -26.37187
 -25.84797 -25.84797 -25.84797 -25.84797 -25.84797 -25.84798 -25.84811
 -25.51580 -25.51580 -25.51580 -25.51580 -25.51580 -25.51580 -25.51584
 -25.32293 -25.32293 -25.32293 -25.32293 -25.32293 -25.32294 -25.32298
 -25.12672 -25.12672 -25.12672 -25.12672 -25.12672 -25.12674 -25.12685
 -24.98138 -24.98138 -24.98138 -24.98138 -24.98138 -24.98140 -24.98161
 -24.89838 -24.89838 -24.89838 -24.89838 -24.89839 -24.89842 -24.89871
 -24.88555 -24.88555 -24.88555 -24.88555 -24.88556 -24.88559 -24.88590
 -24.89624 -24.89624 -24.89624 -24.89624 -24.89625 -24.89628 -24.89658
C-------------------------------------------------------------------------------
C                                                                               
C  Low-level line power coefficients  - unfiltered                              
C                                                                               
C                                                                               
C                                                                               
C  CODE     : ADAS810                                                           
C  PRODUCER : Adam Foster                                                       
C  DATE     : 13/05/09                                                          
C                                                                               
C-------------------------------------------------------------------------------
