   18    7   14    4    4     /ARGON              /ADAS810-total           ADF11
 -------------------------------------------------------------------------------
  10.00000  11.00000  12.00000  13.00000  14.00000  15.00000  16.00000
  -0.55952  -0.38342  -0.16157   0.13947   0.44048   0.83843   1.13947   1.31555
   1.44048   1.61658   1.83843   2.13947   2.44048   2.61658
 --------------------/ IGRD= 1  / IPRT= 0  /PLT     / Z1= 4   / DATE= 13.05.09
 -34.08386 -35.07719 -36.07651 -37.07645 -38.07644 -39.07644 -40.07644
 -32.28721 -33.27087 -34.26920 -35.26904 -36.26902 -37.26899 -38.26885
 -30.55814 -31.47904 -32.46872 -33.45233 -34.32244 -34.78884 -35.07324
 -29.36803 -29.84102 -30.05240 -30.08351 -30.08866 -30.10752 -30.25883
 -27.52972 -27.58349 -27.59761 -27.59934 -27.60038 -27.60892 -27.67909
 -25.54075 -25.53985 -25.53976 -25.53982 -25.54044 -25.54373 -25.55927
 -24.81971 -24.81999 -24.82010 -24.82095 -24.82747 -24.84720 -24.87725
 -24.60479 -24.60608 -24.60640 -24.60824 -24.62169 -24.65646 -24.70030
 -24.51017 -24.51229 -24.51277 -24.51537 -24.53383 -24.57793 -24.62992
 -24.43109 -24.43454 -24.43526 -24.43872 -24.46273 -24.51630 -24.57624
 -24.38970 -24.39508 -24.39605 -24.40008 -24.42763 -24.48744 -24.55183
 -24.39034 -24.39878 -24.40009 -24.40409 -24.43152 -24.49318 -24.55733
 -24.42540 -24.43762 -24.43931 -24.44281 -24.46717 -24.52661 -24.58727
 -24.45556 -24.47041 -24.47239 -24.47553 -24.49756 -24.55477 -24.61282
C-------------------------------------------------------------------------------
C                                                                               
C  Low-level line power coefficients  - unfiltered                              
C                                                                               
C                                                                               
C                                                                               
C  CODE     : ADAS810                                                           
C  PRODUCER : Adam Foster                                                       
C  DATE     : 13/05/09                                                          
C                                                                               
C-------------------------------------------------------------------------------
