   18    7   14   18   18     /ARGON              /ADAS810-total           ADF11
 -------------------------------------------------------------------------------
  10.00000  11.00000  12.00000  13.00000  14.00000  15.00000  16.00000
   0.74691   0.92301   1.14485   1.44588   1.74691   2.14485   2.44588   2.62198
   2.74691   2.92301   3.14485   3.44588   3.74691   3.92301
 --------------------/ IGRD= 1  / IPRT= 0  /PLT     / Z1=18   / DATE= 13.05.09
 -74.00000 -74.00000 -74.00000 -74.00000 -74.00000 -74.00000 -74.00000
 -74.00000 -74.00000 -74.00000 -74.00000 -74.00000 -74.00000 -74.00000
 -74.00000 -74.00000 -74.00000 -74.00000 -74.00000 -74.00000 -74.00000
 -74.00000 -74.00000 -74.00000 -74.00000 -74.00000 -74.00000 -74.00000
 -51.14011 -51.14011 -51.14011 -51.14011 -51.14011 -51.14011 -51.14011
 -35.83531 -35.83531 -35.83531 -35.83531 -35.83531 -35.83531 -35.83531
 -30.80212 -30.80212 -30.80212 -30.80212 -30.80212 -30.80212 -30.80212
 -29.14670 -29.14670 -29.14670 -29.14670 -29.14670 -29.14670 -29.14670
 -28.32948 -28.32948 -28.32948 -28.32948 -28.32948 -28.32948 -28.32948
 -27.52782 -27.52782 -27.52782 -27.52782 -27.52782 -27.52782 -27.52782
 -26.91430 -26.91430 -26.91430 -26.91430 -26.91430 -26.91430 -26.91430
 -26.49691 -26.49691 -26.49691 -26.49691 -26.49691 -26.49691 -26.49691
 -26.33075 -26.33075 -26.33075 -26.33075 -26.33075 -26.33075 -26.33075
 -26.29294 -26.29294 -26.29294 -26.29294 -26.29294 -26.29294 -26.29294
C-------------------------------------------------------------------------------
C                                                                               
C  Low-level line power coefficients  - unfiltered                              
C                                                                               
C                                                                               
C                                                                               
C  CODE     : ADAS810                                                           
C  PRODUCER : Adam Foster                                                       
C  DATE     : 13/05/09                                                          
C                                                                               
C-------------------------------------------------------------------------------
