   18    7   14   11   11     /ARGON              /ADAS810-total           ADF11
 -------------------------------------------------------------------------------
  10.00000  11.00000  12.00000  13.00000  14.00000  15.00000  16.00000
   0.31915   0.49525   0.71710   1.01812   1.31915   1.71710   2.01812   2.19421
   2.31915   2.49525   2.71710   3.01812   3.31915   3.49525
 --------------------/ IGRD= 1  / IPRT= 0  /PLT     / Z1=11   / DATE= 13.05.09
 -39.05853 -39.05853 -39.05853 -39.05853 -39.05855 -39.05880 -39.06121
 -34.35454 -34.35454 -34.35454 -34.35454 -34.35456 -34.35476 -34.35673
 -30.63142 -30.63142 -30.63142 -30.63142 -30.63143 -30.63159 -30.63312
 -27.90444 -27.90444 -27.90444 -27.90444 -27.90445 -27.90456 -27.90565
 -26.61152 -26.61152 -26.61152 -26.61152 -26.61153 -26.61161 -26.61241
 -25.91808 -25.91808 -25.91808 -25.91808 -25.91809 -25.91814 -25.91873
 -25.59304 -25.59304 -25.59304 -25.59304 -25.59304 -25.59307 -25.59338
 -25.37634 -25.37634 -25.37634 -25.37634 -25.37635 -25.37636 -25.37655
 -25.24074 -25.24074 -25.24074 -25.24074 -25.24074 -25.24076 -25.24094
 -25.09822 -25.09822 -25.09822 -25.09822 -25.09823 -25.09825 -25.09847
 -24.99155 -24.99155 -24.99155 -24.99155 -24.99155 -24.99158 -24.99188
 -24.93632 -24.93632 -24.93632 -24.93632 -24.93632 -24.93636 -24.93670
 -24.93859 -24.93859 -24.93859 -24.93859 -24.93859 -24.93863 -24.93896
 -24.95587 -24.95587 -24.95587 -24.95587 -24.95587 -24.95590 -24.95621
C-------------------------------------------------------------------------------
C                                                                               
C  Low-level line power coefficients  - unfiltered                              
C                                                                               
C                                                                               
C                                                                               
C  CODE     : ADAS810                                                           
C  PRODUCER : Adam Foster                                                       
C  DATE     : 13/05/09                                                          
C                                                                               
C-------------------------------------------------------------------------------
