   18    7   14   15   15     /ARGON              /ADAS810-total           ADF11
 -------------------------------------------------------------------------------
  10.00000  11.00000  12.00000  13.00000  14.00000  15.00000  16.00000
   0.58855   0.76465   0.98649   1.28753   1.58855   1.98649   2.28753   2.46361
   2.58855   2.76465   2.98649   3.28753   3.58855   3.76465
 --------------------/ IGRD= 1  / IPRT= 0  /PLT     / Z1=15   / DATE= 13.05.09
 -30.04535 -30.04535 -30.04535 -30.04537 -30.04556 -30.04747 -30.06548
 -28.42592 -28.42592 -28.42592 -28.42593 -28.42600 -28.42673 -28.43376
 -27.04791 -27.04791 -27.04791 -27.04792 -27.04801 -27.04896 -27.05788
 -26.05842 -26.05842 -26.05842 -26.05844 -26.05869 -26.06111 -26.08277
 -25.62607 -25.62607 -25.62607 -25.62611 -25.62650 -25.63034 -25.66309
 -25.44073 -25.44073 -25.44073 -25.44078 -25.44123 -25.44560 -25.48180
 -25.37645 -25.37645 -25.37645 -25.37649 -25.37689 -25.38071 -25.41099
 -25.32866 -25.32866 -25.32866 -25.32869 -25.32904 -25.33242 -25.35791
 -25.29716 -25.29716 -25.29716 -25.29719 -25.29751 -25.30059 -25.32311
 -25.26726 -25.26726 -25.26726 -25.26729 -25.26758 -25.27027 -25.28932
 -25.25623 -25.25623 -25.25623 -25.25625 -25.25649 -25.25878 -25.27461
 -25.28116 -25.28116 -25.28116 -25.28118 -25.28137 -25.28317 -25.29575
 -25.33409 -25.33409 -25.33410 -25.33411 -25.33426 -25.33567 -25.34588
 -25.37497 -25.37497 -25.37497 -25.37498 -25.37511 -25.37631 -25.38526
C-------------------------------------------------------------------------------
C                                                                               
C  Low-level line power coefficients  - unfiltered                              
C                                                                               
C                                                                               
C                                                                               
C  CODE     : ADAS810                                                           
C  PRODUCER : Adam Foster                                                       
C  DATE     : 13/05/09                                                          
C                                                                               
C-------------------------------------------------------------------------------
