   18    7   14    8    8     /ARGON              /ADAS810-total           ADF11
 -------------------------------------------------------------------------------
  10.00000  11.00000  12.00000  13.00000  14.00000  15.00000  16.00000
   0.04254   0.21864   0.44048   0.74152   1.04254   1.44048   1.74152   1.91761
   2.04254   2.21864   2.44048   2.74152   3.04254   3.21864
 --------------------/ IGRD= 1  / IPRT= 0  /PLT     / Z1= 8   / DATE= 03.06.09
 -31.06999 -31.06999 -31.07001 -31.07015 -31.07162 -31.08597 -31.20822
 -28.82028 -28.82028 -28.82029 -28.82041 -28.82161 -28.83340 -28.93649
 -27.05971 -27.05971 -27.05972 -27.05981 -27.06075 -27.06999 -27.15301
 -25.79965 -25.79965 -25.79966 -25.79973 -25.80046 -25.80766 -25.87355
 -25.22155 -25.22155 -25.22156 -25.22163 -25.22228 -25.22874 -25.28751
 -24.91909 -24.91909 -24.91910 -24.91915 -24.91972 -24.92537 -24.97605
 -24.84332 -24.84332 -24.84333 -24.84338 -24.84387 -24.84873 -24.89231
 -24.81545 -24.81545 -24.81545 -24.81550 -24.81596 -24.82047 -24.86067
 -24.79182 -24.79182 -24.79182 -24.79187 -24.79232 -24.79672 -24.83562
 -24.75368 -24.75368 -24.75369 -24.75373 -24.75419 -24.75859 -24.79659
 -24.71352 -24.71352 -24.71352 -24.71357 -24.71405 -24.71853 -24.75593
 -24.69453 -24.69453 -24.69454 -24.69459 -24.69508 -24.69947 -24.73500
 -24.71421 -24.71421 -24.71422 -24.71427 -24.71472 -24.71870 -24.75065
 -24.73751 -24.73751 -24.73751 -24.73756 -24.73798 -24.74164 -24.77107
C-------------------------------------------------------------------------------
C                                                                               
C  Low-level line power coefficients  - unfiltered                              
C                                                                               
C                                                                               
C                                                                               
C  CODE     : ADAS810                                                           
C  PRODUCER : Adam Foster                                                       
C  DATE     : 03/06/09                                                          
C                                                                               
C-------------------------------------------------------------------------------
