   18    7   14   11   11     /ARGON              /ADAS810-total           ADF11
 -------------------------------------------------------------------------------
  10.00000  11.00000  12.00000  13.00000  14.00000  15.00000  16.00000
   0.31915   0.49525   0.71710   1.01812   1.31915   1.71710   2.01812   2.19421
   2.31915   2.49525   2.71710   3.01812   3.31915   3.49525
 --------------------/ IGRD= 1  / IPRT= 0  /PLT     / Z1=11   / DATE= 13.05.09
 -30.39833 -30.40155 -30.43007 -30.64353 -31.33222 -32.28415 -33.27903
 -30.02475 -30.02833 -30.05412 -30.25094 -30.91767 -31.86260 -32.83885
 -29.67946 -29.68379 -29.70483 -29.86068 -30.29437 -30.54499 -30.58779
 -27.87414 -27.87472 -27.87883 -27.90468 -27.94437 -27.95501 -27.95740
 -26.62890 -26.62948 -26.63395 -26.65487 -26.67344 -26.67696 -26.67816
 -25.95651 -25.95708 -25.96074 -25.96916 -25.97233 -25.97279 -25.97343
 -25.62683 -25.62698 -25.62736 -25.62786 -25.62797 -25.62802 -25.62835
 -25.40217 -25.40216 -25.40095 -25.39986 -25.39966 -25.39966 -25.39985
 -25.26577 -25.26567 -25.26309 -25.26129 -25.26100 -25.26099 -25.26114
 -25.12918 -25.12905 -25.12407 -25.12138 -25.12099 -25.12096 -25.12110
 -25.03841 -25.03847 -25.02988 -25.02597 -25.02544 -25.02540 -25.02554
 -25.00370 -25.00537 -24.99282 -24.98747 -24.98677 -24.98671 -24.98684
 -25.01750 -25.02266 -25.00772 -25.00111 -25.00023 -25.00015 -25.00026
 -25.03736 -25.04537 -25.02967 -25.02236 -25.02137 -25.02128 -25.02138
C-------------------------------------------------------------------------------
C                                                                               
C  Low-level line power coefficients  - unfiltered                              
C                                                                               
C                                                                               
C                                                                               
C  CODE     : ADAS810                                                           
C  PRODUCER : Adam Foster                                                       
C  DATE     : 13/05/09                                                          
C                                                                               
C-------------------------------------------------------------------------------
