   18    7   14    9    9     /ARGON              /ADAS810-total           ADF11
 -------------------------------------------------------------------------------
  10.00000  11.00000  12.00000  13.00000  14.00000  15.00000  16.00000
   0.14485   0.32096   0.54280   0.84382   1.14485   1.54280   1.84382   2.01991
   2.14485   2.32096   2.54280   2.84382   3.14485   3.32096
 --------------------/ IGRD= 1  / IPRT= 0  /PLT     / Z1= 9   / DATE= 13.05.09
 -74.00000 -74.00000 -74.00000 -74.00000 -74.00000 -74.00000 -74.00000
 -74.00000 -74.00000 -74.00000 -74.00000 -74.00000 -74.00000 -74.00000
 -56.73140 -56.73132 -56.73132 -56.73131 -56.73131 -56.73131 -56.73135
 -41.07911 -41.07911 -41.07911 -41.07911 -41.07911 -41.07916 -41.07959
 -33.03934 -33.03934 -33.03934 -33.03934 -33.03934 -33.03941 -33.04002
 -27.98608 -27.98608 -27.98608 -27.98608 -27.98608 -27.98608 -27.98614
 -26.26533 -26.26533 -26.26533 -26.26533 -26.26532 -26.26531 -26.26516
 -25.69972 -25.69972 -25.69972 -25.69972 -25.69972 -25.69971 -25.69958
 -25.42529 -25.42529 -25.42529 -25.42529 -25.42529 -25.42528 -25.42524
 -25.16441 -25.16441 -25.16441 -25.16441 -25.16441 -25.16442 -25.16455
 -24.97783 -24.97783 -24.97783 -24.97783 -24.97783 -24.97787 -24.97821
 -24.86811 -24.86811 -24.86811 -24.86811 -24.86812 -24.86817 -24.86870
 -24.84342 -24.84342 -24.84342 -24.84342 -24.84343 -24.84349 -24.84405
 -24.85002 -24.85002 -24.85002 -24.85002 -24.85002 -24.85008 -24.85062
C-------------------------------------------------------------------------------
C                                                                               
C  Low-level line power coefficients  - unfiltered                              
C                                                                               
C                                                                               
C                                                                               
C  CODE     : ADAS810                                                           
C  PRODUCER : Adam Foster                                                       
C  DATE     : 13/05/09                                                          
C                                                                               
C-------------------------------------------------------------------------------
