   18    7   14    2    2     /ARGON              /ADAS810-total           ADF11
 -------------------------------------------------------------------------------
  10.00000  11.00000  12.00000  13.00000  14.00000  15.00000  16.00000
  -1.16157  -0.98548  -0.76364  -0.46260  -0.16157   0.23636   0.53740   0.71349
   0.83843   1.01452   1.23636   1.53740   1.83843   2.01452
 --------------------/ IGRD= 1  / IPRT= 0  /PLT     / Z1= 2   / DATE= 13.05.09
 -74.00000 -74.00000 -74.00000 -74.00000 -74.00000 -74.00000 -74.00000
 -74.00000 -74.00000 -74.00000 -74.00000 -74.00000 -74.00000 -74.00000
 -74.00000 -74.00000 -74.00000 -74.00000 -74.00000 -68.38841 -68.61026
 -46.47313 -46.47313 -46.47314 -46.47324 -46.47417 -46.48329 -46.56367
 -35.15763 -35.15763 -35.15764 -35.15777 -35.15875 -35.16708 -35.23929
 -28.27021 -28.27021 -28.27023 -28.27037 -28.27123 -28.27665 -28.32743
 -26.01768 -26.01768 -26.01769 -26.01774 -26.01798 -26.02021 -26.06202
 -25.28964 -25.28964 -25.28965 -25.28966 -25.28974 -25.29374 -25.37416
 -24.93633 -24.93633 -24.93635 -24.93638 -24.93684 -24.94712 -25.09801
 -24.59622 -24.59622 -24.59626 -24.59645 -24.59835 -24.62549 -24.90233
 -24.34449 -24.34450 -24.34457 -24.34508 -24.34965 -24.40348 -24.80482
 -24.18798 -24.18799 -24.18812 -24.18900 -24.19657 -24.27671 -24.76625
 -24.14152 -24.14153 -24.14168 -24.14272 -24.15149 -24.24076 -24.76689
 -24.14351 -24.14353 -24.14367 -24.14472 -24.15349 -24.24190 -24.77356
C-------------------------------------------------------------------------------
C                                                                               
C  Low-level line power coefficients  - unfiltered                              
C                                                                               
C                                                                               
C                                                                               
C  CODE     : ADAS810                                                           
C  PRODUCER : Adam Foster                                                       
C  DATE     : 13/05/09                                                          
C                                                                               
C-------------------------------------------------------------------------------
