   18    7   14   14   14     /ARGON              /ADAS810-total           ADF11
 -------------------------------------------------------------------------------
  10.00000  11.00000  12.00000  13.00000  14.00000  15.00000  16.00000
   0.52862   0.70472   0.92656   1.22760   1.52862   1.92656   2.22760   2.40369
   2.52862   2.70472   2.92656   3.22760   3.52862   3.70472
 --------------------/ IGRD= 1  / IPRT= 0  /PLT     / Z1=14   / DATE= 13.05.09
 -30.70668 -30.70668 -30.70668 -30.70671 -30.70693 -30.70914 -30.73005
 -28.99060 -28.99060 -28.99060 -28.99061 -28.99070 -28.99157 -28.99996
 -27.46045 -27.46045 -27.46045 -27.46046 -27.46052 -27.46117 -27.46743
 -26.27721 -26.27721 -26.27721 -26.27722 -26.27733 -26.27839 -26.28852
 -25.71752 -25.71752 -25.71753 -25.71754 -25.71770 -25.71927 -25.73429
 -25.44950 -25.44950 -25.44950 -25.44952 -25.44970 -25.45150 -25.46855
 -25.34865 -25.34865 -25.34865 -25.34867 -25.34887 -25.35077 -25.36764
 -25.28104 -25.28104 -25.28104 -25.28106 -25.28127 -25.28329 -25.29986
 -25.23612 -25.23612 -25.23612 -25.23614 -25.23636 -25.23844 -25.25452
 -25.18854 -25.18854 -25.18854 -25.18856 -25.18878 -25.19088 -25.20599
 -25.15785 -25.15785 -25.15786 -25.15788 -25.15808 -25.16007 -25.17363
 -25.15218 -25.15218 -25.15219 -25.15220 -25.15238 -25.15409 -25.16564
 -25.17400 -25.17400 -25.17400 -25.17402 -25.17416 -25.17554 -25.18517
 -25.19772 -25.19772 -25.19772 -25.19773 -25.19786 -25.19905 -25.20759
C-------------------------------------------------------------------------------
C                                                                               
C  Low-level line power coefficients  - unfiltered                              
C                                                                               
C                                                                               
C                                                                               
C  CODE     : ADAS810                                                           
C  PRODUCER : Adam Foster                                                       
C  DATE     : 13/05/09                                                          
C                                                                               
C-------------------------------------------------------------------------------
