   18    7   14    7    7     /ARGON              /ADAS810-total           ADF11
 -------------------------------------------------------------------------------
  10.00000  11.00000  12.00000  13.00000  14.00000  15.00000  16.00000
  -0.07344   0.10267   0.32451   0.62554   0.92656   1.32451   1.62554   1.80163
   1.92656   2.10267   2.32451   2.62554   2.92656   3.10267
 --------------------/ IGRD= 1  / IPRT= 0  /PLT     / Z1= 7   / DATE= 13.05.09
 -31.41523 -31.41523 -31.41526 -31.41555 -31.41849 -31.44679 -31.65920
 -28.93816 -28.93816 -28.93818 -28.93842 -28.94082 -28.96413 -29.14665
 -26.99581 -26.99582 -26.99583 -26.99602 -26.99791 -27.01635 -27.16729
 -25.60161 -25.60161 -25.60163 -25.60180 -25.60359 -25.62103 -25.76470
 -24.96335 -24.96335 -24.96338 -24.96365 -24.96635 -24.99233 -25.18235
 -24.62639 -24.62640 -24.62644 -24.62681 -24.63052 -24.66513 -24.87516
 -24.54113 -24.54113 -24.54117 -24.54154 -24.54528 -24.57974 -24.77695
 -24.52387 -24.52387 -24.52391 -24.52428 -24.52794 -24.56106 -24.74889
 -24.51712 -24.51712 -24.51716 -24.51753 -24.52120 -24.55343 -24.73556
 -24.51094 -24.51095 -24.51099 -24.51139 -24.51516 -24.54626 -24.72096
 -24.50983 -24.50984 -24.50988 -24.51031 -24.51429 -24.54400 -24.70945
 -24.52810 -24.52811 -24.52815 -24.52860 -24.53264 -24.56007 -24.71065
 -24.56939 -24.56939 -24.56943 -24.56985 -24.57365 -24.59839 -24.73289
 -24.60266 -24.60267 -24.60271 -24.60310 -24.60665 -24.62966 -24.75409
C-------------------------------------------------------------------------------
C                                                                               
C  Low-level line power coefficients  - unfiltered                              
C                                                                               
C                                                                               
C                                                                               
C  CODE     : ADAS810                                                           
C  PRODUCER : Adam Foster                                                       
C  DATE     : 13/05/09                                                          
C                                                                               
C-------------------------------------------------------------------------------
