   18    7   14   14   14     /ARGON              /ADAS810-total           ADF11
 -------------------------------------------------------------------------------
  10.00000  11.00000  12.00000  13.00000  14.00000  15.00000  16.00000
   0.52862   0.70472   0.92656   1.22760   1.52862   1.92656   2.22760   2.40369
   2.52862   2.70472   2.92656   3.22760   3.52862   3.70472
 --------------------/ IGRD= 1  / IPRT= 0  /PLT     / Z1=14   / DATE= 13.05.09
 -29.01236 -29.03022 -29.17618 -29.73531 -30.42261 -30.69758 -30.75914
 -28.69723 -28.70728 -28.78004 -28.93889 -28.99727 -29.00560 -29.01475
 -27.47824 -27.47750 -27.47317 -27.46748 -27.46620 -27.46670 -27.47296
 -26.28498 -26.28360 -26.28001 -26.27851 -26.27841 -26.27945 -26.28956
 -25.71898 -25.71831 -25.71765 -25.71754 -25.71768 -25.71925 -25.73415
 -25.44874 -25.44945 -25.44987 -25.44996 -25.45015 -25.45197 -25.46904
 -25.34792 -25.34837 -25.34862 -25.34868 -25.34891 -25.35110 -25.36882
 -25.27999 -25.28049 -25.28076 -25.28083 -25.28110 -25.28365 -25.30122
 -25.23512 -25.23558 -25.23583 -25.23590 -25.23620 -25.23892 -25.25584
 -25.18811 -25.18842 -25.18861 -25.18866 -25.18898 -25.19178 -25.20745
 -25.15721 -25.15757 -25.15779 -25.15785 -25.15816 -25.16085 -25.17480
 -25.15154 -25.15195 -25.15224 -25.15231 -25.15258 -25.15491 -25.16674
 -25.17329 -25.17362 -25.17388 -25.17394 -25.17417 -25.17607 -25.18602
 -25.19671 -25.19702 -25.19728 -25.19734 -25.19753 -25.19919 -25.20807
C-------------------------------------------------------------------------------
C                                                                               
C  Low-level line power coefficients  - unfiltered                              
C                                                                               
C                                                                               
C                                                                               
C  CODE     : ADAS810                                                           
C  PRODUCER : Adam Foster                                                       
C  DATE     : 13/05/09                                                          
C                                                                               
C-------------------------------------------------------------------------------
