   18    7   14    1    1     /ARGON              /ADAS810-total           ADF11
 -------------------------------------------------------------------------------
  10.00000  11.00000  12.00000  13.00000  14.00000  15.00000  16.00000
  -1.76364  -1.58754  -1.36569  -1.06466  -0.76364  -0.36569  -0.06466   0.11143
   0.23636   0.41246   0.63431   0.93534   1.23636   1.41246
 --------------------/ IGRD= 1  / IPRT= 0  /PLT     / Z1= 1   / DATE= 13.05.09
 -74.00000 -74.00000 -74.00000 -74.00000 -74.00000 -74.00000 -74.00000
 -74.00000 -74.00000 -74.00000 -74.00000 -74.00000 -74.00000 -74.00000
 -74.00000 -74.00000 -74.00000 -74.00000 -74.00000 -74.00000 -74.00000
 -74.00000 -74.00000 -74.00000 -74.00000 -74.00000 -74.00000 -74.00000
 -54.84898 -54.84898 -54.84898 -54.84899 -54.84911 -54.85028 -54.86182
 -37.47873 -37.47873 -37.47874 -37.47875 -37.47888 -37.48024 -37.49355
 -31.63352 -31.63352 -31.63352 -31.63354 -31.63370 -31.63531 -31.65112
 -29.65546 -29.65546 -29.65546 -29.65548 -29.65566 -29.65749 -29.67542
 -28.65099 -28.65099 -28.65099 -28.65101 -28.65122 -28.65327 -28.67326
 -27.62756 -27.62756 -27.62756 -27.62759 -27.62785 -27.63044 -27.65548
 -26.77871 -26.77871 -26.77872 -26.77876 -26.77914 -26.78293 -26.81868
 -26.09367 -26.09367 -26.09367 -26.09371 -26.09408 -26.09769 -26.12935
 -25.71204 -25.71204 -25.71205 -25.71205 -25.71208 -25.71250 -25.72432
 -25.57929 -25.57929 -25.57929 -25.57928 -25.57912 -25.57792 -25.58366
C-------------------------------------------------------------------------------
C                                                                               
C  Low-level line power coefficients  - unfiltered                              
C                                                                               
C                                                                               
C                                                                               
C  CODE     : ADAS810                                                           
C  PRODUCER : Adam Foster                                                       
C  DATE     : 13/05/09                                                          
C                                                                               
C-------------------------------------------------------------------------------
