   18    7   14   16   16     /ARGON              /ADAS810-total           ADF11
 -------------------------------------------------------------------------------
  10.00000  11.00000  12.00000  13.00000  14.00000  15.00000  16.00000
   0.64461   0.82070   1.04254   1.34359   1.64461   2.04254   2.34359   2.51967
   2.64461   2.82070   3.04254   3.34359   3.64461   3.82070
 --------------------/ IGRD= 1  / IPRT= 0  /PLT     / Z1=16   / DATE= 13.05.09
 -28.33839 -28.33839 -28.33839 -28.33841 -28.33859 -28.34036 -28.35770
 -27.31655 -27.31655 -27.31655 -27.31657 -27.31671 -27.31817 -27.33247
 -26.53219 -26.53219 -26.53219 -26.53221 -26.53233 -26.53359 -26.54601
 -25.99983 -25.99983 -25.99983 -25.99985 -25.99998 -26.00129 -26.01424
 -25.79136 -25.79136 -25.79136 -25.79137 -25.79152 -25.79294 -25.80692
 -25.73189 -25.73189 -25.73189 -25.73190 -25.73203 -25.73333 -25.74613
 -25.69259 -25.69259 -25.69259 -25.69260 -25.69269 -25.69360 -25.70250
 -25.64833 -25.64833 -25.64833 -25.64834 -25.64840 -25.64905 -25.65537
 -25.61807 -25.61807 -25.61807 -25.61808 -25.61813 -25.61862 -25.62347
 -25.58512 -25.58512 -25.58512 -25.58513 -25.58516 -25.58550 -25.58887
 -25.55692 -25.55692 -25.55692 -25.55693 -25.55695 -25.55718 -25.55943
 -25.52942 -25.52942 -25.52942 -25.52943 -25.52944 -25.52960 -25.53119
 -25.52690 -25.52690 -25.52690 -25.52690 -25.52692 -25.52704 -25.52829
 -25.54019 -25.54019 -25.54019 -25.54019 -25.54020 -25.54031 -25.54140
C-------------------------------------------------------------------------------
C                                                                               
C  Low-level line power coefficients  - unfiltered                              
C                                                                               
C                                                                               
C                                                                               
C  CODE     : ADAS810                                                           
C  PRODUCER : Adam Foster                                                       
C  DATE     : 13/05/09                                                          
C                                                                               
C-------------------------------------------------------------------------------
