   18    7   14    8    8     /ARGON              /ADAS810-total           ADF11
 -------------------------------------------------------------------------------
  10.00000  11.00000  12.00000  13.00000  14.00000  15.00000  16.00000
   0.04254   0.21864   0.44048   0.74152   1.04254   1.44048   1.74152   1.91761
   2.04254   2.21864   2.44048   2.74152   3.04254   3.21864
 --------------------/ IGRD= 1  / IPRT= 0  /PLT     / Z1= 8   / DATE= 03.06.09
 -31.00244 -31.00244 -31.00245 -31.00260 -31.00411 -31.01891 -31.14437
 -28.77334 -28.77334 -28.77335 -28.77348 -28.77471 -28.78687 -28.89273
 -27.02945 -27.02946 -27.02946 -27.02956 -27.03053 -27.04007 -27.12545
 -25.78179 -25.78179 -25.78179 -25.78187 -25.78262 -25.79008 -25.85818
 -25.21050 -25.21050 -25.21051 -25.21058 -25.21126 -25.21799 -25.27899
 -24.91212 -24.91212 -24.91212 -24.91218 -24.91278 -24.91868 -24.97135
 -24.83876 -24.83876 -24.83877 -24.83882 -24.83936 -24.84446 -24.88933
 -24.81116 -24.81116 -24.81116 -24.81123 -24.81181 -24.81674 -24.85804
 -24.78727 -24.78727 -24.78728 -24.78735 -24.78804 -24.79313 -24.83277
 -24.75225 -24.75225 -24.75226 -24.75237 -24.75330 -24.75891 -24.79639
 -24.71635 -24.71635 -24.71637 -24.71652 -24.71783 -24.72442 -24.75971
 -24.70210 -24.70211 -24.70213 -24.70232 -24.70397 -24.71166 -24.74366
 -24.72502 -24.72502 -24.72504 -24.72524 -24.72695 -24.73507 -24.76345
 -24.75021 -24.75022 -24.75024 -24.75042 -24.75207 -24.76017 -24.78644
C-------------------------------------------------------------------------------
C                                                                               
C  Low-level line power coefficients  - unfiltered                              
C                                                                               
C                                                                               
C                                                                               
C  CODE     : ADAS810                                                           
C  PRODUCER : Adam Foster                                                       
C  DATE     : 03/06/09                                                          
C                                                                               
C-------------------------------------------------------------------------------
