   18    7   14    5    5     /ARGON              /ADAS810-total           ADF11
 -------------------------------------------------------------------------------
  10.00000  11.00000  12.00000  13.00000  14.00000  15.00000  16.00000
  -0.36569  -0.18960   0.03226   0.33329   0.63431   1.03226   1.33329   1.50938
   1.63431   1.81040   2.03226   2.33329   2.63431   2.81040
 --------------------/ IGRD= 1  / IPRT= 0  /PLT     / Z1= 5   / DATE= 13.05.09
 -30.84858 -31.77332 -32.76479 -33.76392 -34.76383 -35.76380 -36.76371
 -30.33423 -31.24040 -32.22941 -33.22543 -34.19768 -35.00284 -35.52608
 -29.79158 -30.59964 -31.14866 -31.28092 -31.29882 -31.32111 -31.48513
 -28.12265 -28.16714 -28.17355 -28.17434 -28.17563 -28.18770 -28.28888
 -26.33647 -26.33872 -26.33899 -26.33907 -26.33960 -26.34476 -26.38787
 -25.03329 -25.03331 -25.03332 -25.03338 -25.03392 -25.03903 -25.07447
 -24.60127 -24.60149 -24.60155 -24.60174 -24.60344 -24.61682 -24.67730
 -24.47785 -24.47833 -24.47845 -24.47877 -24.48158 -24.50117 -24.57487
 -24.42924 -24.42998 -24.43015 -24.43056 -24.43408 -24.45706 -24.53622
 -24.39847 -24.39973 -24.39997 -24.40048 -24.40464 -24.43033 -24.51193
 -24.39945 -24.40156 -24.40189 -24.40244 -24.40679 -24.43296 -24.51180
 -24.43831 -24.44187 -24.44236 -24.44288 -24.44678 -24.47076 -24.54151
 -24.49898 -24.50437 -24.50504 -24.50551 -24.50871 -24.52936 -24.59136
 -24.54051 -24.54717 -24.54798 -24.54842 -24.55120 -24.56983 -24.62707
C-------------------------------------------------------------------------------
C                                                                               
C  Low-level line power coefficients  - unfiltered                              
C                                                                               
C                                                                               
C                                                                               
C  CODE     : ADAS810                                                           
C  PRODUCER : Adam Foster                                                       
C  DATE     : 13/05/09                                                          
C                                                                               
C-------------------------------------------------------------------------------
