   18    7   14   13   13     /ARGON              /ADAS810-total           ADF11
 -------------------------------------------------------------------------------
  10.00000  11.00000  12.00000  13.00000  14.00000  15.00000  16.00000
   0.46425   0.64035   0.86220   1.16322   1.46425   1.86220   2.16322   2.33931
   2.46425   2.64035   2.86220   3.16322   3.46425   3.64035
 --------------------/ IGRD= 1  / IPRT= 0  /PLT     / Z1=13   / DATE= 13.05.09
 -32.31172 -32.31172 -32.31172 -32.31173 -32.31178 -32.31231 -32.31758
 -29.81990 -29.81990 -29.81990 -29.81991 -29.81995 -29.82039 -29.82474
 -27.87055 -27.87055 -27.87055 -27.87056 -27.87059 -27.87093 -27.87431
 -26.47157 -26.47157 -26.47157 -26.47157 -26.47160 -26.47186 -26.47446
 -25.83686 -25.83686 -25.83686 -25.83687 -25.83689 -25.83715 -25.83970
 -25.53545 -25.53545 -25.53545 -25.53545 -25.53548 -25.53575 -25.53842
 -25.39772 -25.39772 -25.39772 -25.39773 -25.39775 -25.39795 -25.39998
 -25.28899 -25.28899 -25.28899 -25.28899 -25.28901 -25.28916 -25.29066
 -25.21486 -25.21486 -25.21486 -25.21486 -25.21488 -25.21500 -25.21622
 -25.13460 -25.13460 -25.13460 -25.13460 -25.13461 -25.13471 -25.13567
 -25.07736 -25.07736 -25.07736 -25.07736 -25.07737 -25.07744 -25.07820
 -25.05959 -25.05959 -25.05959 -25.05959 -25.05959 -25.05965 -25.06024
 -25.08274 -25.08274 -25.08274 -25.08274 -25.08274 -25.08279 -25.08324
 -25.10871 -25.10871 -25.10871 -25.10871 -25.10872 -25.10876 -25.10914
C-------------------------------------------------------------------------------
C                                                                               
C  Low-level line power coefficients  - unfiltered                              
C                                                                               
C                                                                               
C                                                                               
C  CODE     : ADAS810                                                           
C  PRODUCER : Adam Foster                                                       
C  DATE     : 13/05/09                                                          
C                                                                               
C-------------------------------------------------------------------------------
