   18    7   14   18   18     /ARGON              /ADAS810-total           ADF11
 -------------------------------------------------------------------------------
  10.00000  11.00000  12.00000  13.00000  14.00000  15.00000  16.00000
   0.74691   0.92301   1.14485   1.44588   1.74691   2.14485   2.44588   2.62198
   2.74691   2.92301   3.14485   3.44588   3.74691   3.92301
 --------------------/ IGRD= 1  / IPRT= 0  /PLT     / Z1=18   / DATE= 13.05.09
 -74.00000 -74.00000 -74.00000 -74.00000 -74.00000 -74.00000 -74.00000
 -74.00000 -74.00000 -74.00000 -74.00000 -74.00000 -74.00000 -74.00000
 -74.00000 -74.00000 -74.00000 -74.00000 -74.00000 -74.00000 -74.00000
 -74.00000 -74.00000 -74.00000 -74.00000 -74.00000 -74.00000 -74.00000
 -51.14055 -51.14055 -51.14055 -51.14055 -51.14055 -51.14055 -51.14055
 -35.83331 -35.83331 -35.83331 -35.83331 -35.83331 -35.83331 -35.83331
 -30.80186 -30.80186 -30.80186 -30.80186 -30.80186 -30.80186 -30.80186
 -29.14582 -29.14582 -29.14582 -29.14582 -29.14582 -29.14582 -29.14582
 -28.33014 -28.33014 -28.33014 -28.33014 -28.33014 -28.33014 -28.33014
 -27.52927 -27.52927 -27.52927 -27.52927 -27.52927 -27.52927 -27.52927
 -26.91449 -26.91449 -26.91449 -26.91449 -26.91449 -26.91449 -26.91449
 -26.49742 -26.49742 -26.49742 -26.49742 -26.49742 -26.49742 -26.49742
 -26.33078 -26.33078 -26.33078 -26.33078 -26.33078 -26.33078 -26.33078
 -26.29243 -26.29243 -26.29243 -26.29243 -26.29243 -26.29243 -26.29243
C-------------------------------------------------------------------------------
C                                                                               
C  Low-level line power coefficients  - unfiltered                              
C                                                                               
C                                                                               
C                                                                               
C  CODE     : ADAS810                                                           
C  PRODUCER : Adam Foster                                                       
C  DATE     : 13/05/09                                                          
C                                                                               
C-------------------------------------------------------------------------------
