   18    7   14    2    2     /ARGON              /ADAS810-total           ADF11
 -------------------------------------------------------------------------------
  10.00000  11.00000  12.00000  13.00000  14.00000  15.00000  16.00000
  -1.16157  -0.98548  -0.76364  -0.46260  -0.16157   0.23636   0.53740   0.71349
   0.83843   1.01452   1.23636   1.53740   1.83843   2.01452
 --------------------/ IGRD= 1  / IPRT= 0  /PLT     / Z1= 2   / DATE= 13.05.09
 -74.00000 -74.00000 -74.00000 -74.00000 -74.00000 -74.00000 -74.00000
 -74.00000 -74.00000 -74.00000 -74.00000 -74.00000 -74.00000 -74.00000
 -74.00000 -74.00000 -74.00000 -74.00000 -74.00000 -68.38841 -68.61026
 -46.47313 -46.47313 -46.47314 -46.47324 -46.47417 -46.48329 -46.56367
 -35.15763 -35.15763 -35.15764 -35.15777 -35.15875 -35.16708 -35.23929
 -28.27021 -28.27021 -28.27023 -28.27037 -28.27123 -28.27665 -28.32745
 -26.01768 -26.01768 -26.01769 -26.01775 -26.01800 -26.02048 -26.06439
 -25.28964 -25.28964 -25.28965 -25.28967 -25.28989 -25.29520 -25.38700
 -24.93633 -24.93633 -24.93635 -24.93641 -24.93717 -24.95043 -25.12633
 -24.59622 -24.59622 -24.59626 -24.59652 -24.59907 -24.63266 -24.96009
 -24.34449 -24.34450 -24.34459 -24.34521 -24.35092 -24.41592 -24.89655
 -24.18795 -24.18797 -24.18811 -24.18915 -24.19833 -24.29366 -24.87842
 -24.14152 -24.14154 -24.14170 -24.14292 -24.15346 -24.25885 -24.87592
 -24.14351 -24.14353 -24.14369 -24.14491 -24.15545 -24.25977 -24.87659
C-------------------------------------------------------------------------------
C                                                                               
C  Low-level line power coefficients  - unfiltered                              
C                                                                               
C                                                                               
C                                                                               
C  CODE     : ADAS810                                                           
C  PRODUCER : Adam Foster                                                       
C  DATE     : 13/05/09                                                          
C                                                                               
C-------------------------------------------------------------------------------
