   18    7   14    1    1     /ARGON              /ADAS810-total           ADF11
 -------------------------------------------------------------------------------
  10.00000  11.00000  12.00000  13.00000  14.00000  15.00000  16.00000
  -1.76364  -1.58754  -1.36569  -1.06466  -0.76364  -0.36569  -0.06466   0.11143
   0.23636   0.41246   0.63431   0.93534   1.23636   1.41246
 --------------------/ IGRD= 1  / IPRT= 0  /PLT     / Z1= 1   / DATE= 13.05.09
 -74.00000 -74.00000 -74.00000 -74.00000 -74.00000 -74.00000 -74.00000
 -74.00000 -74.00000 -74.00000 -74.00000 -74.00000 -74.00000 -74.00000
 -74.00000 -74.00000 -74.00000 -74.00000 -74.00000 -74.00000 -74.00000
 -74.00000 -74.00000 -74.00000 -74.00000 -74.00000 -74.00000 -74.00000
 -55.18473 -55.18473 -55.18473 -55.18474 -55.18484 -55.18578 -55.19507
 -37.65983 -37.65983 -37.65983 -37.65984 -37.65995 -37.66109 -37.67234
 -31.74670 -31.74670 -31.74670 -31.74672 -31.74686 -31.74827 -31.76211
 -29.74288 -29.74288 -29.74288 -29.74290 -29.74306 -29.74469 -29.76067
 -28.72547 -28.72547 -28.72547 -28.72549 -28.72568 -28.72752 -28.74549
 -27.68738 -27.68739 -27.68739 -27.68741 -27.68765 -27.69000 -27.71286
 -26.82474 -26.82474 -26.82475 -26.82478 -26.82514 -26.82867 -26.86179
 -26.12737 -26.12737 -26.12737 -26.12741 -26.12777 -26.13105 -26.15859
 -25.73512 -25.73512 -25.73513 -25.73514 -25.73524 -25.73554 -25.74202
 -25.59550 -25.59550 -25.59550 -25.59551 -25.59554 -25.59488 -25.59679
C-------------------------------------------------------------------------------
C                                                                               
C  Low-level line power coefficients  - unfiltered                              
C                                                                               
C                                                                               
C                                                                               
C  CODE     : ADAS810                                                           
C  PRODUCER : Adam Foster                                                       
C  DATE     : 13/05/09                                                          
C                                                                               
C-------------------------------------------------------------------------------
