   18    7   14   10   10     /ARGON              /ADAS810-total           ADF11
 -------------------------------------------------------------------------------
  10.00000  11.00000  12.00000  13.00000  14.00000  15.00000  16.00000
   0.23636   0.41246   0.63431   0.93534   1.23636   1.63431   1.93534   2.11143
   2.23636   2.41246   2.63431   2.93534   3.23636   3.41246
 --------------------/ IGRD= 1  / IPRT= 0  /PLT     / Z1=10   / DATE= 13.05.09
 -44.19124 -44.19124 -44.19124 -44.19124 -44.19126 -44.19144 -44.19330
 -37.84707 -37.84707 -37.84707 -37.84707 -37.84709 -37.84724 -37.84876
 -32.81258 -32.81258 -32.81258 -32.81258 -32.81259 -32.81271 -32.81389
 -29.09968 -29.09968 -29.09968 -29.09968 -29.09969 -29.09978 -29.10061
 -27.31649 -27.31649 -27.31649 -27.31649 -27.31650 -27.31656 -27.31716
 -26.32504 -26.32504 -26.32504 -26.32504 -26.32504 -26.32508 -26.32547
 -25.81383 -25.81383 -25.81383 -25.81383 -25.81383 -25.81383 -25.81391
 -25.49485 -25.49485 -25.49485 -25.49485 -25.49485 -25.49485 -25.49484
 -25.31043 -25.31043 -25.31043 -25.31043 -25.31043 -25.31043 -25.31045
 -25.12125 -25.12125 -25.12125 -25.12125 -25.12125 -25.12126 -25.12140
 -24.98155 -24.98155 -24.98155 -24.98155 -24.98155 -24.98158 -24.98187
 -24.90250 -24.90250 -24.90250 -24.90250 -24.90251 -24.90255 -24.90296
 -24.89291 -24.89291 -24.89291 -24.89291 -24.89291 -24.89296 -24.89338
 -24.90506 -24.90506 -24.90506 -24.90506 -24.90506 -24.90510 -24.90552
C-------------------------------------------------------------------------------
C                                                                               
C  Low-level line power coefficients  - unfiltered                              
C                                                                               
C                                                                               
C                                                                               
C  CODE     : ADAS810                                                           
C  PRODUCER : Adam Foster                                                       
C  DATE     : 13/05/09                                                          
C                                                                               
C-------------------------------------------------------------------------------
