   18    7   14   15   15     /ARGON              /ADAS810-total           ADF11
 -------------------------------------------------------------------------------
  10.00000  11.00000  12.00000  13.00000  14.00000  15.00000  16.00000
   0.58855   0.76465   0.98649   1.28753   1.58855   1.98649   2.28753   2.46361
   2.58855   2.76465   2.98649   3.28753   3.58855   3.76465
 --------------------/ IGRD= 1  / IPRT= 0  /PLT     / Z1=15   / DATE= 13.05.09
 -30.00322 -30.00322 -30.00322 -30.00325 -30.00346 -30.00556 -30.02540
 -28.42059 -28.42059 -28.42060 -28.42060 -28.42068 -28.42145 -28.42881
 -27.04737 -27.04737 -27.04737 -27.04738 -27.04748 -27.04842 -27.05728
 -26.05839 -26.05840 -26.05844 -26.05847 -26.05871 -26.06102 -26.08182
 -25.62610 -25.62616 -25.62625 -25.62630 -25.62667 -25.63030 -25.66184
 -25.44079 -25.44092 -25.44104 -25.44110 -25.44152 -25.44561 -25.48056
 -25.37651 -25.37667 -25.37681 -25.37688 -25.37724 -25.38083 -25.41114
 -25.32872 -25.32890 -25.32906 -25.32912 -25.32945 -25.33261 -25.35895
 -25.29723 -25.29742 -25.29760 -25.29766 -25.29796 -25.30082 -25.32451
 -25.26734 -25.26755 -25.26777 -25.26783 -25.26810 -25.27060 -25.29111
 -25.25632 -25.25655 -25.25681 -25.25688 -25.25710 -25.25921 -25.27643
 -25.28125 -25.28150 -25.28181 -25.28190 -25.28208 -25.28373 -25.29733
 -25.33420 -25.33444 -25.33481 -25.33492 -25.33506 -25.33632 -25.34704
 -25.37507 -25.37531 -25.37570 -25.37582 -25.37595 -25.37702 -25.38626
C-------------------------------------------------------------------------------
C                                                                               
C  Low-level line power coefficients  - unfiltered                              
C                                                                               
C                                                                               
C                                                                               
C  CODE     : ADAS810                                                           
C  PRODUCER : Adam Foster                                                       
C  DATE     : 13/05/09                                                          
C                                                                               
C-------------------------------------------------------------------------------
