   18    7   14   10   10     /ARGON              /ADAS810-total           ADF11
 -------------------------------------------------------------------------------
  10.00000  11.00000  12.00000  13.00000  14.00000  15.00000  16.00000
   0.23636   0.41246   0.63431   0.93534   1.23636   1.63431   1.93534   2.11143
   2.23636   2.41246   2.63431   2.93534   3.23636   3.41246
 --------------------/ IGRD= 1  / IPRT= 0  /PLT     / Z1=10   / DATE= 13.05.09
 -29.39633 -29.43452 -29.69974 -30.44562 -31.40963 -32.40586 -33.40549
 -29.25685 -29.29406 -29.55440 -30.29546 -31.25853 -32.25465 -33.25426
 -29.13514 -29.17304 -29.43675 -30.18042 -31.13605 -32.05851 -32.65042
 -28.77731 -28.80008 -28.92743 -29.08585 -29.12295 -29.12726 -29.12855
 -27.35784 -27.35762 -27.35680 -27.35628 -27.35620 -27.35626 -27.35688
 -26.37424 -26.37345 -26.37213 -26.37176 -26.37172 -26.37175 -26.37216
 -25.84880 -25.84863 -25.84843 -25.84838 -25.84838 -25.84839 -25.84851
 -25.52162 -25.52096 -25.52024 -25.52011 -25.52009 -25.52009 -25.52012
 -25.33729 -25.33558 -25.33390 -25.33360 -25.33357 -25.33357 -25.33361
 -25.15984 -25.15571 -25.15206 -25.15145 -25.15139 -25.15139 -25.15150
 -25.04515 -25.03756 -25.03111 -25.03008 -25.02997 -25.02998 -25.03018
 -24.99915 -24.98871 -24.97893 -24.97738 -24.97721 -24.97722 -24.97749
 -25.00968 -24.99978 -24.98750 -24.98548 -24.98527 -24.98527 -24.98554
 -25.02794 -25.01982 -25.00640 -25.00412 -25.00388 -25.00388 -25.00413
C-------------------------------------------------------------------------------
C                                                                               
C  Low-level line power coefficients  - unfiltered                              
C                                                                               
C                                                                               
C                                                                               
C  CODE     : ADAS810                                                           
C  PRODUCER : Adam Foster                                                       
C  DATE     : 13/05/09                                                          
C                                                                               
C-------------------------------------------------------------------------------
