   18    7   14   13   13     /ARGON              /ADAS810-total           ADF11
 -------------------------------------------------------------------------------
  10.00000  11.00000  12.00000  13.00000  14.00000  15.00000  16.00000
   0.46425   0.64035   0.86220   1.16322   1.46425   1.86220   2.16322   2.33931
   2.46425   2.64035   2.86220   3.16322   3.46425   3.64035
 --------------------/ IGRD= 1  / IPRT= 0  /PLT     / Z1=13   / DATE= 13.05.09
 -30.18126 -30.18421 -30.19954 -30.32421 -30.85282 -31.61185 -32.02260
 -29.60573 -29.60932 -29.61862 -29.68317 -29.87688 -29.97803 -29.99959
 -28.05038 -28.05094 -28.05302 -28.06713 -28.09963 -28.11223 -28.11764
 -26.61815 -26.61848 -26.62097 -26.63434 -26.64957 -26.65318 -26.65696
 -25.92080 -25.92116 -25.92384 -25.93130 -25.93475 -25.93563 -25.93976
 -25.55983 -25.55983 -25.55984 -25.55985 -25.55990 -25.56036 -25.56484
 -25.39928 -25.39903 -25.39767 -25.39592 -25.39555 -25.39590 -25.39949
 -25.28538 -25.28508 -25.28353 -25.28180 -25.28147 -25.28176 -25.28465
 -25.20984 -25.20953 -25.20805 -25.20656 -25.20629 -25.20657 -25.20906
 -25.12799 -25.12770 -25.12640 -25.12522 -25.12503 -25.12529 -25.12737
 -25.06965 -25.06939 -25.06833 -25.06742 -25.06728 -25.06752 -25.06924
 -25.05133 -25.05112 -25.05024 -25.04948 -25.04936 -25.04955 -25.05092
 -25.07496 -25.07478 -25.07400 -25.07327 -25.07315 -25.07329 -25.07438
 -25.10015 -25.09999 -25.09928 -25.09858 -25.09845 -25.09857 -25.09952
C-------------------------------------------------------------------------------
C                                                                               
C  Low-level line power coefficients  - unfiltered                              
C                                                                               
C                                                                               
C                                                                               
C  CODE     : ADAS810                                                           
C  PRODUCER : Adam Foster                                                       
C  DATE     : 13/05/09                                                          
C                                                                               
C-------------------------------------------------------------------------------
