   18    7   14   12   12     /ARGON              /ADAS810-total           ADF11
 -------------------------------------------------------------------------------
  10.00000  11.00000  12.00000  13.00000  14.00000  15.00000  16.00000
   0.39473   0.57082   0.79267   1.09370   1.39473   1.79267   2.09370   2.26979
   2.39473   2.57082   2.79267   3.09370   3.39473   3.57082
 --------------------/ IGRD= 1  / IPRT= 0  /PLT     / Z1=12   / DATE= 02.06.09
 -30.93475 -30.92594 -30.88316 -30.94441 -31.48834 -32.40060 -33.36940
 -30.34676 -30.32465 -30.23322 -30.22345 -30.57903 -31.16347 -31.40293
 -28.80483 -28.80226 -28.79352 -28.80154 -28.87568 -28.95255 -28.97063
 -26.98952 -26.99043 -26.99396 -27.00754 -27.06767 -27.12261 -27.13475
 -26.13501 -26.13623 -26.13968 -26.15528 -26.19508 -26.21218 -26.21585
 -25.70204 -25.70240 -25.70342 -25.70833 -25.71469 -25.71631 -25.71768
 -25.49017 -25.48969 -25.48835 -25.48376 -25.48061 -25.48017 -25.48088
 -25.32962 -25.32862 -25.32607 -25.31997 -25.31724 -25.31692 -25.31737
 -25.22377 -25.22255 -25.21969 -25.21423 -25.21228 -25.21208 -25.21243
 -25.10872 -25.10735 -25.10447 -25.10016 -25.09890 -25.09879 -25.09908
 -25.02352 -25.02218 -25.01967 -25.01649 -25.01567 -25.01561 -25.01588
 -24.98338 -24.98221 -24.98024 -24.97792 -24.97735 -24.97731 -24.97756
 -24.99464 -24.99358 -24.99189 -24.98987 -24.98936 -24.98932 -24.98954
 -25.01547 -25.01438 -25.01271 -25.01068 -25.01014 -25.01009 -25.01028
C-------------------------------------------------------------------------------
C                                                                               
C  Low-level line power coefficients  - unfiltered                              
C                                                                               
C                                                                               
C                                                                               
C  CODE     : ADAS810                                                           
C  PRODUCER : Adam Foster                                                       
C  DATE     : 02/06/09                                                          
C                                                                               
C-------------------------------------------------------------------------------
