   18    7   14    4    4     /ARGON              /ADAS810-total           ADF11
 -------------------------------------------------------------------------------
  10.00000  11.00000  12.00000  13.00000  14.00000  15.00000  16.00000
  -0.55952  -0.38342  -0.16157   0.13947   0.44048   0.83843   1.13947   1.31555
   1.44048   1.61658   1.83843   2.13947   2.44048   2.61658
 --------------------/ IGRD= 1  / IPRT= 0  /PLT     / Z1= 4   / DATE= 13.05.09
 -51.48027 -51.48027 -51.48030 -51.48056 -51.48321 -51.50886 -51.70568
 -42.30733 -42.30733 -42.30735 -42.30757 -42.30973 -42.33081 -42.49921
 -35.00903 -35.00903 -35.00905 -35.00922 -35.01090 -35.02734 -35.16453
 -29.58517 -29.58517 -29.58518 -29.58530 -29.58646 -29.59791 -29.69791
 -26.85586 -26.85586 -26.85587 -26.85594 -26.85666 -26.86375 -26.92779
 -25.16854 -25.16854 -25.16855 -25.16859 -25.16899 -25.17304 -25.21079
 -24.60841 -24.60841 -24.60842 -24.60846 -24.60893 -24.61359 -24.65981
 -24.43204 -24.43204 -24.43205 -24.43211 -24.43272 -24.43874 -24.49939
 -24.35048 -24.35048 -24.35049 -24.35056 -24.35129 -24.35841 -24.43000
 -24.28051 -24.28051 -24.28051 -24.28060 -24.28147 -24.28992 -24.37392
 -24.24387 -24.24388 -24.24389 -24.24399 -24.24495 -24.25433 -24.34629
 -24.24967 -24.24967 -24.24968 -24.24978 -24.25075 -24.26008 -24.35103
 -24.29375 -24.29375 -24.29376 -24.29385 -24.29471 -24.30307 -24.38481
 -24.32960 -24.32960 -24.32961 -24.32969 -24.33047 -24.33810 -24.41295
C-------------------------------------------------------------------------------
C                                                                               
C  Low-level line power coefficients  - unfiltered                              
C                                                                               
C                                                                               
C                                                                               
C  CODE     : ADAS810                                                           
C  PRODUCER : Adam Foster                                                       
C  DATE     : 13/05/09                                                          
C                                                                               
C-------------------------------------------------------------------------------
