   18    7   14   17   17     /ARGON              /ADAS810-total           ADF11
 -------------------------------------------------------------------------------
  10.00000  11.00000  12.00000  13.00000  14.00000  15.00000  16.00000
   0.69726   0.87336   1.09520   1.39623   1.69726   2.09520   2.39623   2.57233
   2.69726   2.87336   3.09520   3.39623   3.69726   3.87336
 --------------------/ IGRD= 1  / IPRT= 0  /PLT     / Z1=17   / DATE= 13.05.09
 -74.00000 -74.00000 -74.00000 -74.00000 -74.00000 -74.00000 -74.00000
 -74.00000 -74.00000 -74.00000 -74.00000 -74.00000 -74.00000 -74.00000
 -74.00000 -74.00000 -74.00000 -74.00000 -74.00000 -74.00000 -74.00000
 -74.00000 -74.00000 -74.00000 -74.00000 -74.00000 -74.00000 -74.00000
 -52.35606 -52.35609 -52.35609 -52.35609 -52.35609 -52.35609 -52.35609
 -36.13662 -36.13662 -36.13662 -36.13662 -36.13662 -36.13662 -36.13662
 -30.80065 -30.80065 -30.80065 -30.80065 -30.80065 -30.80065 -30.80065
 -29.04351 -29.04351 -29.04351 -29.04351 -29.04351 -29.04351 -29.04351
 -28.17510 -28.17510 -28.17510 -28.17510 -28.17510 -28.17510 -28.17510
 -27.32211 -27.32211 -27.32211 -27.32211 -27.32211 -27.32211 -27.32211
 -26.66739 -26.66739 -26.66739 -26.66739 -26.66739 -26.66739 -26.66739
 -26.22101 -26.22101 -26.22101 -26.22101 -26.22101 -26.22101 -26.22101
 -26.04086 -26.04086 -26.04086 -26.04086 -26.04086 -26.04086 -26.04086
 -25.99908 -25.99908 -25.99908 -25.99908 -25.99908 -25.99908 -25.99908
C-------------------------------------------------------------------------------
C                                                                               
C  Low-level line power coefficients  - unfiltered                              
C                                                                               
C                                                                               
C                                                                               
C  CODE     : ADAS810                                                           
C  PRODUCER : Adam Foster                                                       
C  DATE     : 13/05/09                                                          
C                                                                               
C-------------------------------------------------------------------------------
