   18    7   14    6    6     /ARGON              /ADAS810-total           ADF11
 -------------------------------------------------------------------------------
  10.00000  11.00000  12.00000  13.00000  14.00000  15.00000  16.00000
  -0.20733  -0.03124   0.19061   0.49164   0.79267   1.19061   1.49164   1.66773
   1.79267   1.96876   2.19061   2.49164   2.79267   2.96876
 --------------------/ IGRD= 1  / IPRT= 0  /PLT     / Z1= 6   / DATE= 13.05.09
 -30.83258 -31.83183 -32.83144 -33.82823 -34.79771 -35.58819 -36.10107
 -30.79664 -31.69467 -32.20594 -32.31661 -32.33158 -32.35423 -32.52074
 -29.32970 -29.34335 -29.34476 -29.34504 -29.34653 -29.36089 -29.48046
 -26.93574 -26.93579 -26.93580 -26.93588 -26.93670 -26.94462 -27.01141
 -25.60421 -25.60421 -25.60422 -25.60435 -25.60556 -25.61592 -25.67722
 -24.78929 -24.78930 -24.78943 -24.79057 -24.79882 -24.83004 -24.89907
 -24.53849 -24.53852 -24.53884 -24.54141 -24.55773 -24.59788 -24.67232
 -24.46953 -24.46958 -24.46998 -24.47322 -24.49279 -24.53548 -24.61223
 -24.44418 -24.44423 -24.44467 -24.44819 -24.46901 -24.51241 -24.58963
 -24.43174 -24.43178 -24.43224 -24.43592 -24.45734 -24.50094 -24.57772
 -24.44265 -24.44269 -24.44313 -24.44664 -24.46723 -24.50970 -24.58418
 -24.48842 -24.48846 -24.48883 -24.49181 -24.50975 -24.54928 -24.61868
 -24.55551 -24.55554 -24.55583 -24.55821 -24.57305 -24.60898 -24.67210
 -24.60098 -24.60101 -24.60126 -24.60331 -24.61643 -24.65026 -24.70962
C-------------------------------------------------------------------------------
C                                                                               
C  Low-level line power coefficients  - unfiltered                              
C                                                                               
C                                                                               
C                                                                               
C  CODE     : ADAS810                                                           
C  PRODUCER : Adam Foster                                                       
C  DATE     : 13/05/09                                                          
C                                                                               
C-------------------------------------------------------------------------------
