   18    7   14   12   12     /ARGON              /ADAS810-total           ADF11
 -------------------------------------------------------------------------------
  10.00000  11.00000  12.00000  13.00000  14.00000  15.00000  16.00000
   0.39473   0.57082   0.79267   1.09370   1.39473   1.79267   2.09370   2.26979
   2.39473   2.57082   2.79267   3.09370   3.39473   3.57082
 --------------------/ IGRD= 1  / IPRT= 0  /PLT     / Z1=12   / DATE= 02.06.09
 -30.93167 -30.89338 -30.85787 -30.95740 -31.49035 -32.39672 -33.36397
 -30.33037 -30.26255 -30.20696 -30.23034 -30.58139 -31.15935 -31.39446
 -28.80075 -28.79480 -28.79041 -28.80029 -28.87378 -28.95030 -28.96835
 -26.98889 -26.99034 -26.99303 -27.00694 -27.06731 -27.12189 -27.13392
 -26.13563 -26.13679 -26.13987 -26.15583 -26.19555 -26.21237 -26.21600
 -25.70168 -25.70197 -25.70300 -25.70798 -25.71439 -25.71600 -25.71737
 -25.49636 -25.49632 -25.49458 -25.48813 -25.48333 -25.48259 -25.48325
 -25.35612 -25.35677 -25.35123 -25.33588 -25.32807 -25.32699 -25.32724
 -25.27745 -25.27925 -25.26870 -25.24441 -25.23436 -25.23303 -25.23299
 -25.21369 -25.21792 -25.19717 -25.15751 -25.14378 -25.14203 -25.14160
 -25.19367 -25.20275 -25.16894 -25.11109 -25.09289 -25.09060 -25.08977
 -25.21575 -25.23578 -25.19102 -25.11526 -25.09164 -25.08867 -25.08756
 -25.25316 -25.28932 -25.24175 -25.15491 -25.12613 -25.12248 -25.12131
 -25.27689 -25.32459 -25.27813 -25.18707 -25.15521 -25.15111 -25.14996
C-------------------------------------------------------------------------------
C                                                                               
C  Low-level line power coefficients  - unfiltered                              
C                                                                               
C                                                                               
C                                                                               
C  CODE     : ADAS810                                                           
C  PRODUCER : Adam Foster                                                       
C  DATE     : 02/06/09                                                          
C                                                                               
C-------------------------------------------------------------------------------
