   18    7   14   16   16     /ARGON              /ADAS810-total           ADF11
 -------------------------------------------------------------------------------
  10.00000  11.00000  12.00000  13.00000  14.00000  15.00000  16.00000
   0.64461   0.82070   1.04254   1.34359   1.64461   2.04254   2.34359   2.51967
   2.64461   2.82070   3.04254   3.34359   3.64461   3.82070
 --------------------/ IGRD= 1  / IPRT= 0  /PLT     / Z1=16   / DATE= 13.05.09
 -28.35690 -28.35690 -28.35690 -28.35692 -28.35709 -28.35877 -28.37523
 -27.32290 -27.32290 -27.32290 -27.32291 -27.32305 -27.32446 -27.33825
 -26.53349 -26.53349 -26.53349 -26.53351 -26.53363 -26.53486 -26.54696
 -25.99883 -25.99883 -25.99883 -25.99885 -25.99898 -26.00027 -26.01299
 -25.78848 -25.78848 -25.78849 -25.78850 -25.78864 -25.79005 -25.80389
 -25.72970 -25.72970 -25.72970 -25.72972 -25.72984 -25.73113 -25.74381
 -25.69291 -25.69291 -25.69291 -25.69292 -25.69301 -25.69391 -25.70268
 -25.64750 -25.64750 -25.64750 -25.64751 -25.64757 -25.64821 -25.65448
 -25.61820 -25.61820 -25.61820 -25.61821 -25.61826 -25.61874 -25.62354
 -25.58504 -25.58504 -25.58504 -25.58504 -25.58508 -25.58542 -25.58875
 -25.55717 -25.55717 -25.55717 -25.55717 -25.55719 -25.55742 -25.55964
 -25.52962 -25.52962 -25.52962 -25.52962 -25.52964 -25.52980 -25.53137
 -25.52808 -25.52808 -25.52808 -25.52808 -25.52809 -25.52822 -25.52945
 -25.54178 -25.54178 -25.54178 -25.54178 -25.54179 -25.54190 -25.54298
C-------------------------------------------------------------------------------
C                                                                               
C  Low-level line power coefficients  - unfiltered                              
C                                                                               
C                                                                               
C                                                                               
C  CODE     : ADAS810                                                           
C  PRODUCER : Adam Foster                                                       
C  DATE     : 13/05/09                                                          
C                                                                               
C-------------------------------------------------------------------------------
