   18    7   14    9    9     /ARGON              /ADAS810-total           ADF11
 -------------------------------------------------------------------------------
  10.00000  11.00000  12.00000  13.00000  14.00000  15.00000  16.00000
   0.14485   0.32096   0.54280   0.84382   1.14485   1.54280   1.84382   2.01991
   2.14485   2.32096   2.54280   2.84382   3.14485   3.32096
 --------------------/ IGRD= 1  / IPRT= 0  /PLT     / Z1= 9   / DATE= 13.05.09
 -74.00000 -74.00000 -74.00000 -74.00000 -74.00000 -74.00000 -74.00000
 -74.00000 -74.00000 -74.00000 -74.00000 -74.00000 -74.00000 -74.00000
 -56.74365 -56.74363 -56.74363 -56.74362 -56.74362 -56.74363 -56.74373
 -41.07958 -41.07958 -41.07958 -41.07958 -41.07959 -41.07968 -41.08051
 -33.03503 -33.03503 -33.03503 -33.03503 -33.03504 -33.03514 -33.03609
 -27.98282 -27.98282 -27.98282 -27.98282 -27.98282 -27.98282 -27.98288
 -26.26267 -26.26267 -26.26267 -26.26267 -26.26267 -26.26263 -26.26237
 -25.69743 -25.69743 -25.69743 -25.69743 -25.69743 -25.69740 -25.69717
 -25.42338 -25.42338 -25.42338 -25.42338 -25.42338 -25.42336 -25.42326
 -25.16327 -25.16327 -25.16327 -25.16327 -25.16327 -25.16329 -25.16344
 -24.97773 -24.97773 -24.97773 -24.97773 -24.97773 -24.97778 -24.97826
 -24.86934 -24.86934 -24.86934 -24.86934 -24.86935 -24.86943 -24.87017
 -24.84559 -24.84559 -24.84559 -24.84559 -24.84560 -24.84568 -24.84647
 -24.85258 -24.85258 -24.85258 -24.85258 -24.85259 -24.85267 -24.85342
C-------------------------------------------------------------------------------
C                                                                               
C  Low-level line power coefficients  - unfiltered                              
C                                                                               
C                                                                               
C                                                                               
C  CODE     : ADAS810                                                           
C  PRODUCER : Adam Foster                                                       
C  DATE     : 13/05/09                                                          
C                                                                               
C-------------------------------------------------------------------------------
