   18    7   14    9    9     /ARGON              /ADAS810-total           ADF11
 -------------------------------------------------------------------------------
  10.00000  11.00000  12.00000  13.00000  14.00000  15.00000  16.00000
   0.14485   0.32096   0.54280   0.84382   1.14485   1.54280   1.84382   2.01991
   2.14485   2.32096   2.54280   2.84382   3.14485   3.32096
 --------------------/ IGRD= 1  / IPRT= 0  /PLT     / Z1= 9   / DATE= 13.05.09
 -74.00000 -74.00000 -74.00000 -74.00000 -74.00000 -74.00000 -74.00000
 -74.00000 -74.00000 -74.00000 -74.00000 -74.00000 -74.00000 -74.00000
 -56.76418 -56.76414 -56.76413 -56.76413 -56.76413 -56.76416 -56.76435
 -41.04830 -41.04830 -41.04830 -41.04830 -41.04832 -41.04845 -41.04957
 -32.95131 -32.95131 -32.95131 -32.95131 -32.95132 -32.95140 -32.95217
 -27.94153 -27.94153 -27.94153 -27.94153 -27.94153 -27.94152 -27.94138
 -26.25217 -26.25217 -26.25217 -26.25217 -26.25217 -26.25214 -26.25185
 -25.69862 -25.69862 -25.69862 -25.69862 -25.69862 -25.69860 -25.69841
 -25.43028 -25.43028 -25.43028 -25.43028 -25.43028 -25.43027 -25.43024
 -25.17615 -25.17615 -25.17615 -25.17615 -25.17615 -25.17618 -25.17641
 -24.99426 -24.99426 -24.99426 -24.99426 -24.99427 -24.99432 -24.99487
 -24.88887 -24.88887 -24.88887 -24.88887 -24.88888 -24.88896 -24.88974
 -24.86625 -24.86625 -24.86625 -24.86625 -24.86626 -24.86635 -24.86718
 -24.87371 -24.87371 -24.87371 -24.87371 -24.87372 -24.87381 -24.87461
C-------------------------------------------------------------------------------
C                                                                               
C  Low-level line power coefficients  - unfiltered                              
C                                                                               
C                                                                               
C                                                                               
C  CODE     : ADAS810                                                           
C  PRODUCER : Adam Foster                                                       
C  DATE     : 13/05/09                                                          
C                                                                               
C-------------------------------------------------------------------------------
