   18    7   14    8    8     /ARGON              /ADAS810-total           ADF11
 -------------------------------------------------------------------------------
  10.00000  11.00000  12.00000  13.00000  14.00000  15.00000  16.00000
   0.04254   0.21864   0.44048   0.74152   1.04254   1.44048   1.74152   1.91761
   2.04254   2.21864   2.44048   2.74152   3.04254   3.21864
 --------------------/ IGRD= 1  / IPRT= 0  /PLT     / Z1= 8   / DATE= 03.06.09
 -31.07264 -31.07264 -31.07266 -31.07280 -31.07426 -31.08856 -31.21045
 -28.82162 -28.82162 -28.82163 -28.82175 -28.82294 -28.83470 -28.93746
 -27.06017 -27.06017 -27.06018 -27.06027 -27.06120 -27.07042 -27.15322
 -25.79974 -25.79974 -25.79975 -25.79982 -25.80054 -25.80772 -25.87347
 -25.22159 -25.22159 -25.22160 -25.22166 -25.22232 -25.22876 -25.28746
 -24.91929 -24.91929 -24.91929 -24.91935 -24.91992 -24.92555 -24.97608
 -24.84373 -24.84373 -24.84374 -24.84379 -24.84428 -24.84912 -24.89253
 -24.81554 -24.81554 -24.81555 -24.81559 -24.81605 -24.82054 -24.86057
 -24.79288 -24.79288 -24.79288 -24.79293 -24.79338 -24.79773 -24.83607
 -24.75431 -24.75431 -24.75431 -24.75436 -24.75482 -24.75917 -24.79636
 -24.71273 -24.71273 -24.71274 -24.71279 -24.71328 -24.71775 -24.75404
 -24.69462 -24.69462 -24.69463 -24.69468 -24.69518 -24.69961 -24.73349
 -24.71410 -24.71410 -24.71410 -24.71415 -24.71464 -24.71875 -24.74916
 -24.73725 -24.73725 -24.73726 -24.73731 -24.73776 -24.74162 -24.76980
C-------------------------------------------------------------------------------
C                                                                               
C  Low-level line power coefficients  - unfiltered                              
C                                                                               
C                                                                               
C                                                                               
C  CODE     : ADAS810                                                           
C  PRODUCER : Adam Foster                                                       
C  DATE     : 03/06/09                                                          
C                                                                               
C-------------------------------------------------------------------------------
