   18    7   14   17   17     /ARGON              /ADAS810-total           ADF11
 -------------------------------------------------------------------------------
  10.00000  11.00000  12.00000  13.00000  14.00000  15.00000  16.00000
   0.69726   0.87336   1.09520   1.39623   1.69726   2.09520   2.39623   2.57233
   2.69726   2.87336   3.09520   3.39623   3.69726   3.87336
 --------------------/ IGRD= 1  / IPRT= 0  /PLT     / Z1=17   / DATE= 13.05.09
 -74.00000 -74.00000 -74.00000 -74.00000 -74.00000 -74.00000 -74.00000
 -74.00000 -74.00000 -74.00000 -74.00000 -74.00000 -74.00000 -74.00000
 -74.00000 -74.00000 -74.00000 -74.00000 -74.00000 -74.00000 -74.00000
 -74.00000 -74.00000 -74.00000 -74.00000 -74.00000 -74.00000 -74.00000
 -52.26682 -52.26681 -52.26681 -52.26681 -52.26681 -52.26681 -52.26681
 -36.10310 -36.10310 -36.10310 -36.10310 -36.10310 -36.10310 -36.10310
 -30.78336 -30.78336 -30.78336 -30.78336 -30.78336 -30.78336 -30.78336
 -29.03267 -29.03267 -29.03267 -29.03267 -29.03267 -29.03267 -29.03267
 -28.16949 -28.16949 -28.16949 -28.16949 -28.16949 -28.16949 -28.16949
 -27.31987 -27.31987 -27.31987 -27.31987 -27.31987 -27.31987 -27.31987
 -26.66772 -26.66772 -26.66772 -26.66772 -26.66772 -26.66772 -26.66772
 -26.22208 -26.22208 -26.22208 -26.22208 -26.22208 -26.22208 -26.22208
 -26.04344 -26.04344 -26.04344 -26.04344 -26.04344 -26.04344 -26.04344
 -26.00104 -26.00104 -26.00104 -26.00104 -26.00104 -26.00104 -26.00104
C-------------------------------------------------------------------------------
C                                                                               
C  Low-level line power coefficients  - unfiltered                              
C                                                                               
C                                                                               
C                                                                               
C  CODE     : ADAS810                                                           
C  PRODUCER : Adam Foster                                                       
C  DATE     : 13/05/09                                                          
C                                                                               
C-------------------------------------------------------------------------------
