   18    7   14   12   12     /ARGON              /ADAS810-total           ADF11
 -------------------------------------------------------------------------------
  10.00000  11.00000  12.00000  13.00000  14.00000  15.00000  16.00000
   0.39473   0.57082   0.79267   1.09370   1.39473   1.79267   2.09370   2.26979
   2.39473   2.57082   2.79267   3.09370   3.39473   3.57082
 --------------------/ IGRD= 1  / IPRT= 0  /PLT     / Z1=12   / DATE= 02.06.09
 -35.23720 -35.23720 -35.23720 -35.23720 -35.23724 -35.23758 -35.24097
 -31.78019 -31.78019 -31.78019 -31.78019 -31.78022 -31.78050 -31.78327
 -29.05507 -29.05507 -29.05507 -29.05507 -29.05509 -29.05531 -29.05746
 -27.07427 -27.07427 -27.07427 -27.07427 -27.07429 -27.07445 -27.07600
 -26.15283 -26.15283 -26.15283 -26.15283 -26.15285 -26.15297 -26.15423
 -25.68303 -25.68303 -25.68303 -25.68304 -25.68305 -25.68316 -25.68428
 -25.46476 -25.46476 -25.46476 -25.46476 -25.46477 -25.46484 -25.46563
 -25.31013 -25.31013 -25.31013 -25.31013 -25.31013 -25.31019 -25.31074
 -25.20759 -25.20759 -25.20759 -25.20760 -25.20760 -25.20765 -25.20810
 -25.09883 -25.09883 -25.09883 -25.09883 -25.09883 -25.09887 -25.09927
 -25.01768 -25.01768 -25.01768 -25.01768 -25.01769 -25.01773 -25.01811
 -24.98204 -24.98204 -24.98204 -24.98204 -24.98204 -24.98208 -24.98244
 -24.99441 -24.99441 -24.99441 -24.99441 -24.99441 -24.99445 -24.99476
 -25.01618 -25.01618 -25.01618 -25.01618 -25.01618 -25.01621 -25.01650
C-------------------------------------------------------------------------------
C                                                                               
C  Low-level line power coefficients  - unfiltered                              
C                                                                               
C                                                                               
C                                                                               
C  CODE     : ADAS810                                                           
C  PRODUCER : Adam Foster                                                       
C  DATE     : 02/06/09                                                          
C                                                                               
C-------------------------------------------------------------------------------
