   18    7   14    3    3     /ARGON              /ADAS810-total           ADF11
 -------------------------------------------------------------------------------
  10.00000  11.00000  12.00000  13.00000  14.00000  15.00000  16.00000
  -0.80939  -0.63330  -0.41145  -0.11042   0.19061   0.58855   0.88958   1.06569
   1.19061   1.36670   1.58855   1.88958   2.19061   2.36670
 --------------------/ IGRD= 1  / IPRT= 0  /PLT     / Z1= 3   / DATE= 13.05.09
 -33.68672 -34.65140 -35.64771 -36.64733 -37.64730 -38.64729 -39.64729
 -32.28025 -33.23786 -34.23338 -35.23293 -36.23289 -37.23288 -38.23288
 -31.16163 -32.10933 -33.10373 -34.10317 -35.10311 -36.10311 -37.10311
 -30.24762 -31.18183 -32.16906 -33.11517 -33.78425 -34.01410 -34.28299
 -29.31118 -29.67242 -29.74668 -29.75523 -29.75808 -29.77745 -29.92069
 -26.48773 -26.49194 -26.49240 -26.49237 -26.49223 -26.49306 -26.50598
 -25.22154 -25.22173 -25.22174 -25.22175 -25.22196 -25.22398 -25.24661
 -24.80506 -24.80521 -24.80533 -24.80611 -24.80926 -24.82297 -24.88176
 -24.60915 -24.60950 -24.60976 -24.61151 -24.61824 -24.64703 -24.73786
 -24.43329 -24.43418 -24.43471 -24.43808 -24.45077 -24.50458 -24.63317
 -24.32404 -24.32602 -24.32688 -24.33194 -24.35085 -24.42966 -24.58464
 -24.28325 -24.28724 -24.28844 -24.29450 -24.31717 -24.40945 -24.57601
 -24.30002 -24.30657 -24.30801 -24.31396 -24.33646 -24.42582 -24.59248
 -24.32299 -24.33132 -24.33291 -24.33852 -24.36007 -24.44398 -24.60842
C-------------------------------------------------------------------------------
C                                                                               
C  Low-level line power coefficients  - unfiltered                              
C                                                                               
C                                                                               
C                                                                               
C  CODE     : ADAS810                                                           
C  PRODUCER : Adam Foster                                                       
C  DATE     : 13/05/09                                                          
C                                                                               
C-------------------------------------------------------------------------------
