   18    7   14    2    2     /ARGON              /ADAS810-total           ADF11
 -------------------------------------------------------------------------------
  10.00000  11.00000  12.00000  13.00000  14.00000  15.00000  16.00000
  -1.16157  -0.98548  -0.76364  -0.46260  -0.16157   0.23636   0.53740   0.71349
   0.83843   1.01452   1.23636   1.53740   1.83843   2.01452
 --------------------/ IGRD= 1  / IPRT= 0  /PLT     / Z1= 2   / DATE= 13.05.09
 -74.00000 -74.00000 -74.00000 -74.00000 -74.00000 -74.00000 -74.00000
 -74.00000 -74.00000 -74.00000 -74.00000 -74.00000 -74.00000 -74.00000
 -62.95840 -62.95854 -62.95957 -62.96923 -63.05561 -63.50335 -64.37448
 -44.47273 -44.47279 -44.47348 -44.48028 -44.54289 -44.90885 -45.69107
 -35.15733 -35.15736 -35.15771 -35.16112 -35.19268 -35.37263 -35.65193
 -28.90232 -28.90232 -28.90231 -28.90242 -28.90392 -28.91609 -28.95341
 -26.47285 -26.47283 -26.47272 -26.47210 -26.46865 -26.46657 -26.48304
 -25.61761 -25.61759 -25.61747 -25.61676 -25.61299 -25.61323 -25.65487
 -25.18690 -25.18689 -25.18681 -25.18631 -25.18399 -25.19118 -25.28149
 -24.76143 -24.76145 -24.76158 -24.76185 -24.76453 -24.78982 -24.97858
 -24.43641 -24.43651 -24.43708 -24.43901 -24.45159 -24.50658 -24.80756
 -24.22254 -24.22275 -24.22397 -24.22823 -24.25365 -24.34118 -24.72357
 -24.14658 -24.14684 -24.14846 -24.15405 -24.18629 -24.29089 -24.69917
 -24.13614 -24.13640 -24.13811 -24.14398 -24.17747 -24.28671 -24.69667
C-------------------------------------------------------------------------------
C                                                                               
C  Low-level line power coefficients  - unfiltered                              
C                                                                               
C                                                                               
C                                                                               
C  CODE     : ADAS810                                                           
C  PRODUCER : Adam Foster                                                       
C  DATE     : 13/05/09                                                          
C                                                                               
C-------------------------------------------------------------------------------
