   18    7   14    1    1     /ARGON              /ADAS810-total           ADF11
 -------------------------------------------------------------------------------
  10.00000  11.00000  12.00000  13.00000  14.00000  15.00000  16.00000
  -1.76364  -1.58754  -1.36569  -1.06466  -0.76364  -0.36569  -0.06466   0.11143
   0.23636   0.41246   0.63431   0.93534   1.23636   1.41246
 --------------------/ IGRD= 1  / IPRT= 0  /PLT     / Z1= 1   / DATE= 13.05.09
 -74.00000 -74.00000 -74.00000 -74.00000 -74.00000 -74.00000 -74.00000
 -74.00000 -74.00000 -74.00000 -74.00000 -74.00000 -74.00000 -74.00000
 -74.00000 -74.00000 -74.00000 -74.00000 -74.00000 -74.00000 -74.00000
 -74.00000 -74.00000 -74.00000 -74.00000 -74.00000 -74.00000 -74.00000
 -55.15490 -55.15490 -55.15490 -55.15491 -55.15501 -55.15595 -55.16527
 -37.65185 -37.65185 -37.65185 -37.65187 -37.65198 -37.65312 -37.66438
 -31.74341 -31.74341 -31.74341 -31.74343 -31.74357 -31.74498 -31.75882
 -29.74089 -29.74089 -29.74089 -29.74091 -29.74107 -29.74270 -29.75867
 -28.72408 -28.72408 -28.72408 -28.72410 -28.72428 -28.72612 -28.74409
 -27.68656 -27.68656 -27.68657 -27.68659 -27.68683 -27.68918 -27.71204
 -26.82436 -26.82436 -26.82436 -26.82440 -26.82476 -26.82830 -26.86146
 -26.12730 -26.12730 -26.12730 -26.12734 -26.12770 -26.13098 -26.15850
 -25.73519 -25.73519 -25.73519 -25.73521 -25.73531 -25.73561 -25.74214
 -25.59561 -25.59561 -25.59561 -25.59562 -25.59564 -25.59494 -25.59669
C-------------------------------------------------------------------------------
C                                                                               
C  Low-level line power coefficients  - unfiltered                              
C                                                                               
C                                                                               
C                                                                               
C  CODE     : ADAS810                                                           
C  PRODUCER : Adam Foster                                                       
C  DATE     : 13/05/09                                                          
C                                                                               
C-------------------------------------------------------------------------------
