   18    7   14   13   13     /ARGON              /ADAS810-total           ADF11
 -------------------------------------------------------------------------------
  10.00000  11.00000  12.00000  13.00000  14.00000  15.00000  16.00000
   0.46425   0.64035   0.86220   1.16322   1.46425   1.86220   2.16322   2.33931
   2.46425   2.64035   2.86220   3.16322   3.46425   3.64035
 --------------------/ IGRD= 1  / IPRT= 0  /PLT     / Z1=13   / DATE= 13.05.09
 -29.36529 -29.42220 -29.72245 -30.20157 -30.82313 -31.60492 -32.03909
 -29.18769 -29.23226 -29.43197 -29.65860 -29.88204 -29.98699 -30.00898
 -28.03439 -28.03791 -28.04978 -28.06861 -28.10161 -28.11428 -28.11970
 -26.61897 -26.61909 -26.62128 -26.63448 -26.64977 -26.65342 -26.65720
 -25.92062 -25.92090 -25.92352 -25.93098 -25.93446 -25.93535 -25.93945
 -25.55979 -25.55983 -25.55985 -25.55986 -25.55990 -25.56036 -25.56481
 -25.39924 -25.39901 -25.39767 -25.39592 -25.39554 -25.39588 -25.39945
 -25.28527 -25.28501 -25.28350 -25.28177 -25.28143 -25.28172 -25.28458
 -25.20977 -25.20952 -25.20807 -25.20658 -25.20630 -25.20657 -25.20903
 -25.12804 -25.12782 -25.12655 -25.12535 -25.12515 -25.12540 -25.12745
 -25.06975 -25.06950 -25.06845 -25.06753 -25.06738 -25.06760 -25.06930
 -25.05117 -25.05103 -25.05019 -25.04944 -25.04932 -25.04950 -25.05084
 -25.07438 -25.07429 -25.07362 -25.07295 -25.07284 -25.07297 -25.07402
 -25.10018 -25.09996 -25.09926 -25.09856 -25.09844 -25.09854 -25.09945
C-------------------------------------------------------------------------------
C                                                                               
C  Low-level line power coefficients  - unfiltered                              
C                                                                               
C                                                                               
C                                                                               
C  CODE     : ADAS810                                                           
C  PRODUCER : Adam Foster                                                       
C  DATE     : 13/05/09                                                          
C                                                                               
C-------------------------------------------------------------------------------
