   18    7   14    2    2     /ARGON              /ADAS810-total           ADF11
 -------------------------------------------------------------------------------
  10.00000  11.00000  12.00000  13.00000  14.00000  15.00000  16.00000
  -1.16157  -0.98548  -0.76364  -0.46260  -0.16157   0.23636   0.53740   0.71349
   0.83843   1.01452   1.23636   1.53740   1.83843   2.01452
 --------------------/ IGRD= 1  / IPRT= 0  /PLT     / Z1= 2   / DATE= 13.05.09
 -32.34777 -33.34761 -34.34759 -35.34759 -36.34759 -37.34759 -38.34759
 -32.04163 -33.04145 -34.04143 -35.04143 -36.04143 -37.04143 -38.04143
 -31.81239 -32.81221 -33.81219 -34.81219 -35.81219 -36.81219 -37.81219
 -31.65467 -32.65448 -33.65447 -34.65446 -35.65446 -36.65446 -37.65446
 -31.58160 -32.58040 -33.57019 -34.48026 -35.04464 -35.34684 -35.64627
 -28.92609 -28.92703 -28.92706 -28.92676 -28.92799 -28.94120 -28.97978
 -26.48888 -26.48886 -26.48864 -26.48733 -26.48340 -26.48169 -26.49781
 -25.63017 -25.63018 -25.62996 -25.62860 -25.62447 -25.62510 -25.66641
 -25.20574 -25.20587 -25.20571 -25.20463 -25.20202 -25.20927 -25.29728
 -24.80864 -24.80925 -24.80929 -24.80907 -24.81093 -24.83365 -25.00807
 -24.54846 -24.55032 -24.55071 -24.55180 -24.56015 -24.60197 -24.85712
 -24.42918 -24.43355 -24.43439 -24.43645 -24.44932 -24.50279 -24.79560
 -24.41926 -24.42679 -24.42800 -24.43021 -24.44347 -24.49800 -24.78879
 -24.43261 -24.44234 -24.44378 -24.44594 -24.45869 -24.51205 -24.79494
C-------------------------------------------------------------------------------
C                                                                               
C  Low-level line power coefficients  - unfiltered                              
C                                                                               
C                                                                               
C                                                                               
C  CODE     : ADAS810                                                           
C  PRODUCER : Adam Foster                                                       
C  DATE     : 13/05/09                                                          
C                                                                               
C-------------------------------------------------------------------------------
