   18    7   14   11   11     /ARGON              /ADAS810-total           ADF11
 -------------------------------------------------------------------------------
  10.00000  11.00000  12.00000  13.00000  14.00000  15.00000  16.00000
   0.31915   0.49525   0.71710   1.01812   1.31915   1.71710   2.01812   2.19421
   2.31915   2.49525   2.71710   3.01812   3.31915   3.49525
 --------------------/ IGRD= 1  / IPRT= 0  /PLT     / Z1=11   / DATE= 13.05.09
 -29.48523 -29.51766 -29.73592 -30.30684 -31.12390 -32.09253 -33.08914
 -29.33162 -29.36196 -29.55841 -30.04111 -30.79505 -31.75088 -32.73218
 -29.15284 -29.18205 -29.35650 -29.73593 -30.24968 -30.53610 -30.58646
 -27.86462 -27.86655 -27.87601 -27.90561 -27.94565 -27.95631 -27.95869
 -26.63217 -26.63179 -26.63452 -26.65503 -26.67358 -26.67708 -26.67828
 -25.95683 -25.95716 -25.96071 -25.96921 -25.97241 -25.97288 -25.97352
 -25.62670 -25.62665 -25.62698 -25.62753 -25.62767 -25.62771 -25.62805
 -25.40437 -25.40299 -25.40112 -25.39992 -25.39970 -25.39970 -25.39989
 -25.27147 -25.26813 -25.26396 -25.26182 -25.26148 -25.26146 -25.26162
 -25.14126 -25.13422 -25.12591 -25.12249 -25.12200 -25.12197 -25.12212
 -25.06035 -25.04815 -25.03345 -25.02820 -25.02750 -25.02744 -25.02761
 -25.03673 -25.02079 -24.99857 -24.99104 -24.99006 -24.98998 -24.99014
 -25.05744 -25.04259 -25.01503 -25.00545 -25.00419 -25.00408 -25.00422
 -25.07958 -25.06740 -25.03758 -25.02682 -25.02539 -25.02526 -25.02539
C-------------------------------------------------------------------------------
C                                                                               
C  Low-level line power coefficients  - unfiltered                              
C                                                                               
C                                                                               
C                                                                               
C  CODE     : ADAS810                                                           
C  PRODUCER : Adam Foster                                                       
C  DATE     : 13/05/09                                                          
C                                                                               
C-------------------------------------------------------------------------------
