   18    7   14    3    3     /ARGON              /ADAS810-total           ADF11
 -------------------------------------------------------------------------------
  10.00000  11.00000  12.00000  13.00000  14.00000  15.00000  16.00000
  -0.80939  -0.63330  -0.41145  -0.11042   0.19061   0.58855   0.88958   1.06569
   1.19061   1.36670   1.58855   1.88958   2.19061   2.36670
 --------------------/ IGRD= 1  / IPRT= 0  /PLT     / Z1= 3   / DATE= 13.05.09
 -32.06143 -33.06042 -34.06031 -35.06030 -36.06030 -37.06030 -38.06030
 -31.81480 -32.79999 -33.79837 -34.79821 -35.79819 -36.79819 -37.79819
 -31.09193 -32.04677 -33.04189 -34.04140 -35.04135 -36.04135 -37.04135
 -30.23265 -31.16825 -32.15577 -33.10333 -33.77835 -34.01263 -34.28277
 -29.32670 -29.71418 -29.79740 -29.80708 -29.81028 -29.83194 -29.99511
 -26.57626 -26.57787 -26.57806 -26.57807 -26.57810 -26.57887 -26.59188
 -25.25258 -25.25259 -25.25260 -25.25266 -25.25308 -25.25484 -25.27649
 -24.82259 -24.82272 -24.82279 -24.82328 -24.82606 -24.83957 -24.89921
 -24.62400 -24.62438 -24.62453 -24.62556 -24.63130 -24.65963 -24.75235
 -24.45323 -24.45426 -24.45458 -24.45646 -24.46699 -24.51844 -24.64834
 -24.35906 -24.36139 -24.36192 -24.36458 -24.37951 -24.45113 -24.60395
 -24.34068 -24.34537 -24.34617 -24.34906 -24.36561 -24.44396 -24.60212
 -24.37268 -24.38036 -24.38144 -24.38406 -24.39940 -24.47168 -24.62470
 -24.40122 -24.41099 -24.41228 -24.41466 -24.42885 -24.49543 -24.64389
C-------------------------------------------------------------------------------
C                                                                               
C  Low-level line power coefficients  - unfiltered                              
C                                                                               
C                                                                               
C                                                                               
C  CODE     : ADAS810                                                           
C  PRODUCER : Adam Foster                                                       
C  DATE     : 13/05/09                                                          
C                                                                               
C-------------------------------------------------------------------------------
