   18    7   14    3    3     /ARGON              /ADAS810-total           ADF11
 -------------------------------------------------------------------------------
  10.00000  11.00000  12.00000  13.00000  14.00000  15.00000  16.00000
  -0.80939  -0.63330  -0.41145  -0.11042   0.19061   0.58855   0.88958   1.06569
   1.19061   1.36670   1.58855   1.88958   2.19061   2.36670
 --------------------/ IGRD= 1  / IPRT= 0  /PLT     / Z1= 3   / DATE= 13.05.09
 -74.00000 -74.00000 -74.00000 -74.00000 -74.00000 -74.00000 -74.00000
 -57.87386 -57.87387 -57.87389 -57.87414 -57.87660 -57.90051 -58.08680
 -44.36162 -44.36162 -44.36164 -44.36183 -44.36374 -44.38239 -44.53477
 -34.26796 -34.26796 -34.26797 -34.26810 -34.26941 -34.28230 -34.39315
 -29.15188 -29.15188 -29.15189 -29.15196 -29.15274 -29.16042 -29.22924
 -25.99430 -25.99430 -25.99431 -25.99435 -25.99474 -25.99856 -26.03453
 -24.95509 -24.95509 -24.95509 -24.95513 -24.95549 -24.95935 -25.00527
 -24.62191 -24.62191 -24.62192 -24.62198 -24.62262 -24.62936 -24.71314
 -24.46412 -24.46412 -24.46413 -24.46423 -24.46520 -24.47518 -24.59513
 -24.31581 -24.31581 -24.31582 -24.31599 -24.31752 -24.33268 -24.50233
 -24.21657 -24.21657 -24.21659 -24.21682 -24.21895 -24.23942 -24.45209
 -24.17464 -24.17465 -24.17468 -24.17495 -24.17745 -24.20096 -24.43389
 -24.19054 -24.19054 -24.19057 -24.19084 -24.19327 -24.21606 -24.44033
 -24.21532 -24.21532 -24.21534 -24.21559 -24.21788 -24.23928 -24.45101
C-------------------------------------------------------------------------------
C                                                                               
C  Low-level line power coefficients  - unfiltered                              
C                                                                               
C                                                                               
C                                                                               
C  CODE     : ADAS810                                                           
C  PRODUCER : Adam Foster                                                       
C  DATE     : 13/05/09                                                          
C                                                                               
C-------------------------------------------------------------------------------
