   18    7   14   15   15     /ARGON              /ADAS810-total           ADF11
 -------------------------------------------------------------------------------
  10.00000  11.00000  12.00000  13.00000  14.00000  15.00000  16.00000
   0.58855   0.76465   0.98649   1.28753   1.58855   1.98649   2.28753   2.46361
   2.58855   2.76465   2.98649   3.28753   3.58855   3.76465
 --------------------/ IGRD= 1  / IPRT= 0  /PLT     / Z1=15   / DATE= 13.05.09
 -28.23769 -28.23769 -28.23770 -28.23772 -28.23794 -28.24018 -28.26191
 -27.13970 -27.13970 -27.13970 -27.13972 -27.13991 -27.14182 -27.16043
 -26.29748 -26.29748 -26.29748 -26.29750 -26.29770 -26.29967 -26.31890
 -25.72384 -25.72384 -25.72384 -25.72387 -25.72415 -25.72691 -25.75325
 -25.49442 -25.49442 -25.49443 -25.49446 -25.49479 -25.49805 -25.52840
 -25.42795 -25.42795 -25.42796 -25.42799 -25.42829 -25.43128 -25.45884
 -25.39382 -25.39382 -25.39383 -25.39385 -25.39410 -25.39654 -25.41910
 -25.35419 -25.35419 -25.35419 -25.35421 -25.35442 -25.35648 -25.37567
 -25.32317 -25.32317 -25.32317 -25.32319 -25.32337 -25.32523 -25.34253
 -25.29230 -25.29230 -25.29231 -25.29232 -25.29248 -25.29408 -25.30905
 -25.27988 -25.27988 -25.27988 -25.27990 -25.28003 -25.28133 -25.29366
 -25.30354 -25.30354 -25.30354 -25.30355 -25.30365 -25.30463 -25.31402
 -25.35812 -25.35812 -25.35812 -25.35813 -25.35820 -25.35892 -25.36580
 -25.39866 -25.39866 -25.39866 -25.39867 -25.39873 -25.39932 -25.40504
C-------------------------------------------------------------------------------
C                                                                               
C  Low-level line power coefficients  - unfiltered                              
C                                                                               
C                                                                               
C                                                                               
C  CODE     : ADAS810                                                           
C  PRODUCER : Adam Foster                                                       
C  DATE     : 13/05/09                                                          
C                                                                               
C-------------------------------------------------------------------------------
