   18    7   14    4    4     /ARGON              /ADAS810-total           ADF11
 -------------------------------------------------------------------------------
  10.00000  11.00000  12.00000  13.00000  14.00000  15.00000  16.00000
  -0.55952  -0.38342  -0.16157   0.13947   0.44048   0.83843   1.13947   1.31555
   1.44048   1.61658   1.83843   2.13947   2.44048   2.61658
 --------------------/ IGRD= 1  / IPRT= 0  /PLT     / Z1= 4   / DATE= 13.05.09
 -34.08284 -35.07334 -36.07238 -37.07228 -38.07227 -39.07227 -40.07227
 -32.28833 -33.27165 -34.26995 -35.26978 -36.26976 -37.26973 -38.26959
 -30.55879 -31.48011 -32.46983 -33.45333 -34.32259 -34.78729 -35.07127
 -29.36733 -29.84045 -30.05122 -30.08220 -30.08733 -30.10623 -30.25773
 -27.53022 -27.58664 -27.60137 -27.60316 -27.60421 -27.61283 -27.68362
 -25.54746 -25.54693 -25.54697 -25.54716 -25.54775 -25.55066 -25.56625
 -24.83316 -24.83334 -24.83467 -24.83673 -24.84304 -24.85872 -24.88657
 -24.63593 -24.63736 -24.64021 -24.64422 -24.65672 -24.68293 -24.71948
 -24.55982 -24.56245 -24.56643 -24.57176 -24.58827 -24.61975 -24.65879
 -24.51122 -24.51586 -24.52116 -24.52785 -24.54819 -24.58323 -24.62071
 -24.50597 -24.51344 -24.51977 -24.52726 -24.54927 -24.58450 -24.61564
 -24.54185 -24.55368 -24.56055 -24.56806 -24.58906 -24.62203 -24.64392
 -24.59512 -24.61224 -24.61923 -24.62626 -24.64484 -24.67554 -24.69128
 -24.63056 -24.65138 -24.65843 -24.66512 -24.68210 -24.71161 -24.72517
C-------------------------------------------------------------------------------
C                                                                               
C  Low-level line power coefficients  - unfiltered                              
C                                                                               
C                                                                               
C                                                                               
C  CODE     : ADAS810                                                           
C  PRODUCER : Adam Foster                                                       
C  DATE     : 13/05/09                                                          
C                                                                               
C-------------------------------------------------------------------------------
