   18    7   14   14   14     /ARGON              /ADAS810-total           ADF11
 -------------------------------------------------------------------------------
  10.00000  11.00000  12.00000  13.00000  14.00000  15.00000  16.00000
   0.52862   0.70472   0.92656   1.22760   1.52862   1.92656   2.22760   2.40369
   2.52862   2.70472   2.92656   3.22760   3.52862   3.70472
 --------------------/ IGRD= 1  / IPRT= 0  /PLT     / Z1=14   / DATE= 13.05.09
 -30.02709 -30.02709 -30.02709 -30.02710 -30.02719 -30.02816 -30.03773
 -28.30811 -28.30811 -28.30811 -28.30811 -28.30819 -28.30899 -28.31684
 -26.97157 -26.97157 -26.97157 -26.97157 -26.97164 -26.97228 -26.97861
 -26.02989 -26.02989 -26.02989 -26.02990 -26.02996 -26.03059 -26.03683
 -25.62370 -25.62370 -25.62370 -25.62371 -25.62379 -25.62458 -25.63244
 -25.45284 -25.45284 -25.45284 -25.45285 -25.45293 -25.45382 -25.46262
 -25.37936 -25.37936 -25.37936 -25.37937 -25.37944 -25.38015 -25.38719
 -25.31398 -25.31398 -25.31398 -25.31399 -25.31404 -25.31460 -25.32012
 -25.26825 -25.26825 -25.26825 -25.26825 -25.26830 -25.26877 -25.27338
 -25.21887 -25.21887 -25.21887 -25.21887 -25.21891 -25.21927 -25.22291
 -25.18525 -25.18525 -25.18525 -25.18525 -25.18528 -25.18556 -25.18837
 -25.17669 -25.17669 -25.17669 -25.17669 -25.17671 -25.17692 -25.17900
 -25.19631 -25.19631 -25.19631 -25.19631 -25.19633 -25.19649 -25.19807
 -25.21898 -25.21898 -25.21898 -25.21898 -25.21899 -25.21913 -25.22048
C-------------------------------------------------------------------------------
C                                                                               
C  Low-level line power coefficients  - unfiltered                              
C                                                                               
C                                                                               
C                                                                               
C  CODE     : ADAS810                                                           
C  PRODUCER : Adam Foster                                                       
C  DATE     : 13/05/09                                                          
C                                                                               
C-------------------------------------------------------------------------------
