   18    7   14    6    6     /ARGON              /ADAS810-total           ADF11
 -------------------------------------------------------------------------------
  10.00000  11.00000  12.00000  13.00000  14.00000  15.00000  16.00000
  -0.20733  -0.03124   0.19061   0.49164   0.79267   1.19061   1.49164   1.66773
   1.79267   1.96876   2.19061   2.49164   2.79267   2.96876
 --------------------/ IGRD= 1  / IPRT= 0  /PLT     / Z1= 6   / DATE= 13.05.09
 -35.90677 -35.90677 -35.90681 -35.90719 -35.91098 -35.94654 -36.18182
 -32.32761 -32.32761 -32.32763 -32.32785 -32.33006 -32.35141 -32.51775
 -29.34424 -29.34425 -29.34426 -29.34441 -29.34587 -29.36022 -29.47968
 -26.93512 -26.93512 -26.93513 -26.93521 -26.93602 -26.94395 -27.01078
 -25.60434 -25.60434 -25.60435 -25.60448 -25.60570 -25.61635 -25.67780
 -24.78848 -24.78849 -24.78860 -24.78968 -24.79852 -24.83033 -24.89857
 -24.53825 -24.53828 -24.53854 -24.54098 -24.55798 -24.59741 -24.67071
 -24.47057 -24.47061 -24.47093 -24.47396 -24.49390 -24.53525 -24.61062
 -24.44479 -24.44483 -24.44518 -24.44845 -24.46943 -24.51126 -24.58732
 -24.43184 -24.43188 -24.43224 -24.43562 -24.45700 -24.49891 -24.57459
 -24.44260 -24.44263 -24.44297 -24.44615 -24.46645 -24.50707 -24.58060
 -24.48842 -24.48845 -24.48873 -24.49138 -24.50889 -24.54648 -24.61513
 -24.55514 -24.55516 -24.55538 -24.55746 -24.57192 -24.60608 -24.66877
 -24.60112 -24.60114 -24.60132 -24.60311 -24.61590 -24.64808 -24.70718
C-------------------------------------------------------------------------------
C                                                                               
C  Low-level line power coefficients  - unfiltered                              
C                                                                               
C                                                                               
C                                                                               
C  CODE     : ADAS810                                                           
C  PRODUCER : Adam Foster                                                       
C  DATE     : 13/05/09                                                          
C                                                                               
C-------------------------------------------------------------------------------
