   18    7   14   17   17     /ARGON              /ADAS810-total           ADF11
 -------------------------------------------------------------------------------
  10.00000  11.00000  12.00000  13.00000  14.00000  15.00000  16.00000
   0.69726   0.87336   1.09520   1.39623   1.69726   2.09520   2.39623   2.57233
   2.69726   2.87336   3.09520   3.39623   3.69726   3.87336
 --------------------/ IGRD= 1  / IPRT= 0  /PLT     / Z1=17   / DATE= 13.05.09
 -74.00000 -74.00000 -74.00000 -74.00000 -74.00000 -74.00000 -74.00000
 -74.00000 -74.00000 -74.00000 -74.00000 -74.00000 -74.00000 -74.00000
 -74.00000 -74.00000 -74.00000 -74.00000 -74.00000 -74.00000 -74.00000
 -74.00000 -74.00000 -74.00000 -74.00000 -74.00000 -74.00000 -74.00000
 -52.35586 -52.35587 -52.35587 -52.35587 -52.35587 -52.35587 -52.35587
 -36.13655 -36.13655 -36.13655 -36.13655 -36.13655 -36.13655 -36.13655
 -30.80061 -30.80061 -30.80061 -30.80061 -30.80061 -30.80061 -30.80061
 -29.04347 -29.04347 -29.04347 -29.04347 -29.04347 -29.04347 -29.04347
 -28.17506 -28.17506 -28.17506 -28.17506 -28.17506 -28.17506 -28.17506
 -27.32205 -27.32205 -27.32205 -27.32205 -27.32205 -27.32205 -27.32205
 -26.66732 -26.66732 -26.66732 -26.66732 -26.66732 -26.66732 -26.66731
 -26.22093 -26.22093 -26.22093 -26.22093 -26.22093 -26.22093 -26.22093
 -26.04079 -26.04079 -26.04079 -26.04079 -26.04079 -26.04079 -26.04079
 -25.99902 -25.99902 -25.99902 -25.99902 -25.99902 -25.99902 -25.99902
C-------------------------------------------------------------------------------
C                                                                               
C  Low-level line power coefficients  - unfiltered                              
C                                                                               
C                                                                               
C                                                                               
C  CODE     : ADAS810                                                           
C  PRODUCER : Adam Foster                                                       
C  DATE     : 13/05/09                                                          
C                                                                               
C-------------------------------------------------------------------------------
