   18    7   14    7    7     /ARGON              /ADAS810-total           ADF11
 -------------------------------------------------------------------------------
  10.00000  11.00000  12.00000  13.00000  14.00000  15.00000  16.00000
  -0.07344   0.10267   0.32451   0.62554   0.92656   1.32451   1.62554   1.80163
   1.92656   2.10267   2.32451   2.62554   2.92656   3.10267
 --------------------/ IGRD= 1  / IPRT= 0  /PLT     / Z1= 7   / DATE= 13.05.09
 -33.77737 -33.77737 -33.77739 -33.77764 -33.78008 -33.80315 -33.96219
 -30.63146 -30.63146 -30.63147 -30.63157 -30.63256 -30.64226 -30.72552
 -27.99464 -27.99464 -27.99465 -27.99472 -27.99544 -28.00253 -28.06640
 -26.06744 -26.06744 -26.06745 -26.06757 -26.06871 -26.07967 -26.16297
 -25.16189 -25.16189 -25.16192 -25.16217 -25.16470 -25.18839 -25.33497
 -24.66941 -24.66941 -24.66945 -24.66986 -24.67390 -24.71045 -24.89794
 -24.53497 -24.53497 -24.53502 -24.53547 -24.53999 -24.58042 -24.77530
 -24.50288 -24.50289 -24.50294 -24.50342 -24.50818 -24.55045 -24.74686
 -24.48891 -24.48892 -24.48897 -24.48948 -24.49453 -24.53890 -24.73492
 -24.47515 -24.47516 -24.47522 -24.47580 -24.48150 -24.53031 -24.72352
 -24.46653 -24.46654 -24.46660 -24.46729 -24.47400 -24.52912 -24.71614
 -24.47868 -24.47869 -24.47876 -24.47953 -24.48706 -24.54701 -24.72647
 -24.51609 -24.51610 -24.51617 -24.51693 -24.52436 -24.58364 -24.75990
 -24.54728 -24.54729 -24.54736 -24.54808 -24.55514 -24.61221 -24.78781
C-------------------------------------------------------------------------------
C                                                                               
C  Low-level line power coefficients  - unfiltered                              
C                                                                               
C                                                                               
C                                                                               
C  CODE     : ADAS810                                                           
C  PRODUCER : Adam Foster                                                       
C  DATE     : 13/05/09                                                          
C                                                                               
C-------------------------------------------------------------------------------
